#Position (bp)	mapping quality
3882144.5	53.8778749030424
1.16464325E7	56.71687863398521
1.94107205E7	57.365302126671125
2.71750085E7	58.12430585926005
3.49392965E7	58.16913333259037
4.27035845E7	58.173052037419126
5.04678725E7	58.15519263616427
5.82321605E7	58.13180789470236
6.59964485E7	58.16483474001469
7.37607365E7	58.20810662682864
8.15250245E7	58.04409316508046
8.92893125E7	58.1637518601837
9.70536005E7	58.19526760016211
1.048178885E8	56.48934345472931
1.125821765E8	58.043083710170905
1.203464645E8	23.927840796622863
1.281107525E8	10.921938751322585
1.358750405E8	0.0
1.436393285E8	30.324397699254565
1.514036165E8	52.4958031280874
1.591679045E8	57.469933110051244
1.669321925E8	58.143627173957015
1.746964805E8	58.15600600096012
1.824607685E8	58.148213512522474
1.902250565E8	58.19449643321844
1.979893445E8	58.096291004113944
2.057536325E8	57.53312922231834
2.135179205E8	58.132587492934476
2.212822085E8	57.97398445319463
2.290464965E8	56.35795563912173
2.368107845E8	58.04125193951809
2.445750725E8	57.96693887560521
2.487068195E8	52.24265081288154
2.525889635E8	57.83785734449351
2.601036485E8	58.093156084078316
2.678679365E8	58.06483733061532
2.756322245E8	58.16904288818081
2.833965125E8	57.58483182031775
2.911608005E8	58.12713765832491
2.989250885E8	58.17855385407965
3.066893765E8	58.1720130532316
3.144536645E8	58.140011756781405
3.222179525E8	58.05797919690219
3.299822405E8	58.1446974625803
3.377465285E8	40.954526872166035
3.455108165E8	53.790409782744604
3.532751045E8	57.74731300502944
3.610393925E8	52.04348441439185
3.688036805E8	58.05642087732369
3.765679685E8	56.4096786634735
3.843322565E8	57.92335521623429
3.920965445E8	58.1633777217729
3.998608325E8	58.092572284295464
4.076251205E8	58.12983045855758
4.153894085E8	58.02732147738395
4.231536965E8	58.12480360516157
4.309179845E8	58.17323270318756
4.386822725E8	58.21255344442782
4.464465605E8	58.137885271035564
4.542108485E8	58.16308059504286
4.619751365E8	58.13803791944927
4.697394245E8	58.11427395592625
4.775037125E8	58.1295737118496
4.852680005E8	57.99770330083462
4.90150048E8	57.09953534569885
4.94032192E8	58.0595009167624
5.007965765E8	58.14795026427641
5.085608645E8	58.101952727513506
5.163251525E8	58.12933831106146
5.240894405E8	58.15555964773091
5.318537285E8	58.09629176501363
5.396180165E8	58.151411628469546
5.473823045E8	58.16912195251817
5.551465925E8	58.139331254464246
5.629108805E8	58.06010621287346
5.706751685E8	57.953086792259946
5.784394565E8	54.780596636628744
5.862037445E8	43.996579910437205
5.939680325E8	58.13770058814662
6.017323205E8	58.16923185639446
6.094966085E8	58.14234136386351
6.172608965E8	58.038479892203505
6.250251845E8	58.10782895356134
6.327894725E8	58.149118066010836
6.405537605E8	58.16883659027266
6.483180485E8	58.16100838093123
6.560823365E8	58.18685211104509
6.638466245E8	58.22406220940365
6.716109125E8	58.179579617305734
6.793752005E8	57.999694185166334
6.863514275E8	56.9514829611531
6.902335715E8	56.170048077726975
6.949037765E8	55.833609382069476
7.026680645E8	57.5488674729205
7.104323525E8	58.02951140544846
7.181966405E8	58.14363950686884
7.259609285E8	58.1569196925717
7.337252165E8	58.16355456903451
7.414895045E8	35.90768851056405
7.492537925E8	58.1067441899476
7.570180805E8	58.14134019231196
7.647823685E8	58.12363422872478
7.725466565E8	58.138318567306726
7.803109445E8	58.05676352916784
7.880752325E8	58.18547450972099
7.958395205E8	58.16496875054528
8.036038085E8	58.179404277154035
8.113680965E8	58.02851737904414
8.191323845E8	58.196031785520255
8.268966725E8	58.07310283153204
8.346609605E8	58.11697184587285
8.424252485E8	58.137150575149974
8.501895365E8	58.18935375473891
8.579538245E8	58.12321307894238
8.657181125E8	58.13145832745376
8.734824005E8	58.01902780341697
8.78512305E8	52.98818416464369
8.82394449E8	57.724707616476486
8.890109765E8	58.036926232291385
8.967752645E8	57.53420093939223
9.045395525E8	58.076574498113885
9.123038405E8	58.026100646759645
9.200681285E8	58.13761559702769
9.278324165E8	46.18627114829633
9.355967045E8	58.1334635503428
9.433609925E8	58.15373127088151
9.511252805E8	48.04216723332828
9.588895685E8	58.190848065544536
9.666538565E8	58.121746512923316
9.744181445E8	58.146410060146025
9.821824325E8	58.04525424693106
9.899467205E8	58.07376990613081
9.977110085E8	58.164804314824174
1.0054752965E9	58.19031767924465
1.0132395845E9	58.12443674102719
1.0210038725E9	58.17953762096686
1.0287681605E9	58.105090568708064
1.0365324485E9	58.059783085368736
1.0442967365E9	58.16845447672296
1.0520610245E9	57.43546240047004
1.0585707465E9	55.82960412922744
1.0624528905E9	57.36208857233303
1.0675896005E9	58.07000999674469
1.0753538885E9	58.147110213739474
1.0831181765E9	58.126768072075855
1.0908824645E9	56.994184042625704
1.0986467525E9	58.09273674323633
1.1064110405E9	58.12595794192379
1.1141753285E9	58.14122722002223
1.1219396165E9	43.19951893749237
1.1297039045E9	58.109263340261975
1.1374681925E9	58.14911868334265
1.1452324805E9	58.156679108216814
1.1529967685E9	58.163177168558576
1.1607610565E9	58.17384424400457
1.1685253445E9	58.14798771974951
1.1762896325E9	58.15440986672289
1.1840539205E9	58.195238405906274
1.1918182085E9	58.14593428886974
1.1995824965E9	58.18554514801847
1.2073467845E9	58.147377649825344
1.2151110725E9	58.13091089005862
1.2228753605E9	57.478940271452615
1.229380904E9	56.88277917158863
1.233263048E9	57.35456601606692
1.2384039365E9	57.40224300239635
1.2461682245E9	58.14534071225376
1.2539325125E9	58.0947817014302
1.2616968005E9	58.02717610261002
1.2694610885E9	58.07573089755615
1.2772253765E9	58.10689410496722
1.2849896645E9	57.70541065341977
1.2927539525E9	32.827452087560744
1.3005182405E9	57.06372683638534
1.3082825285E9	53.30581751646767
1.3160468165E9	58.19719633978757
1.3238111045E9	58.13357007221418
1.3315753925E9	55.52344321939592
1.3393396805E9	58.16361703670122
1.3471039685E9	58.17045006663736
1.3548682565E9	58.11069050663716
1.3626325445E9	58.100974587898264
1.3703968325E9	58.1596453366056
1.3781611205E9	55.290199768913
1.3859254085E9	57.82083216976423
1.3905789145E9	57.44649666750225
1.3944610585E9	55.94131799999669
1.4014539845E9	51.07240294216452
1.4092182725E9	58.10883869845646
1.4169825605E9	58.087744209688026
1.4247468485E9	58.16807876915319
1.4325111365E9	47.12536061818932
1.4402754245E9	55.37441782800166
1.4480397125E9	58.11275095849876
1.4558040005E9	58.161898593441066
1.4635682885E9	58.048268273966386
1.4713325765E9	58.166079739792664
1.4790968645E9	53.73781359836834
1.4868611525E9	58.176769805715956
1.4946254405E9	58.1629723685219
1.5023897285E9	58.18958627430693
1.5101540165E9	58.13903486386352
1.5179183045E9	58.055630167250314
1.5256825925E9	58.054325077117916
1.5330268245E9	57.89228502533749
1.5369089685E9	55.50784855380461
1.5412111685E9	58.143423297963565
1.5489754565E9	58.12461505623469
1.5567397445E9	58.16067959058905
1.5645040325E9	58.18471000171815
1.5722683205E9	55.72080713778942
1.5800326085E9	25.33291589209233
1.5877968965E9	0.0
1.5955611845E9	18.46310308045288
1.6033254725E9	37.40768024492726
1.6110897605E9	58.136826095898336
1.6188540485E9	58.028201304813
1.6266183365E9	58.01954186340524
1.6343826245E9	57.96349658091738
1.6421469125E9	58.1170784277039
1.6499112005E9	58.01909987145889
1.6576754885E9	58.146096228939506
1.6654397765E9	58.129044458100665
1.672102775E9	57.11869173407882
1.675984919E9	56.88821875851517
1.6809683525E9	58.03643313885242
1.6887326405E9	58.18043619943569
1.6964969285E9	58.082700722502324
1.7042612165E9	58.10603299105657
1.7120255045E9	44.5912744252995
1.7197897925E9	44.88319720905493
1.7275540805E9	57.888462682877226
1.7353183685E9	58.17779225398308
1.7430826565E9	58.15872974994407
1.7508469445E9	58.056021898272725
1.7586112325E9	57.520600293564776
1.7663755205E9	58.142894272478124
1.7741398085E9	58.17091930132024
1.7819040965E9	58.09427907798173
1.7896683845E9	58.07658351975407
1.7974326725E9	58.076431925093395
1.804997934E9	56.579603173959306
1.808880078E9	43.03885819174093
1.8129612485E9	57.269276412217145
1.8207255365E9	58.10555544104233
1.8284898245E9	58.11400692112616
1.8362541125E9	58.09583253483098
1.8440184005E9	58.160183579842354
1.8517826885E9	58.13309036220709
1.8595469765E9	35.71695776992578
1.8673112645E9	58.084664900760124
1.8750755525E9	58.08862691368979
1.8828398405E9	58.10857710514553
1.8906041285E9	58.11886632515443
1.8983684165E9	56.872652536635016
1.9061327045E9	58.11126279380757
1.9138969925E9	58.1562838283577
1.9216612805E9	58.08589037728889
1.9294255685E9	58.10810850749373
1.9371898565E9	58.06558381303176
1.942419837E9	57.99375403188716
1.946301981E9	57.82324715063513
1.9527184325E9	57.89310218432233
1.9604827205E9	58.183153220246446
1.9682470085E9	58.16396594542619
1.9760112965E9	45.91072100570033
1.9837755845E9	54.18575067299142
1.9915398725E9	58.16005403275221
1.9993041605E9	58.13602353093353
2.0070684485E9	58.119272232501416
2.0148327365E9	58.17609486637182
2.0225970245E9	58.18787053464
2.0303613125E9	58.154027571457576
2.0381256005E9	58.14546550826973
2.0458898885E9	58.18762566151685
2.0536541765E9	58.15273174148241
2.0614184645E9	58.16552862353836
2.0691827525E9	58.057071575938494
2.0750539395E9	57.83335361725273
2.0789360835E9	0.0
2.0847113285E9	0.0
2.0924756165E9	11.77870877777405
2.1002399045E9	58.08998817423354
2.1080041925E9	58.115308800527515
2.1157684805E9	58.09992994029452
2.1235327685E9	58.088622882304705
2.1312970565E9	57.65353349017443
2.1390613445E9	58.03259857428345
2.1468256325E9	58.1763427183886
2.1545899205E9	58.17687477669976
2.1623542085E9	58.233295296826846
2.1701184965E9	58.18262795503612
2.1778827845E9	58.139057961606895
2.1856470725E9	57.8717000619302
2.1904682635E9	57.870821573897416
2.1943504075E9	0.0
2.2011756485E9	0.0
2.2089399365E9	40.752524161436206
2.2167042245E9	58.131619415039104
2.2244685125E9	58.18877039824232
2.2322328005E9	58.17988137782532
2.2399970885E9	58.20591682989693
2.2477613765E9	58.193124263816806
2.2555256645E9	58.16488026004916
2.2632899525E9	58.1420693596676
2.2710542405E9	58.08683416496464
2.2788185285E9	58.083659733407174
2.2865828165E9	58.11813264175427
2.2943471045E9	57.8477208789183
2.2983401385E9	58.152980051950244
2.3022222825E9	0.0
2.3098756805E9	0.0
2.3176399685E9	24.278365151520994
2.3254042565E9	53.092480462313766
2.3331685445E9	55.55955108690775
2.3409328325E9	57.78762927507342
2.3486971205E9	58.149729425013916
2.3564614085E9	58.138303391661275
2.3642256965E9	58.14557116502675
2.3719899845E9	57.55589188719397
2.3797542725E9	56.53014442211664
2.3875185605E9	57.96654394656309
2.3952828485E9	58.06777274430729
2.399803605E9	54.97686015702247
2.403685749E9	57.688697451779824
2.4108114245E9	58.13387809826034
2.4185757125E9	50.94339204715611
2.4263400005E9	54.73670343306805
2.4341042885E9	39.81137342226573
2.4418685765E9	1.8443988104817817
2.4496328645E9	45.83741808477873
2.4573971525E9	58.09123638298393
2.4651614405E9	58.19202529403236
2.4729257285E9	57.146395103301174
2.4806900165E9	58.09580401153861
2.4876763615E9	57.30374543206465
2.4915585055E9	57.15798355422277
2.4962185925E9	58.113650566671204
2.5039828805E9	57.93785788366348
2.5117471685E9	43.75954228541311
2.5195114565E9	49.10729349595888
2.5272757445E9	55.43673990532656
2.5350400325E9	55.17865675161175
2.5428043205E9	58.14966734283314
2.5505686085E9	58.04912326954764
2.5583328965E9	57.957672464209004
2.5660971845E9	58.11101309625918
2.572008666E9	57.61545430600452
2.57589081E9	56.37210205682947
2.5816257605E9	58.09301229262918
2.5893900485E9	28.865226318192867
2.5971543365E9	53.26409014857589
2.6049186245E9	58.148936025089235
2.6126829125E9	58.10990619254811
2.6204472005E9	57.945064361657195
2.6282114885E9	58.12934779604536
2.6359757765E9	58.16679367581926
2.6437400645E9	58.129494618867945
2.6510167485E9	57.82459367437791
2.6548988925E9	48.952100558545276
2.6592686405E9	58.04222382277871
2.6670329285E9	57.49275933997498
2.6747972165E9	58.17069545383673
2.6825615045E9	57.216522497691784
2.6903257925E9	55.721047934846446
2.6980900805E9	58.13712813048655
2.7058543685E9	57.235777441884444
2.7113827085E9	58.083640134796525
2.7152648525E9	58.03743940758449
2.7213829445E9	58.08501784961329
2.7291472325E9	58.12042659702291
2.7369115205E9	38.724140062615305
2.7446758085E9	46.39176758499671
2.7524400965E9	58.14579507546011
2.7602043845E9	58.06056227731311
2.7679686725E9	58.07803736407286
2.774661944E9	57.779212017790165
2.778544088E9	0.0
2.7834972485E9	23.94202219195054
2.7912615365E9	53.54322568132749
2.7990258245E9	58.21220999437184
2.8067901125E9	58.1696973381182
2.8145544005E9	57.957164015575714
2.8213097995E9	55.96218182749513
2.8251919435E9	0.0
2.8300829765E9	0.0
2.8378472645E9	38.16996063754444
2.8456115525E9	53.470889230481575
2.8533758405E9	58.13743375598687
2.8611401285E9	58.13813322988237
2.8689044165E9	58.10089512040846
2.8738940415E9	57.620400797631625
2.8777761855E9	56.63255596927464
2.8844329925E9	58.02036967721868
2.8921972805E9	58.123503506574814
2.8999615685E9	58.24940317183756
2.9077258565E9	58.18442752896218
2.9154901445E9	58.15556813295078
2.9232544325E9	56.51839088021661
2.9310187205E9	44.92857537971949
2.9387830085E9	47.56540471531439
2.9465472965E9	55.97496441448198
2.9543115845E9	58.15331303508701
2.9620758725E9	57.90154704142689
2.9698401605E9	57.933182135794
2.9776044485E9	56.21980424672945
2.9853687365E9	58.19461856124771
2.9931330245E9	56.74129723906128
3.0008973125E9	58.15566168078509
3.0086616005E9	57.39319693953084
3.0164258885E9	56.24912474863022
3.0241901765E9	57.22313561089516
3.029557369E9	53.35630205976099
3.033439513E9	50.31940223330146
3.0397187525E9	23.640445597785703
3.0474830405E9	7.757547333265622
3.0552473285E9	11.057729870612325
3.0630116165E9	0.0
3.0707759045E9	0.0
3.0785401925E9	0.0
3.0853460845E9	45.97409937936993
3.088278117E9	58.184999226449136
3.088373929E9	47.59757339841625
3.0884774725E9	51.02204151992227
3.0885573295E9	56.1399101664263
3.0886546005E9	25.540647245080734
3.0887081185E9	42.874641310399696
3.0887493115E9	36.012693369507566
3.088858438E9	28.137856344942442
3.088966832E9	53.081882303125916
3.089008063E9	48.19058542387465
3.089109657E9	10.757794683359545
3.089267292E9	7.966468388825808
3.08942189E9	9.945868568571226
3.089604443E9	36.75340684780867
3.089755642E9	50.16924248914643
3.0898220175E9	16.80297880167611
3.0898610755E9	19.938514240358934
3.089968525E9	37.13174038568192
3.0900764725E9	36.52698024491483
3.090141311E9	8.406022928972051
3.090191469E9	0.14986308190191686
3.090297168E9	31.504064556880014
3.090503609E9	32.50229057979203
3.0907062205E9	46.992065620124805
3.09089898E9	37.49016915022419
3.091013772E9	53.415965665825006
3.091052607E9	53.89966186914265
3.0911587895E9	47.67120820906467
3.091267064E9	56.915746964904876
3.0915130575E9	8.0653071409038
3.092673561E9	23.0339840211624
3.093702736E9	45.92767983469982
3.093935951E9	32.97959054251052
3.094132646E9	30.797170075023367
3.0942642985E9	11.916867434280805
3.094360447E9	54.23230461841697
3.0944711045E9	9.338827820174108
3.0946435155E9	16.836236300907217
3.094747446E9	37.547640892305935
3.0948598115E9	9.517492693421413
3.0950026905E9	38.226869290104126
3.095104297E9	43.9002327203147
3.095190977E9	11.857944656608026
3.0952465895E9	0.0
3.0952663465E9	23.21505376344086
3.095268566E9	0.9902173913043478
3.0952706195E9	2.807409607246269
3.0952723265E9	8.256285482562856
3.0952838005E9	15.915556814961745
3.0952967465E9	24.048900594243474
3.095299555E9	0.9474279253815715
3.0953008775E9	0.895483870967742
3.0953027375E9	0.9949367088607595
3.0953043745E9	0.993103448275862
3.095311073E9	2.2342674362005424
3.0953361175E9	0.9497354497354498
3.095355552E9	0.0
3.0953574645E9	29.948505747126436
3.095360032E9	7.093105183694011
3.095361791E9	1.7140653917334978
3.095363378E9	16.623231667748215
3.095365611E9	32.359959700633276
3.0953678415E9	22.595541401273884
3.095369933E9	10.431718061674008
3.095371677E9	21.33175355450237
3.09537289E9	2.975510204081633
3.0953743225E9	2.1010273972602738
3.095375945E9	23.364684014869887
3.095572656E9	45.623627217629554
3.095769303E9	48.26642702198353
3.0957708065E9	13.401975375456637
3.0957736535E9	51.43802453064895
3.095822105E9	47.279367220242946
3.095924849E9	22.537297358364654
3.095983129E9	55.78867803152139
3.095986364E9	23.340263039155065
3.0959887305E9	50.21734258769336
3.0959909825E9	28.994279441876174
3.095993051E9	47.94144586195617
3.0959946765E9	52.633275261324044
3.096006671E9	39.87702320257629
3.0960870785E9	41.80683984552681
3.0961589785E9	49.29327350934441
3.096165879E9	48.79089181672896
3.096173123E9	50.85919365040657
3.09617898E9	48.547608058379595
3.096183283E9	52.92157434081763
3.096185859E9	21.161946259985477
3.0961883E9	10.352647629609093
3.0961908755E9	4.819794429708223
3.096192456E9	55.87012987012987
3.096238607E9	46.45901802880035
3.0962848625E9	8.457789613848202
3.096286263E9	0.0
3.0962877625E9	41.12626205331821
3.096289947E9	19.795754905887065
3.096292208E9	57.62796833773087
3.0962965075E9	4.526006268267775
3.096315547E9	18.924591888368475
3.0963533005E9	32.977507058570176
3.09637788E9	50.323146693769445
3.096382479E9	49.01049268378119
3.0963879875E9	27.159516928158546
3.0963943185E9	33.436587049967905
3.096398918E9	17.26207874359254
3.0964033365E9	32.99052864676744
3.0964070605E9	39.684346924671736
3.0964084065E9	0.9686274509803922
3.0964096105E9	3.965090587715422
3.096411644E9	22.888634057183317
3.0964135175E9	45.24300441826215
3.0964147555E9	0.988795518207283
3.0964161835E9	59.36395759717315
3.0964174105E9	19.33652445685156
3.096418484E9	23.736183028307025
3.096419946E9	39.246353961371696
3.096422275E9	5.425949367088608
3.0964254675E9	22.051103368176538
3.0964313925E9	2.627785155673602
3.0964360765E9	0.9251012145748988
3.096437123E9	0.0
3.0964382945E9	0.0
3.096440137E9	14.229823212913145
3.096442099E9	0.9850374064837906
3.096443439E9	1.0
3.0964449505E9	17.0
3.0964464985E9	0.0
3.0964475915E9	27.87683284457478
3.0964489705E9	0.0
3.0964506065E9	0.0
3.0964522235E9	0.0
3.0964537525E9	0.0
3.0964552355E9	0.0
3.09645655E9	0.0
3.0964580005E9	3.949563145353455
3.0964594605E9	0.8847184986595175
3.096462063E9	46.68252244011206
3.0964647385E9	0.0
3.0964666345E9	2.8597122302158273
3.0964687875E9	5.508256880733945
3.096470338E9	0.0
3.0964722525E9	0.99581589958159
3.096474844E9	6.709886547811993
3.0964802425E9	55.60059444206269
3.0964880595E9	55.8024004942194
3.0965833285E9	30.946828729906635
3.0967643755E9	52.56041823051347
3.0969348755E9	15.679379917032467
3.097105623E9	38.86732449667226
3.0972741855E9	8.73105538690435
3.0973604055E9	3.25260703914344
3.097450029E9	23.307086446774456
3.0976374775E9	45.383095546920934
3.0978270425E9	34.760849063361015
3.0979310955E9	30.235169015758952
3.097952041E9	5.411030741410488
3.0979864125E9	54.72083397332372
3.098119023E9	20.55473716175258
3.098265051E9	15.414548713368507
3.098391091E9	53.12651910379007
3.0985448955E9	37.81318709997513
3.0986946915E9	37.45508968606409
3.098783935E9	0.0
3.0988292795E9	31.324801141147685
3.098880847E9	17.140770119402017
3.098919304E9	38.915952977203446
3.0989774605E9	27.059229143572967
3.099052881E9	41.17183800593941
3.0991573655E9	29.162003057994376
3.099319594E9	29.81648394613765
3.0995012675E9	23.219978891650705
3.099670145E9	47.99773475111779
3.09983663E9	0.0
3.0999236415E9	54.94681844297616
3.099926258E9	54.15660654263125
3.0999293305E9	56.62111740334878
3.0999317075E9	51.74527641707488
3.099933225E9	45.30177012609117
3.099934473E9	51.607894736842105
3.099935544E9	38.13081861958266
3.099936873E9	55.723329937418136
3.0999392435E9	55.428150480342296
3.0999417715E9	58.217814918935574
3.099944294E9	58.162887361619816
3.099947122E9	48.845849158979924
3.099949542E9	21.161040231831695
3.099951465E9	0.0
3.0999532635E9	0.0
3.0999548975E9	0.0
3.099956276E9	0.0
3.0999589355E9	59.225885647039725
3.099961492E9	0.0
3.0999627755E9	59.47565543071161
3.099966206E9	52.090289796000185
3.099971928E9	0.0
3.0999763185E9	58.59112687214698
3.0999787225E9	32.7125328659071
3.099980804E9	0.9023199023199023
3.099982934E9	32.49044868947134
3.0999846185E9	51.27216174183515
3.0999859675E9	59.02811087084726
3.099987108E9	0.0
3.0999883185E9	29.23057216054654
3.099989888E9	20.73242095327985
3.0999934275E9	55.26213864607448
3.099997199E9	48.00646913040309
3.0999989405E9	37.07537688442211
3.100000503E9	46.441333808844504
3.100002242E9	51.57575284755812
3.100004537E9	54.688383609787266
3.100007437E9	53.7574931880109
3.1000093805E9	56.07764623955432
3.1000104305E9	42.7140549273021
3.100011833E9	42.27299154334038
3.1000136915E9	52.11258887494772
3.1000154645E9	22.17416576964478
3.100017134E9	55.76097722020469
3.1000187915E9	48.8156737305078
3.100020568E9	52.00048626306832
3.1000221625E9	0.0
3.1000236955E9	44.2681103377159
3.1000264625E9	41.21454459190532
3.100029677E9	57.485438660356756
3.100031578E9	0.0
3.1000326205E9	58.683673469387756
3.100033658E9	0.0
3.100035464E9	43.03110570516595
3.1000409715E9	37.855509996503606
3.1000479435E9	5.0455400628540845
3.100051797E9	52.38042712226375
3.100053416E9	50.947421131697546
3.10005829E9	46.729113224960216
3.1000639665E9	28.313524280298882
3.1000665115E9	24.03417707999573
3.100068816E9	24.872093023255815
3.100070957E9	51.09798465934727
3.1000725955E9	58.63532979529947
3.10007379E9	36.354266177283925
3.1000757855E9	58.444518012459746
3.1000785755E9	58.8840607874383
3.1000897445E9	57.419816402310445
3.1001009405E9	56.10462928114415
3.1001076425E9	58.6216053924678
3.1001174535E9	0.0
3.10012562E9	58.045882343202905
3.1001304845E9	55.71279994056905
3.1001326025E9	37.84842421210605
3.100134138E9	19.657873582040672
3.100136976E9	58.217174937621294
3.1001412695E9	56.66922418626612
3.1001454075E9	0.0
3.1001489115E9	0.0
3.1001523505E9	0.0
3.1001553555E9	33.873161394317954
3.1001569595E9	59.220365810763276
3.1001596515E9	55.775211407726744
3.100164687E9	0.0
3.100169456E9	58.64588621638413
3.100173756E9	57.113280457987955
3.100178605E9	0.0
3.100182461E9	58.62293054887683
3.1001845245E9	10.492420189049403
3.100186698E9	57.50599004975125
3.1001901715E9	57.84376217058289
3.1001926785E9	44.01904097298375
3.1001942255E9	0.0
3.100196577E9	58.057437262034504
3.100199826E9	58.334189774799306
3.1002050385E9	0.0
3.1002116325E9	58.55817205730235
3.100215983E9	57.76789416526804
3.100218536E9	0.0
3.1002222875E9	0.0
3.100226716E9	0.0
3.100230998E9	57.31713980282694
3.10023432E9	59.23694360471177
3.100237109E9	27.031298047355474
3.100241596E9	58.54714671779124
3.1002465235E9	58.16909222824464
3.100249222E9	56.2032598274209
3.1002504975E9	57.712229085959585
3.1002526125E9	57.958190492172704
3.1002555955E9	58.18624737016942
3.1002585615E9	57.548883086742094
3.1002608765E9	55.26443435301163
3.100264232E9	0.0
3.1002683515E9	10.531343283582089
3.1002730005E9	58.210999331478725
3.100276567E9	55.99264827358335
3.1002785615E9	56.51028863576037
3.1002805655E9	37.64161181284469
3.1002818545E9	59.14198161389172
3.100283864E9	58.364534810524994
3.100286221E9	0.0
3.1002886105E9	16.835821805106953
3.100297238E9	0.0
3.100308266E9	0.0
3.1003148695E9	0.0
3.1003201675E9	58.93431091391159
3.100323191E9	56.45288501452885
3.100327556E9	58.60899370414694
3.1003361335E9	57.553196311843266
3.100341505E9	38.48075450898735
3.100343284E9	57.94518142429043
3.1003451525E9	57.53093539737947
3.10034797E9	58.68905042801247
3.1003522945E9	58.56888024866747
3.1003595775E9	56.95661070724885
3.100367519E9	57.69414451382694
3.1003726985E9	58.56079127810208
3.1003758895E9	58.82357790601814
3.1003787135E9	0.0
3.1003813635E9	0.0
3.100384543E9	58.76071882019728
3.100388122E9	28.882707174507402
3.100390936E9	57.80811744757571
3.1003962175E9	58.27347897050823
3.1004020815E9	58.58376408971878
3.1004062135E9	37.16652519099216
3.100409423E9	53.46629288479509
3.1004119315E9	57.970749542961606
3.100414125E9	58.86327227136589
3.100417918E9	58.4560201511335
3.100423028E9	58.106974397226914
3.1004269835E9	58.30003111065021
3.1004299135E9	0.0
3.100431937E9	0.0
3.100433132E9	0.0
3.100434876E9	0.0
3.1004377605E9	53.81363885743635
3.1004408225E9	57.11975250626566
3.1004441155E9	0.0
3.1004490815E9	57.84759584615067
3.100453243E9	0.0
3.1004556705E9	0.0
3.1004587745E9	58.950825665712024
3.100461398E9	47.47871807711567
3.100462798E9	42.90174393874947
3.1004649905E9	58.16674245869334
3.100471036E9	0.0
3.1004779445E9	57.748002910609486
3.1004820575E9	50.77972337189147
3.100486718E9	58.55739043565131
3.1004910255E9	0.0
3.10049749E9	0.0
3.1005038655E9	0.0
3.1005113075E9	0.0
3.100520375E9	57.64082146702147
3.100524579E9	58.583472724329575
3.100528576E9	57.563661852707924
3.100533401E9	58.317827894937835
3.1005371995E9	57.951289101001194
3.100540127E9	0.0
3.100544135E9	58.03982635909343
3.1005486665E9	57.548980437978216
3.1005512115E9	55.89329061439879
3.100552639E9	53.28593765269227
3.1005539095E9	55.46511627906977
3.1005560785E9	57.68447223407611
3.100558656E9	57.71377417903734
3.100561947E9	0.0
3.10056789E9	0.0
3.100573138E9	0.0
3.100576513E9	58.1410186083801
3.100580371E9	57.87307834389475
3.100591292E9	14.836024976938905
3.100602639E9	0.0
3.100606305E9	56.5784480098735
3.100608874E9	57.51286292105392
3.1006116575E9	57.900218075110296
3.1006156585E9	58.44244859371307
3.100620518E9	57.88977476579629
3.1006254325E9	58.30286689114503
3.1006312815E9	0.0
3.1006367155E9	41.91983429600401
3.100640534E9	58.95861833105335
3.100643878E9	56.21159268556744
3.100647993E9	58.427978747827225
3.1006508345E9	56.21483771251932
3.100653317E9	57.75787710245929
3.1006563755E9	57.07523939808482
3.1006598935E9	57.711787296107474
3.1006649805E9	57.79797016552006
3.1006712605E9	59.105282685008135
3.1006757165E9	57.14173998044966
3.100677201E9	20.73908798383468
3.10067847E9	23.563344594594593
3.100683289E9	57.4688027547039
3.1006885805E9	58.49381682339302
3.100691006E9	56.7578226338666
3.1006942785E9	0.0
3.1006969395E9	0.9015317286652079
3.1006991355E9	50.048488813100874
3.1007016905E9	54.82038138199713
3.100704182E9	57.892456277734276
3.100706833E9	40.861265332409154
3.100708945E9	0.0
3.100712266E9	0.0
3.10071577E9	57.2072982774252
3.100717503E9	53.54218846232806
3.100719116E9	59.19059431173332
3.1007206285E9	0.0
3.1007221265E9	50.34618063617367
3.100724699E9	58.45195374800638
3.1007268945E9	0.0
3.1007289465E9	0.0
3.1007309285E9	0.0
3.1007330965E9	58.718098443994094
3.1007392415E9	0.0
3.1007470865E9	57.967485623143446
3.1007528755E9	0.0
3.1007561985E9	56.9132377459153
3.1007588475E9	58.03195216158298
3.100761762E9	37.93617193836172
3.1007635275E9	0.0
3.100764747E9	37.911443358251866
3.1007667445E9	52.43600701479577
3.1007691425E9	55.66894399913927
3.100772442E9	0.0
3.100775528E9	53.157379296836744
3.100781116E9	58.51711280582437
3.10079114E9	58.17687018984095
3.100797975E9	51.18298981996891
3.1008007345E9	58.90240115918029
3.100804877E9	58.05050748281301
3.100809349E9	0.0
3.1008114985E9	60.0
3.1008137425E9	12.390087033202976
3.1008164375E9	10.815584200044258
3.100825815E9	28.77471914503176
3.100837982E9	9.833712392960177
3.100842972E9	46.2546499172266
3.1008451085E9	54.22934579439252
3.10084822E9	56.474109965917954
3.1008510465E9	52.323540830852856
3.100852321E9	0.0
3.1008571395E9	58.056738267234365
3.1008619615E9	8.198598130841122
3.1008648315E9	58.58144257084842
3.100868278E9	58.71923157624787
3.100873156E9	52.95903195868929
3.1008795525E9	49.29345565466562
3.100884274E9	40.29516333032698
3.10088846E9	19.998355335614328
3.1008916615E9	12.208169779579865
3.10089384E9	37.652385293223944
3.1008970555E9	57.44118379475238
3.1008998325E9	34.87364966498017
3.100902708E9	43.92783632217908
3.1009063655E9	44.65338768656304
3.1009089965E9	44.722488913915676
3.1009125255E9	40.824866344856225
3.1009156975E9	51.449331776307254
3.100917935E9	43.86432211514204
3.1009210515E9	48.622929185576204
3.1009240305E9	47.34409958324194
3.100926116E9	45.11591903084724
3.1009275335E9	13.987253027405991
3.100928649E9	41.25632649305236
3.1009304855E9	41.608882801800036
3.100935775E9	58.81131551452793
3.1009404825E9	0.0
3.1009433075E9	26.089669915860906
3.100962012E9	9.749641619200883
3.100979643E9	2.8308247239045246
3.1009826315E9	43.063901372823494
3.100986095E9	50.96141329614133
3.100988659E9	24.317150157823537
3.1009913515E9	45.92638233175962
3.100994484E9	35.02553310886644
3.100999235E9	48.77472600585489
3.1010045095E9	53.549605710565025
3.101007663E9	56.501380534464055
3.101009454E9	47.77702243371856
3.1010139635E9	0.0
3.10102777E9	0.0
3.101038557E9	48.60983878258249
3.1010399745E9	0.0
3.10104147E9	59.52622673434856
3.101043057E9	0.0
3.101044461E9	59.36028431808085
3.101046252E9	54.75803832413121
3.101048543E9	58.109262446611844
3.101051444E9	58.145683748972324
3.101053714E9	0.0
3.101055658E9	58.77403846153846
3.1010593945E9	57.94011507736998
3.1010636115E9	58.44633498945076
3.101066684E9	33.62637362637363
3.101069485E9	0.0
3.10107171E9	53.064039408866996
3.1010747125E9	0.0
3.101082788E9	0.0
3.1010891985E9	0.0
3.101090371E9	0.0
3.101091454E9	0.0
3.1010926105E9	0.0
3.101093789E9	0.0
3.101094954E9	0.0
3.1010960955E9	0.0
3.1010976565E9	59.15389331698344
3.1010992105E9	15.0
3.1011004015E9	56.26062322946176
3.101103073E9	57.70394507000618
3.101108811E9	0.0
3.1011134185E9	35.98583780560525
3.1011171035E9	57.75547445255474
3.1011208445E9	37.956882806271594
3.1011223705E9	58.53956779204799
3.1011236055E9	58.2979093470623
3.101126918E9	58.70773529362849
3.101130602E9	25.358493524412808
3.1011321595E9	19.0
3.101133927E9	0.0
3.1011356635E9	58.167272727272724
3.1011368845E9	50.07972606279881
3.1011381815E9	0.0
3.10113931E9	57.111517367458866
3.1011404165E9	0.0
3.101141667E9	59.123896126606624
3.101143503E9	42.582764133120186
3.1011454715E9	57.75193470630524
3.101147397E9	58.93360213494228
3.1011501335E9	4.496744186046512
3.101157518E9	55.15521188224936
3.1011645045E9	57.50287581097869
3.1011668885E9	21.942276930058426
3.1011686545E9	11.61044613710555
3.1011709785E9	57.603709126403125
3.101173445E9	2.2334096109839816
3.101205684E9	37.90248548275203
3.1012403025E9	50.09072114453645
3.1012453615E9	53.28078506655889
3.1012505225E9	53.236365993398
3.1012614495E9	35.63166175489338
3.1012739195E9	38.17475302989221
3.101281912E9	55.247827322225724
3.1012871705E9	49.99791221712942
3.101295694E9	47.276526156278564
3.1013044905E9	51.566085576688344
3.1013083555E9	51.68289622723708
3.1013114625E9	51.81180047126146
3.101316135E9	40.800049672353516
3.1013198035E9	40.84971590909091
3.101320917E9	0.0
3.101322018E9	54.34117003827228
3.1013238925E9	22.621508720748743
3.101326703E9	20.09012562650524
3.1013294495E9	14.661823940230631
3.1013318685E9	6.028432047963952
3.1013343305E9	6.847802264702302
3.101336736E9	27.09446016983421
3.101339303E9	12.850895890228468
3.101342702E9	42.77031726743382
3.101345195E9	45.14792663476874
3.1013472335E9	51.30706781279847
3.101349218E9	0.0
3.1013517465E9	57.21936786737425
3.101354867E9	52.75044708177532
3.1013568785E9	50.58186163856062
3.101370363E9	57.60938685875134
3.1013921985E9	57.90752973850598
3.1014090845E9	57.15604962910952
3.101423574E9	57.945465254376394
3.101436092E9	1.8675496688741722
3.1014467775E9	58.20169573309437
3.10145676E9	57.35763403133998
3.1014665925E9	58.3004689132389
3.101476343E9	57.48355111749804
3.1014858855E9	53.776890421320175
3.1014950245E9	0.0
3.101503724E9	0.0
3.1015121195E9	43.70801678613936
3.101520406E9	0.0
3.101528602E9	58.751642494747095
3.101536693E9	57.73716743809389
3.1015446345E9	56.827710386656555
3.1015524055E9	58.357241695286625
3.1015601115E9	0.0
3.101567702E9	57.83895189231148
3.1015751255E9	0.0
3.1015823905E9	57.0688960499704
3.101589504E9	30.353034850878945
3.101596546E9	0.0
3.101603554E9	0.0
3.1016105495E9	57.8821887335616
3.101617536E9	52.96306306306306
3.101624424E9	0.0
3.101631085E9	55.47244030756779
3.1016374705E9	56.59816560509554
3.1016435565E9	58.01346059847561
3.1016494765E9	0.0
3.1016553825E9	57.72607486400934
3.101661271E9	0.0
3.1016671275E9	0.0
3.101672916E9	0.0
3.101678576E9	0.0
3.101684071E9	0.0
3.1016894025E9	0.0
3.1016946505E9	58.423770258466526
3.1016998325E9	58.95197161277425
3.1017049205E9	0.0
3.101709929E9	0.0
3.101714835E9	57.95479502033334
3.1017196755E9	58.27642065703363
3.101724499E9	58.38121736955638
3.101729313E9	0.0
3.1017340725E9	56.96789606958053
3.1017387675E9	0.0
3.10174343E9	56.9855670529231
3.1017480095E9	0.0
3.101752486E9	43.685369603954705
3.1017569135E9	59.24352331606217
3.101761326E9	58.76545540349221
3.1017657265E9	0.0
3.101770102E9	0.0
3.101774441E9	0.0
3.1017787455E9	52.13363205898243
3.1017830115E9	58.1642358861551
3.1017872465E9	56.38551664341991
3.1017914715E9	56.841213734851266
3.1017956905E9	0.0
3.1017999035E9	57.95302491103203
3.1018041115E9	54.19769549520183
3.1018082655E9	0.0
3.101812367E9	58.30635789295751
3.101816459E9	0.0
3.101820484E9	48.74196175577311
3.101824445E9	0.0
3.101828395E9	0.0
3.1018323325E9	53.16913174592107
3.101836262E9	47.9715049297555
3.1018401885E9	0.0
3.10184411E9	46.237455812888086
3.1018480235E9	0.0
3.1018519235E9	0.0
3.1018558145E9	50.899715416975994
3.101859689E9	0.0
3.1018635415E9	58.01971508247044
3.101867382E9	0.0
3.1018712145E9	0.0
3.1018750435E9	0.0
3.10187887E9	0.0
3.101882693E9	0.0
3.101886508E9	0.0
3.101890313E9	0.0
3.101894113E9	51.09512175584749
3.101897881E9	0.0
3.1019016E9	58.77187349494301
3.1019052995E9	51.539118056591576
3.1019089945E9	0.0
3.1019126835E9	57.89794421707553
3.101916365E9	56.856527749776795
3.1019200355E9	0.0
3.101923674E9	0.0
3.101927286E9	51.860043885896665
3.1019308945E9	57.298948738683656
3.1019344895E9	55.51906490605178
3.101938072E9	16.458286985539488
3.101941634E9	28.441558441558442
3.1019451695E9	0.0
3.101948697E9	5.150148775463493
3.1019522085E9	57.52612137203166
3.101955703E9	0.0
3.1019591915E9	58.14013912467393
3.101962651E9	58.29875110630347
3.101966064E9	55.035577676390616
3.1019694465E9	0.0
3.101972819E9	0.0
3.101976185E9	58.152863474406885
3.101979541E9	47.66825863335782
3.1019828865E9	54.39801349893453
3.1019862165E9	58.597555892699354
3.1019895175E9	57.062354853692526
3.1019927975E9	58.527040977562415
3.1019960665E9	50.757719654647026
3.1019993255E9	57.87209783234533
3.102002581E9	52.91910560023831
3.102005831E9	0.0
3.1020090695E9	0.0
3.1020122965E9	0.0
3.1020155165E9	0.0
3.1020187305E9	55.49999155733414
3.1020219335E9	54.581783125647156
3.102025125E9	57.32034763733237
3.102028308E9	53.42816685592327
3.1020314845E9	44.41294607766074
3.102034659E9	0.0
3.1020378305E9	53.113903450434236
3.1020409985E9	54.81064483111566
3.102044163E9	0.0
3.102047316E9	32.697920997920995
3.102050456E9	58.35430051550318
3.1020535825E9	55.559339759912696
3.1020566935E9	50.664429271303476
3.102059793E9	53.82409299641767
3.102062879E9	57.28296399329814
3.102065945E9	0.0
3.102068997E9	0.0
3.10207203E9	39.40725680325305
3.1020750435E9	57.003855678505374
3.102078054E9	0.0
3.102081057E9	0.0
3.102084054E9	53.097351379012196
3.102087044E9	57.16831753470373
3.102090025E9	44.66543209876543
3.102092998E9	0.0
3.102095965E9	0.0
3.1020989315E9	0.0
3.1021018915E9	49.61617963380725
3.1021048445E9	56.24859512248349
3.1021077875E9	58.60394720910522
3.1021107135E9	40.24209258483452
3.10211362E9	55.665041077390555
3.102116511E9	57.90694796279465
3.102119394E9	56.891054854334186
3.1021222725E9	58.84979884794733
3.1021251475E9	34.49702575262967
3.1021280175E9	56.72940209574686
3.1021308845E9	0.0
3.10213375E9	57.50143297463905
3.1021366145E9	56.00078029205217
3.102139476E9	57.47548630647527
3.1021423325E9	45.95770889477683
3.1021451745E9	0.0
3.1021480035E9	0.0
3.1021508295E9	58.79341968989688
3.102153651E9	58.67087686470191
3.102156467E9	39.7020948929906
3.102159278E9	0.0
3.1021620835E9	0.0
3.10216488E9	0.0
3.102167667E9	58.476717745921896
3.1021704475E9	51.419178513586466
3.102173225E9	0.0
3.1021759985E9	0.0
3.102178768E9	0.0
3.102181536E9	47.09915664454314
3.102184301E9	52.20919008596853
3.102187055E9	52.86466960352423
3.1021897985E9	52.381113830598245
3.1021925375E9	57.82857985113125
3.10219527E9	36.01652719665272
3.1021979975E9	0.0
3.10220072E9	52.24427695332616
3.102203437E9	57.13468151104912
3.1022061485E9	0.0
3.1022088545E9	0.0
3.1022115525E9	0.0
3.102214244E9	57.55109533125619
3.1022169345E9	55.93150484012907
3.102219623E9	49.1598733676296
3.102222305E9	0.0
3.1022249775E9	56.81315253374077
3.1022276455E9	57.54129290962613
3.102230311E9	58.74894648354768
3.10223297E9	0.0
3.1022356195E9	0.0
3.1022382625E9	57.820165965670114
3.1022408995E9	58.49097513271864
3.1022435315E9	0.0
3.1022461615E9	55.54512766278894
3.102248787E9	0.0
3.1022514095E9	0.0
3.10225403E9	43.651610732609974
3.102256642E9	53.925767764851436
3.102259246E9	55.04542968372961
3.102261848E9	58.06722837022133
3.1022644475E9	0.0
3.102267045E9	0.0
3.1022696415E9	0.0
3.1022722365E9	41.08995310501634
3.1022748265E9	0.0
3.102277412E9	52.494450050454084
3.102279996E9	57.649886646089975
3.1022825765E9	58.57516561916086
3.10228515E9	55.27011254689454
3.102287719E9	55.96679850124896
3.102290279E9	0.0
3.1022928285E9	0.0
3.1022953765E9	0.0
3.1022979235E9	48.958354197963615
3.102300469E9	53.36824338232267
3.1023030085E9	46.74697702539299
3.102305542E9	56.577429808169924
3.1023080695E9	53.948208003900945
3.1023105915E9	35.34903223093777
3.10231311E9	58.4897683071199
3.102315624E9	0.0
3.102318134E9	0.0
3.1023206395E9	0.0
3.10232314E9	58.82915048773558
3.102325624E9	0.0
3.102328092E9	0.0
3.1023305565E9	0.0
3.102333018E9	58.43746601413812
3.102335476E9	53.87712921388354
3.1023379295E9	0.0
3.102340372E9	0.0
3.1023428065E9	50.79960513326752
3.1023452395E9	56.90683562377298
3.102347669E9	35.355555555555554
3.102350093E9	52.937357483176065
3.1023525135E9	58.92692171029255
3.1023549305E9	58.33329381919913
3.1023573395E9	58.64849354375897
3.102359743E9	0.0
3.1023621455E9	57.86674020662936
3.102364545E9	53.33515933321553
3.102366941E9	0.0
3.1023693355E9	57.43393480791618
3.1023717265E9	0.0
3.1023741115E9	58.68865824213728
3.102376493E9	50.60366319002798
3.1023788735E9	0.0
3.1023812475E9	0.0
3.1023836135E9	54.99128520319237
3.102385977E9	57.55666477085641
3.1023883325E9	0.0
3.102390676E9	56.71735323933278
3.102393013E9	0.0
3.1023953465E9	36.04473161033797
3.102397678E9	53.40081442699244
3.1024000085E9	0.0
3.102402335E9	0.0
3.102404656E9	54.424295521412226
3.1024069725E9	58.139802253391586
3.1024092835E9	56.30338726884779
3.1024115905E9	38.48956374576909
3.1024138915E9	57.09951520314814
3.102416183E9	56.08818305297252
3.102418466E9	58.89528193325662
3.1024207435E9	36.20989972434182
3.102423018E9	42.87405047782406
3.1024252855E9	0.0
3.1024275435E9	0.0
3.1024297965E9	52.04102691393922
3.102432045E9	0.0
3.102434287E9	58.062900083495684
3.102436518E9	36.35679052943111
3.1024387395E9	53.43418215903765
3.1024409585E9	59.113737075332345
3.102443175E9	0.0
3.102445389E9	58.52625298329355
3.102447597E9	54.23310936383131
3.1024497985E9	0.0
3.102451997E9	55.29127575624726
3.1024541925E9	50.065152232213286
3.102456381E9	0.0
3.102458562E9	58.84826054774241
3.10246074E9	57.80883354022344
3.102462917E9	57.19981593005342
3.102465094E9	57.83274888706509
3.1024672665E9	0.0
3.1024694305E9	47.94814747753661
3.102471588E9	0.0
3.1024737375E9	56.046671242278656
3.102475881E9	59.422353573347664
3.1024780205E9	56.5146006028636
3.1024801555E9	0.0
3.102482287E9	0.0
3.1024844155E9	56.109686194501116
3.102486542E9	54.61411254115534
3.102488667E9	6.257294429708223
3.1024907905E9	0.0
3.102492907E9	43.57007722007722
3.1024950155E9	56.843986411259245
3.1024971155E9	56.39899413243923
3.102499209E9	57.54894265999591
3.1025012995E9	0.0
3.1025033865E9	0.0
3.1025054725E9	58.912101621866846
3.1025075575E9	0.0
3.1025096395E9	0.0
3.102511719E9	51.663480718085104
3.1025137965E9	58.33442910365987
3.10251587E9	55.59123345051986
3.1025179385E9	58.13940724478595
3.102520002E9	58.01323833335742
3.10252206E9	0.0
3.102524114E9	59.147598560014046
3.1025261605E9	58.384958744758556
3.1025281985E9	57.889305816135085
3.102530234E9	58.486646884273
3.1025322685E9	57.05961506415598
3.1025343015E9	45.645079240853065
3.102536332E9	0.0
3.102538359E9	0.0
3.102540382E9	53.04632755645585
3.1025424015E9	0.0
3.102544418E9	14.570103857566766
3.10254643E9	57.79664570230608
3.102548438E9	0.0
3.102550444E9	57.88343920466621
3.102552448E9	0.0
3.10255445E9	0.0
3.102556451E9	56.70286757038582
3.1025584515E9	0.0
3.1025604495E9	27.95696947407135
3.1025624435E9	43.117498527060015
3.102564432E9	57.282479141835516
3.102566415E9	56.230366492146594
3.102568394E9	42.70978682170543
3.102570368E9	53.364718670738654
3.1025723375E9	57.74967852550364
3.1025743025E9	55.153719998738445
3.102576264E9	57.548664554096874
3.1025782245E9	36.95292493095656
3.1025801845E9	53.102757828977225
3.1025821415E9	58.79206914082359
3.1025840945E9	0.0
3.102586044E9	58.79387755102041
3.1025879895E9	57.124019957234495
3.102589933E9	56.98513800424629
3.102591875E9	0.0
3.102593814E9	0.0
3.1025957495E9	58.80829015544042
3.102597681E9	57.873950726813625
3.1025996075E9	0.0
3.1026015315E9	58.56045981997614
3.102603455E9	51.59413503422527
3.102605377E9	0.0
3.1026072965E9	0.0
3.102609213E9	0.0
3.102611128E9	0.0
3.1026130425E9	56.03111858704794
3.1026149555E9	0.0
3.1026168665E9	58.338977133880256
3.102618775E9	58.05755395683453
3.1026206805E9	0.0
3.102622581E9	57.2217555648887
3.102624475E9	55.72209832020499
3.1026263655E9	59.38356164383562
3.1026282545E9	58.52275219298246
3.1026301425E9	0.0
3.102632029E9	0.0
3.102633912E9	43.93009597478871
3.102635792E9	58.21265678449259
3.10263767E9	57.15214564369311
3.1026395465E9	58.56117527324218
3.1026414225E9	57.802470191033805
3.1026432975E9	0.0
3.1026451705E9	57.92719167904903
3.102647041E9	58.872694147119105
3.1026489085E9	0.0
3.102650774E9	0.0
3.102652639E9	54.97664543524416
3.102654504E9	0.0
3.1026563675E9	0.0
3.1026582295E9	56.704420898794304
3.10266009E9	0.0
3.1026619475E9	38.62375138734739
3.1026638035E9	0.0
3.1026656585E9	58.320426287744226
3.1026675105E9	54.0457699330493
3.10266936E9	37.296177075728416
3.102671209E9	46.42284096271826
3.102673057E9	57.9715113020736
3.1026749E9	54.25361271676301
3.1026767365E9	58.281365087159344
3.102678564E9	54.686988252046994
3.102680382E9	58.56198347107438
3.102682195E9	52.33200870470243
3.1026840045E9	57.7094516818622
3.1026858125E9	58.20930021754895
3.10268762E9	0.0
3.102689427E9	51.58647417885864
3.1026912315E9	57.280013357822675
3.102693033E9	56.314728930113546
3.1026948335E9	52.15161649944259
3.102696631E9	49.34195659647797
3.1026984255E9	46.947490732031206
3.1027002185E9	0.0
3.1027020085E9	0.0
3.1027037955E9	0.0
3.1027055795E9	0.0
3.1027073615E9	20.074662430500396
3.102709143E9	36.64065990720055
3.102710924E9	55.28956803824484
3.102712704E9	55.80046669106881
3.102714482E9	0.0
3.1027162525E9	0.0
3.1027180155E9	54.577113223854795
3.102719774E9	57.43590066016976
3.102721526E9	59.35828877005348
3.102723274E9	41.84447615165104
3.1027250205E9	24.684542586750787
3.102726766E9	0.0
3.1027285105E9	33.515171018756895
3.1027302535E9	54.09882207067576
3.1027319945E9	0.0
3.1027337345E9	0.0
3.1027354725E9	0.0
3.102737208E9	57.771365422396855
3.1027389415E9	59.15719063545151
3.1027406735E9	33.858695652173914
3.1027424045E9	58.614507600793125
3.102744133E9	56.57938465532909
3.1027458575E9	56.243146280376365
3.1027475775E9	0.0
3.1027492945E9	58.55010939489926
3.1027510075E9	0.0
3.1027527165E9	48.74844848986347
3.102754424E9	58.30003797949107
3.1027561305E9	58.79992428544388
3.102757836E9	5.0
3.1027595405E9	52.90289608177172
3.102761242E9	0.0
3.1027629405E9	57.739835775788336
3.102764638E9	47.646459899749374
3.102766335E9	58.163432886524895
3.102768031E9	58.20583341037256
3.102769726E9	0.0
3.10277142E9	0.0
3.10277311E9	0.0
3.1027747965E9	35.426150445441756
3.1027764795E9	0.0
3.102778159E9	19.437645838734767
3.102779838E9	57.03402884750035
3.1027815165E9	55.83670053795577
3.1027831925E9	40.29400784020907
3.1027848665E9	0.0
3.102786539E9	0.0
3.102788209E9	0.0
3.102789876E9	55.58121228024141
3.10279154E9	7.092619096299325
3.1027932E9	58.64586020118649
3.102794855E9	0.0
3.1027965075E9	0.0
3.1027981585E9	0.0
3.102799808E9	58.004926108374384
3.102801457E9	58.814888337468986
3.1028031015E9	57.932995308723875
3.1028047405E9	0.0
3.1028063775E9	0.0
3.1028080115E9	58.86745266166488
3.102809643E9	0.0
3.1028112735E9	0.0
3.102812902E9	55.005861664712775
3.1028145275E9	43.346516853932584
3.102816148E9	0.9845679012345679
3.1028177645E9	57.76199970821378
3.10281938E9	0.0
3.102820993E9	57.541513176537265
3.102822604E9	56.19255765802036
3.1028242125E9	0.0
3.102825818E9	57.31081418581419
3.102827423E9	0.0
3.1028290255E9	58.54749101943372
3.1028306245E9	0.0
3.1028322225E9	58.20215325393961
3.10283382E9	54.14304291287386
3.1028354165E9	58.15941269008915
3.102837012E9	0.0
3.1028386055E9	38.01027984009138
3.102840196E9	0.0
3.102841783E9	0.0
3.102843365E9	0.0
3.1028449435E9	44.944699499165274
3.102846521E9	0.0
3.102848098E9	0.0
3.102849675E9	51.52161903750133
3.1028512515E9	57.689833317087434
3.102852827E9	0.0
3.1028544015E9	57.937824372015776
3.1028559745E9	57.22165103367552
3.102857546E9	0.0
3.102859113E9	0.0
3.102860675E9	0.9568788501026694
3.102862236E9	57.56121136693632
3.1028637965E9	55.737122557726465
3.1028653565E9	58.57627118644068
3.1028669135E9	57.614381681594914
3.1028684665E9	0.0
3.1028700165E9	0.0
3.1028715635E9	0.0
3.102873107E9	0.0
3.1028746455E9	58.608779083713124
3.10287618E9	55.311970638057595
3.1028777125E9	48.84200724262804
3.1028792445E9	58.26295167609926
3.1028807755E9	0.0
3.102882304E9	52.328118510314276
3.1028838305E9	57.63294718598924
3.1028853555E9	0.0
3.102886879E9	54.491887973844115
3.102888402E9	0.0
3.1028899245E9	43.377049180327866
3.1028914465E9	57.69119293078056
3.102892967E9	58.53102757420783
3.102894483E9	0.0
3.1028959935E9	0.0
3.1028975015E9	0.0
3.102899008E9	0.0
3.102900512E9	0.0
3.1029020115E9	58.667760776174156
3.102903505E9	42.995624368899364
3.1029049955E9	55.71907729020284
3.1029064855E9	53.86950642325896
3.102907974E9	32.99256198347108
3.1029094605E9	55.709622823984525
3.102910946E9	57.95488802756245
3.1029124305E9	44.0699236128599
3.102913914E9	49.692216381210784
3.102915395E9	0.0
3.102916874E9	0.0
3.1029183515E9	59.08301944807441
3.102919827E9	46.870718399515006
3.1029213005E9	0.0
3.102922771E9	55.77231414588674
3.1029242395E9	0.0
3.102925707E9	58.216087071940535
3.102927173E9	57.41135887643218
3.1029286375E9	54.18065449688335
3.102930101E9	0.0
3.102931564E9	0.0
3.102933025E9	56.34002148392542
3.102934484E9	0.0
3.1029359425E9	18.519367991845055
3.1029374005E9	58.00200400801603
3.1029388565E9	57.434111310592456
3.102940308E9	0.0
3.102941757E9	0.0
3.1029432055E9	50.862066916265526
3.1029446525E9	0.0
3.1029460965E9	54.12925170068027
3.102947538E9	57.03316076675528
3.1029489785E9	55.507705856450904
3.102950418E9	52.723958333333336
3.102951856E9	0.0
3.1029532925E9	58.99630115737979
3.102954725E9	41.147049509131215
3.102956154E9	0.0
3.102957582E9	0.0
3.1029590085E9	0.0
3.102960434E9	56.69885864793679
3.1029618585E9	57.98675895275353
3.1029632825E9	59.23076923076923
3.102964706E9	0.0
3.102966129E9	59.10847435648058
3.102967552E9	16.163713080168776
3.1029689705E9	0.0
3.1029703845E9	0.0
3.102971798E9	0.0
3.102973211E9	47.147651006711406
3.1029746225E9	59.10798122065728
3.102976032E9	0.0
3.102977441E9	0.0
3.1029788485E9	56.32585844428872
3.102980254E9	57.13852140077821
3.102981659E9	49.26943346508564
3.1029830635E9	0.0
3.1029844675E9	27.586419232391396
3.1029858705E9	53.72443181818182
3.1029872725E9	50.49938499384994
3.1029886745E9	46.0034084453702
3.1029900765E9	0.9530516431924883
3.1029914775E9	55.55085910652921
3.1029928765E9	55.5700325732899
3.1029942735E9	52.65734865374721
3.102995669E9	0.0
3.1029970635E9	45.484357747515645
3.102998457E9	57.41762265072004
3.102999849E9	0.0
3.103001239E9	39.46800804828974
3.103002628E9	54.5833831440526
3.1030040165E9	58.675731048612406
3.103005404E9	0.0
3.1030067895E9	58.505719901224616
3.103008172E9	54.7456346660965
3.103009553E9	0.8755656108597285
3.103010933E9	55.485178616670886
3.103012311E9	0.0
3.1030136875E9	58.89858233369684
3.1030150635E9	58.024591816166094
3.103016439E9	56.62565905096661
3.1030178135E9	0.0
3.1030191865E9	59.07553372677942
3.103020558E9	51.76962744685329
3.1030219285E9	0.0
3.1030232985E9	26.00413223140496
3.1030246665E9	0.0
3.103026031E9	57.21090387374462
3.1030273925E9	50.306103286384975
3.1030287505E9	0.0
3.103030106E9	58.7792472024415
3.103031461E9	51.95914299950174
3.1030328145E9	56.56435643564357
3.103034163E9	54.14149515738499
3.1030355075E9	0.0
3.1030368515E9	50.45544554455446
3.1030381945E9	58.29684705882353
3.1030395365E9	58.12324794586757
3.1030408755E9	58.55784061696658
3.1030422105E9	0.0
3.1030435445E9	0.0
3.103044878E9	42.44283719074222
3.1030462105E9	52.24642597528471
3.1030475405E9	52.59088620342397
3.1030488685E9	58.83656509695291
3.1030501965E9	57.91233283803863
3.103051524E9	57.48052717310825
3.10305285E9	58.580873451904274
3.1030541735E9	33.793103448275865
3.1030554945E9	52.55123595505618
3.103056814E9	56.16352517382927
3.1030581325E9	0.0
3.103059449E9	56.86725264818571
3.1030607635E9	0.0
3.103062077E9	51.86323366555925
3.10306339E9	54.33366238894373
3.1030647025E9	59.08745247148289
3.1030660135E9	43.64246307172095
3.103067323E9	56.60474373859678
3.103068632E9	0.0
3.10306994E9	57.964098144307684
3.103071247E9	45.27261749953558
3.103072553E9	13.91891891891892
3.1030738575E9	0.0
3.103075161E9	53.69230769230769
3.1030764635E9	57.08803475935829
3.1030777655E9	0.0
3.103079067E9	53.81139451422712
3.103080368E9	0.0
3.1030816685E9	58.80962431405656
3.103082968E9	37.1870239390642
3.103084266E9	51.15359010936757
3.103085562E9	54.8936170212766
3.1030868565E9	0.0
3.10308815E9	57.830855823351136
3.103089442E9	0.0
3.103090733E9	51.421514818880354
3.103092023E9	57.68630003254149
3.1030933115E9	0.0
3.1030945995E9	27.682217973231356
3.103095887E9	0.0
3.103097174E9	33.89176090468498
3.103098461E9	0.0
3.1030997475E9	0.0
3.103101032E9	0.0
3.103102314E9	45.89802580444583
3.103103593E9	55.72902338376891
3.1031048685E9	0.0
3.1031061405E9	0.0
3.103107409E9	57.54128888647592
3.1031086755E9	59.34123518402994
3.1031099385E9	0.0
3.103111198E9	2.7964899178491414
3.1031124565E9	0.0
3.1031137145E9	0.0
3.1031149725E9	55.57559417644863
3.1031162295E9	8.858638743455497
3.103117485E9	0.0
3.1031187395E9	57.93829284885349
3.1031199935E9	0.0
3.103121247E9	0.0
3.1031224985E9	0.0
3.103123748E9	0.0
3.1031249965E9	0.0
3.1031262445E9	24.854625550660792
3.103127492E9	56.634991615427616
3.1031287365E9	0.0
3.1031299785E9	46.60998048508503
3.10313122E9	56.486527171458675
3.103132461E9	0.0
3.103133702E9	59.25060435132957
3.103134942E9	51.83470993117011
3.1031361805E9	0.0
3.103137418E9	47.505567928730514
3.1031386545E9	0.0
3.10313989E9	0.0
3.1031411245E9	0.0
3.1031423585E9	0.0
3.1031435925E9	58.796736913664176
3.103144826E9	46.564784053156146
3.1031460585E9	12.487654320987655
3.1031472905E9	27.181208053691275
3.103148522E9	0.0
3.1031497525E9	50.31495438318128
3.1031509815E9	40.53543307086614
3.103152209E9	56.38753056234719
3.103153436E9	52.93452008660091
3.1031546625E9	45.803305118903666
3.1031558875E9	0.0
3.1031571115E9	50.92203742203742
3.1031583335E9	0.0
3.1031595535E9	49.221601489757916
3.103160773E9	58.460481099656356
3.103161991E9	57.415853658536584
3.1031632075E9	45.60893215001431
3.103164423E9	0.0
3.1031656375E9	57.795100222717146
3.1031668515E9	55.00321557103005
3.1031680655E9	39.639967402060655
3.103169279E9	0.0
3.1031704915E9	58.81916078722614
3.103171702E9	55.01203188449391
3.1031729105E9	58.64896881467209
3.103174118E9	56.738461538461536
3.103175325E9	58.68986693961106
3.103176532E9	0.0
3.1031777385E9	0.0
3.1031789445E9	52.574752763234436
3.10318015E9	0.0
3.103181355E9	0.0
3.1031825595E9	14.511627906976743
3.1031837635E9	0.0
3.1031849675E9	56.74348089751364
3.103186171E9	0.0
3.103187373E9	54.14087870105062
3.103188574E9	58.98505779531999
3.1031897745E9	58.16366452033581
3.1031909745E9	0.0
3.103192174E9	56.99918200408998
3.1031933725E9	0.0
3.10319457E9	0.0
3.1031957665E9	0.0
3.103196962E9	0.0
3.1031981565E9	58.362795757410936
3.1031993505E9	0.0
3.103200543E9	0.0
3.103201733E9	32.9881442781071
3.1032029205E9	0.0
3.1032041065E9	0.0
3.1032052915E9	32.61490683229814
3.103206475E9	35.3786959818044
3.103207658E9	58.807733619763695
3.1032088405E9	0.0
3.103210022E9	0.0
3.103211203E9	22.4277895480226
3.103212384E9	55.11377494456763
3.103213565E9	0.0
3.103214745E9	0.0
3.1032159235E9	59.41109111729102
3.1032171015E9	0.0
3.103218279E9	0.0
3.103219456E9	0.0
3.10322063E9	0.0
3.103221801E9	54.499738082765845
3.103222972E9	57.67956237311076
3.1032241425E9	0.0
3.1032253125E9	41.692593790426905
3.103226481E9	1.9879258300991807
3.103227648E9	40.03229027962716
3.103228815E9	59.1954834156669
3.103229981E9	0.0
3.103231146E9	0.0
3.1032323095E9	58.760757314974185
3.103233469E9	57.50430448572723
3.1032346255E9	0.0
3.1032357815E9	55.25631951466127
3.1032369365E9	57.19856811145511
3.1032380905E9	28.414257085599772
3.103239243E9	0.0
3.103240394E9	0.0
3.1032415445E9	54.3073047858942
3.1032426945E9	56.93830570902394
3.103243843E9	49.24554140127388
3.10324499E9	38.48691476590636
3.1032461365E9	57.17277486910995
3.1032472815E9	42.97219463753724
3.1032484255E9	35.77352472089314
3.103249569E9	55.76483202287348
3.1032507115E9	59.81072555205047
3.103251853E9	0.0
3.103252994E9	0.9836512261580381
3.1032541345E9	0.0
3.1032552735E9	46.773809523809526
3.1032564095E9	58.59520451339915
3.1032575435E9	57.87234042553192
3.1032586765E9	57.136648344624824
3.103259808E9	0.0
3.103260939E9	22.247663101088946
3.1032620695E9	0.0
3.103263198E9	36.38955087076077
3.1032643245E9	56.34761388286334
3.1032654495E9	56.52629864842859
3.1032665725E9	59.518716577540104
3.1032676945E9	0.0
3.103268816E9	40.35540573079702
3.103269936E9	57.143339225453964
3.103271055E9	0.0
3.103272174E9	57.65358075969719
3.103273293E9	57.75112443778111
3.1032744115E9	29.46218851570964
3.1032755285E9	57.479151577858254
3.1032766445E9	19.939535165234233
3.10327776E9	0.0
3.103278875E9	58.482846317537756
3.10327999E9	59.247794459062064
3.1032811045E9	0.0
3.103282218E9	53.196762425900594
3.103283331E9	58.50051352276618
3.1032844425E9	50.27146814404432
3.1032855525E9	59.04294478527607
3.103286662E9	55.54523831305462
3.1032877705E9	0.0
3.103288878E9	50.34964968755917
3.103289985E9	0.0
3.103291092E9	0.0
3.103292199E9	54.18476304739052
3.1032933055E9	0.0
3.10329441E9	55.855421686746986
3.103295513E9	52.09096916299559
3.103296616E9	52.00532711836191
3.1032977175E9	42.866359447004605
3.103298817E9	0.0
3.1032999155E9	59.33747412008282
3.103301013E9	0.0
3.1033021095E9	0.0
3.1033032055E9	35.158565737051795
3.1033043005E9	57.76282457251425
3.103305394E9	0.0
3.1033064855E9	0.0
3.1033075745E9	57.83175355450237
3.103308662E9	58.53727144866385
3.1033097485E9	0.0
3.103310834E9	0.0
3.1033119185E9	0.0
3.1033130025E9	57.07112462006079
3.1033140865E9	0.0
3.1033151705E9	52.774193548387096
3.103316254E9	0.0
3.103317337E9	0.0
3.1033184195E9	59.76923076923077
3.1033195015E9	58.691189050470484
3.103320583E9	59.05555555555556
3.103321664E9	57.552440181300724
3.103322744E9	55.12409662087376
3.1033238215E9	34.23836450630709
3.1033248965E9	59.11851126346719
3.10332597E9	32.93663194444444
3.103327043E9	0.9512195121951219
3.103328115E9	57.391304347826086
3.103329185E9	11.41747572815534
3.103330253E9	0.0
3.10333132E9	0.0
3.103332387E9	33.27593917710197
3.1033334535E9	52.82388059701493
3.103334519E9	24.611336032388664
3.103335584E9	0.0
3.103336649E9	0.0
3.103337714E9	0.0
3.103338779E9	0.0
3.1033398435E9	58.04475156301415
3.1033409075E9	25.21104536489152
3.1033419715E9	0.0
3.103343035E9	0.0
3.1033440975E9	0.0
3.1033451595E9	55.50797649034425
3.1033462215E9	54.296274738067524
3.103347283E9	0.0
3.1033483435E9	59.156355455568054
3.103349402E9	0.0
3.103350459E9	0.0
3.1033515155E9	55.08733624454148
3.103352571E9	0.0
3.103353626E9	45.71918604651163
3.103354681E9	55.47223476297968
3.103355736E9	1.0
3.1033567905E9	57.78409090909091
3.103357843E9	48.1063829787234
3.1033588935E9	31.82875470645656
3.1033599435E9	0.0
3.103360993E9	0.0
3.1033620415E9	52.43674911660777
3.103363089E9	0.0
3.1033641355E9	0.0
3.1033651815E9	0.0
3.1033662275E9	59.40062621142091
3.103367273E9	59.191737763807815
3.103368318E9	57.11229946524064
3.103369363E9	58.74557235421166
3.1033704075E9	0.0
3.1033714505E9	0.0
3.103372492E9	0.0
3.103373532E9	0.0
3.103374571E9	54.945801613453014
3.1033756095E9	0.0
3.1033766465E9	50.91912530371399
3.1033776825E9	0.0
3.103378718E9	22.538071065989847
3.103379753E9	32.28785714285714
3.103380787E9	0.0
3.1033818195E9	45.82510493703778
3.103382851E9	0.0
3.103383882E9	50.2376333656644
3.103384913E9	57.705882352941174
3.103385942E9	39.12337571608216
3.103386969E9	0.0
3.1033879955E9	46.433308769344144
3.1033890215E9	0.0
3.1033900465E9	0.895500725689405
3.1033910705E9	0.0
3.1033920935E9	42.187337239583336
3.1033931155E9	58.056502679006336
3.103394137E9	33.05476923076923
3.1033951575E9	26.964381121994656
3.103396177E9	0.0
3.1033971955E9	0.0
3.1033982135E9	47.32073595226256
3.1033992315E9	58.88703923900119
3.1034002485E9	0.0
3.1034012615E9	57.08695105071096
3.1034022715E9	58.499592772465384
3.103403281E9	0.9854014598540146
3.1034042895E9	0.0
3.103405297E9	0.0
3.1034063035E9	0.0
3.103407309E9	0.0
3.103408314E9	0.0
3.1034093185E9	0.0
3.1034103225E9	0.0
3.103411326E9	0.0
3.103412329E9	0.0
3.103413332E9	57.386204970678584
3.103414335E9	7.504761904761905
3.1034153375E9	58.244514106583075
3.1034163395E9	0.0
3.1034173405E9	0.0
3.1034183405E9	20.44
3.1034230195E9	57.55479035411688
3.1034311645E9	50.409511320352536
3.1034385535E9	25.947816826411074
3.103444272E9	1.92415203681609
3.103448588E9	57.63596146283917
3.103452529E9	12.577259077259077
3.1034563265E9	56.43042991601608
3.103460075E9	39.85253102009443
3.1034637975E9	53.667465888866914
3.103467461E9	45.0438016033266
3.103471038E9	51.670015329026604
3.1034745565E9	46.23336412625096
3.10347799E9	57.0959862449969
3.1034813295E9	50.465865050183844
3.103484605E9	54.551344950093046
3.1034878305E9	1.8385488093753897
3.1034910465E9	49.14040923033119
3.1034942485E9	51.311908310417934
3.1034973905E9	2.9547169811320755
3.10350048E9	55.62196137603982
3.1035035475E9	57.84428676162547
3.103506574E9	51.856319832402235
3.1035095785E9	53.779787879663616
3.10351256E9	44.762778697303084
3.1035155065E9	40.90662986101022
3.10351844E9	50.98287704677887
3.10352132E9	9.43823406913786
3.1035241305E9	11.482837528604119
3.103526902E9	0.0
3.103529649E9	51.81242483060838
3.103532388E9	39.91033247130808
3.1035351035E9	52.962099520525896
3.103537785E9	38.413155833985904
3.1035404345E9	43.276007497656984
3.1035429975E9	57.92598967297762
3.103545488E9	22.442059336823736
3.1035479665E9	56.147259310843566
3.1035504075E9	55.57518366379651
3.103552812E9	18.747151538169387
3.1035551875E9	3.170670037926675
3.103557535E9	49.20766349755114
3.1035598595E9	54.793439510191426
3.1035621585E9	44.24940630695311
3.103564445E9	51.167027573264036
3.103566722E9	6.199495745351403
3.103568983E9	58.86212198872373
3.103571211E9	53.97292163721016
3.1035734005E9	0.0
3.103575568E9	0.0
3.103577725E9	9.667458432304038
3.103579877E9	32.92319508448541
3.103582016E9	6.8
3.1035841385E9	50.737158852344294
3.103586253E9	56.388101983002834
3.1035883585E9	57.15676607343274
3.1035904405E9	56.23475394396044
3.1035925065E9	49.95767044097272
3.103594569E9	19.210526315789473
3.103596622E9	33.95418006430868
3.1035986655E9	45.69681267109895
3.1036007005E9	25.14128697602692
3.1036027275E9	47.215680880330126
3.10360474E9	0.0
3.1036067365E9	17.246832856559053
3.103608723E9	0.0
3.103610703E9	0.0
3.103612671E9	52.15859499733901
3.103614626E9	56.616014078310606
3.1036165745E9	14.831050228310502
3.1036185145E9	50.46171161230525
3.1036204485E9	57.42472414438003
3.1036223555E9	49.89877769289534
3.1036242355E9	34.197160726695124
3.1036261095E9	28.44328097731239
3.103627955E9	58.58585858585859
3.103629772E9	57.096774193548384
3.103631583E9	19.10599762470309
3.1036333895E9	43.02368285567187
3.10363519E9	55.21822323462415
3.103636984E9	0.0
3.10363877E9	0.0
3.1036405435E9	57.82366924892775
3.1036423085E9	0.0
3.103644062E9	59.30116472545757
3.103645804E9	30.45228337236534
3.103647529E9	58.77121123464014
3.1036492365E9	53.505422314911364
3.10365094E9	50.28318677826041
3.103652635E9	47.47736301492431
3.1036543025E9	0.0
3.103655946E9	56.719642584389796
3.103657586E9	0.0
3.1036592235E9	57.24900288818594
3.1036608575E9	30.01026392961877
3.103662488E9	47.69915254237288
3.103664114E9	0.0
3.1036657365E9	55.75732840800762
3.1036673585E9	41.37487611496531
3.103668979E9	56.96768848384424
3.1036705915E9	9.759036144578314
3.103672191E9	0.0
3.1036737835E9	58.38013460199582
3.1036753585E9	55.238616804881865
3.10367691E9	48.10400656569425
3.1036784535E9	48.26524753168545
3.1036799945E9	54.65580683684132
3.103681529E9	57.45
3.1036830525E9	50.60777502067825
3.103684569E9	0.0
3.103686083E9	0.0
3.103687593E9	0.9585152838427947
3.1036890985E9	58.46547716278193
3.1036906E9	41.462596899224806
3.103692097E9	56.440480216435574
3.103693592E9	0.0
3.1036950855E9	0.0
3.1036965775E9	56.444932877072915
3.103698068E9	13.328451882845188
3.103699555E9	24.203017382748442
3.103701039E9	40.727474972191324
3.103702517E9	8.203125
3.1037039885E9	0.0
3.103705455E9	57.30790690259844
3.1037069165E9	40.78947368421053
3.1037083755E9	16.973288003885383
3.1037098325E9	0.0
3.103711287E9	0.0
3.103712735E9	33.0074487895717
3.103714177E9	51.61904761904762
3.1037156105E9	0.0
3.103717036E9	42.38205329153605
3.1037184575E9	55.723854122321555
3.103719873E9	43.869969040247675
3.103721286E9	0.0
3.1037226985E9	41.470689986546226
3.103724108E9	0.0
3.1037255145E9	43.33281004709576
3.1037269155E9	40.104630186410105
3.1037283085E9	57.95886075949367
3.1037296945E9	45.95897994373355
3.1037310735E9	25.985135135135135
3.103732449E9	0.9153284671532846
3.103733822E9	54.7863711001642
3.103735191E9	0.0
3.1037365565E9	51.08714969241285
3.1037379165E9	35.81890848952591
3.103739272E9	0.0
3.1037406255E9	56.13466596528143
3.1037419765E9	0.0
3.1037433245E9	39.32825590251333
3.10374467E9	53.189453125
3.1037460125E9	57.080536912751676
3.1037473475E9	0.0
3.103748677E9	0.9454545454545454
3.1037500035E9	18.003624198494563
3.1037513235E9	56.75812274368231
3.103752635E9	0.0
3.1037539405E9	55.67712470214456
3.1037552445E9	57.63422818791946
3.103756548E9	0.0
3.10375785E9	0.0
3.1037591505E9	49.4474014561888
3.103760449E9	34.79329608938548
3.1037617455E9	55.02377179080824
3.1037630385E9	57.421711088662676
3.1037643255E9	47.207606190319396
3.1037656085E9	0.0
3.10376689E9	59.24187725631769
3.1037681705E9	0.0
3.10376945E9	0.0
3.1037707255E9	2.8531468531468533
3.103771995E9	58.71733966745843
3.103773262E9	0.0
3.1037745285E9	0.0
3.1037757935E9	0.7822222222222223
3.1037770575E9	0.9572649572649573
3.1037783215E9	0.0
3.103779585E9	0.0
3.103780841E9	0.0
3.1037820855E9	0.0
3.103783325E9	46.11431742508324
3.103784562E9	49.42857142857143
3.103785797E9	57.23678059258323
3.103787031E9	0.0
3.1037882635E9	58.141809290953546
3.1037894945E9	39.04068857589984
3.1037907225E9	31.412844036697248
3.103791947E9	0.0
3.1037931655E9	0.0
3.103794379E9	0.0
3.103795591E9	0.8410041841004184
3.103796801E9	0.0
3.1037980065E9	0.0
3.103799207E9	49.825309491059144
3.103800405E9	11.758620689655173
3.1038016E9	42.613768961493584
3.103802792E9	0.0
3.103803981E9	58.472727272727276
3.1038051675E9	40.93009883873877
3.1038063525E9	0.9539579967689822
3.1038075365E9	33.645320197044335
3.1038087195E9	19.67329842931937
3.1038099E9	19.896296296296295
3.103811076E9	0.0
3.103812247E9	0.9815627743634767
3.103813415E9	17.535055350553506
3.1038145815E9	42.311581676750215
3.103815747E9	0.0
3.1038169115E9	0.0
3.103818075E9	0.0
3.1038192355E9	37.21630094043887
3.1038203935E9	5.0
3.103821551E9	0.0
3.103822708E9	43.750900163666124
3.103823865E9	24.0612203934163
3.103825021E9	1.3772378516624042
3.1038261755E9	0.9354460093896714
3.103827327E9	0.0
3.1038284755E9	4.796296296296297
3.1038296235E9	35.73236459709379
3.1038307705E9	5.0384
3.1038319155E9	0.0
3.1038330575E9	47.07843137254902
3.1038341955E9	39.7561505065123
3.1038353305E9	0.0
3.103836464E9	43.220255766156654
3.103837595E9	33.94496240601504
3.103838723E9	1.0344827586206897
3.10383985E9	0.0
3.1038409725E9	48.09485039690617
3.1038420865E9	50.81958598726115
3.1038431935E9	49.99310903931901
3.1038442975E9	54.81506298579469
3.1038454E9	44.803910991233984
3.1038464995E9	0.0
3.1038475965E9	0.0
3.1038486915E9	0.0
3.103849784E9	41.758361774744024
3.103850874E9	0.0
3.1038519615E9	59.219713537655934
3.103853047E9	12.772203389830509
3.1038541315E9	58.6784140969163
3.103855215E9	53.08341028008618
3.103856298E9	30.264864864864865
3.103857379E9	17.93125
3.1038584565E9	5.3898951382268825
3.103859529E9	57.85579937304075
3.1038605975E9	0.0
3.103861665E9	58.923327895595435
3.103862732E9	0.0
3.103863799E9	52.31213364595545
3.103864864E9	13.221343873517787
3.1038659265E9	23.09021675454013
3.103866987E9	43.65516956162117
3.1038680455E9	32.282343025705856
3.1038691035E9	0.0
3.10387016E9	0.0
3.1038712145E9	0.0
3.1038722685E9	39.23294858342078
3.103873322E9	0.0
3.103874375E9	59.0625
3.1038754275E9	50.9348287359806
3.103876479E9	0.0
3.103877529E9	33.841306884480744
3.103878577E9	0.0
3.1038796225E9	59.22330097087379
3.103880666E9	58.67670790747714
3.103881709E9	50.25384761542846
3.1038827515E9	10.147009502515372
3.1038837935E9	14.991310644460535
3.103884835E9	0.0
3.1038858755E9	26.232758620689655
3.103886915E9	37.620016273393006
3.1038879535E9	0.0
3.103888991E9	59.52095808383233
3.103890028E9	19.35483870967742
3.103891064E9	45.414695177434034
3.103892095E9	0.0
3.103893119E9	55.850196315312594
3.10389414E9	47.12617262893308
3.10389516E9	32.63845291479821
3.103896179E9	45.729729729729726
3.1038971965E9	0.0
3.1038982115E9	0.0
3.103899225E9	0.0
3.103900236E9	0.0
3.1039012445E9	0.0
3.103902252E9	0.9372937293729373
3.1039032575E9	0.0
3.1039042615E9	57.587188612099645
3.103905265E9	52.061465579275605
3.103906267E9	48.725038402457756
3.1039072675E9	0.0
3.1039082675E9	58.677354709418836
3.1039092675E9	0.0
3.103918732E9	55.56701172721035
3.103932571E9	0.0
3.103941472E9	38.81834254693959
3.1039494115E9	0.0
3.1039572085E9	57.90783174561506
3.103963938E9	57.63480039809798
3.1039695055E9	27.683128558585555
3.103974766E9	0.0
3.1039797995E9	0.0
3.103984567E9	58.19663696357332
3.1039891115E9	0.0
3.1039934845E9	0.0
3.103997683E9	58.52520692249812
3.104001684E9	58.36309808041257
3.104005458E9	46.12720544772917
3.104009178E9	0.0
3.1040128475E9	0.0
3.104016433E9	59.016161563244886
3.104019926E9	56.87404045123824
3.104023359E9	55.8395912467646
3.104026758E9	0.0
3.1040301305E9	17.95876904690768
3.104033452E9	0.0
3.104036731E9	10.708380681818182
3.1040399985E9	0.8986201070121093
3.104043259E9	55.051783593515246
3.1040464995E9	0.0
3.104049674E9	58.36191685315889
3.1040527925E9	0.0
3.1040558995E9	0.0
3.104058987E9	0.0
3.104062054E9	0.0
3.104065115E9	48.45736994219653
3.1040681395E9	58.638833625322924
3.1040711275E9	54.05146225747061
3.1040740845E9	0.0
3.1040770095E9	29.891331079003997
3.104079908E9	57.64025434091465
3.104082775E9	0.0
3.1040856295E9	0.0
3.104088461E9	42.8974888490851
3.10409126E9	58.1734284876332
3.1040940205E9	0.0
3.1040967325E9	58.51817487173889
3.1040994055E9	58.83689932594042
3.104102056E9	54.695531830763144
3.1041046865E9	0.0
3.104107298E9	58.36318912311041
3.104109892E9	47.44976030059601
3.1041124505E9	56.07981976182813
3.1041149735E9	0.0
3.1041174795E9	12.408109299250771
3.10411997E9	53.63917633531933
3.1041224495E9	59.027377521613836
3.104124925E9	0.0
3.104127395E9	55.38729262642133
3.1041298495E9	29.047665266382566
3.1041322855E9	58.00086402419268
3.104134709E9	57.03075945921423
3.1041371215E9	38.10698639612635
3.104139523E9	27.9196055804787
3.1041418965E9	53.64765247004589
3.104144241E9	20.20444552718634
3.1041465705E9	51.91103144859051
3.104148885E9	56.039815201001
3.1041511915E9	1.3706806282722512
3.1041534905E9	57.80403356247473
3.104155772E9	57.972108285479905
3.10415804E9	47.197569047712854
3.1041603025E9	0.0
3.1041625525E9	0.0
3.1041647915E9	59.172413793103445
3.1041670245E9	57.981213819549424
3.104169246E9	56.73913043478261
3.104171456E9	0.0
3.104173654E9	5.306726335028359
3.104175845E9	58.64957364116248
3.1041780355E9	56.97289156626506
3.1041802225E9	57.75865294667914
3.1041823975E9	30.74652414701212
3.104184563E9	44.89009312780989
3.1041867265E9	58.86752021563343
3.1041888805E9	11.571940298507462
3.1041910115E9	0.0
3.1041931255E9	0.0
3.1041952355E9	15.485590778097983
3.1041973425E9	46.10199665854126
3.1041994485E9	58.590334572490704
3.1042015545E9	43.13039089665629
3.104203656E9	57.76414766809397
3.104205745E9	55.85473289597001
3.1042078145E9	57.166601991980336
3.104209871E9	57.24549517760527
3.1042119255E9	0.0
3.104213971E9	58.49935205183586
3.1042160055E9	0.0
3.1042180375E9	52.64745581504126
3.1042200635E9	0.0
3.1042220825E9	3.9541047188106013
3.1042240985E9	59.07819782496116
3.104226106E9	0.0
3.104228107E9	51.230467849734964
3.104230103E9	51.46628251051238
3.1042320935E9	56.97048564529112
3.10423408E9	0.0
3.104236062E9	58.26164615724707
3.104238043E9	57.59715523583749
3.104240023E9	45.53506787330317
3.104241994E9	55.94174757281554
3.1042439415E9	0.0
3.104245872E9	56.45841784989858
3.104247777E9	54.49524596940885
3.1042496545E9	58.446633718456454
3.104251516E9	0.0
3.104253365E9	26.30718498792962
3.104255206E9	0.0
3.1042570385E9	56.74826904055391
3.1042588675E9	43.87175319128164
3.1042606875E9	17.89210948578252
3.1042625015E9	58.483865834467885
3.104264304E9	54.55365199365931
3.104266094E9	46.367255043227665
3.1042678815E9	0.0
3.1042696635E9	0.0
3.1042714405E9	24.029865125240846
3.1042732095E9	56.75675675675676
3.1042749695E9	0.0
3.104276727E9	0.0
3.1042784825E9	56.38182337810803
3.1042802355E9	58.52647103892124
3.104281987E9	40.74045255380039
3.104283737E9	53.320031504331844
3.1042854805E9	0.0
3.104287214E9	20.78543368703569
3.1042889415E9	49.28761734293109
3.1042906625E9	56.46187277755828
3.1042923765E9	58.042011834319524
3.104294088E9	30.490374440268358
3.104295795E9	57.82112095358615
3.1042974975E9	58.79578183467513
3.104299198E9	4.8289854031635455
3.1043008905E9	47.13340382091294
3.1043025755E9	50.96097066463917
3.1043042575E9	58.88391805980692
3.1043059365E9	53.92311936729814
3.1043076145E9	54.46663577386469
3.104309292E9	53.93190311418685
3.1043109685E9	58.0
3.1043126425E9	36.30298657709369
3.104314313E9	0.0
3.1043159815E9	0.0
3.104317647E9	0.0
3.1043193085E9	0.0
3.1043209685E9	58.62139917695473
3.1043226275E9	56.628571428571426
3.1043242845E9	21.40579950289975
3.1043259405E9	38.94481058779403
3.1043275945E9	0.0
3.104329244E9	0.0
3.10433089E9	31.632911392405063
3.104332533E9	39.41235750867339
3.1043341725E9	52.608869356771876
3.104335808E9	0.0
3.1043374375E9	0.0
3.1043390575E9	57.82390725364249
3.1043406705E9	0.0
3.104342279E9	0.0
3.104343883E9	35.80784147054136
3.104345484E9	42.032786885245905
3.104347078E9	0.0
3.1043486665E9	0.0
3.104350253E9	0.0
3.1043518375E9	57.88150520416333
3.1043534215E9	49.10712487411883
3.1043550035E9	0.0
3.1043565795E9	2.8296488946684004
3.1043581505E9	50.075244230349966
3.10435972E9	56.531328320802004
3.1043612885E9	48.81626035787198
3.104362856E9	38.73101952277657
3.104364422E9	43.89796959108509
3.104365984E9	17.672733010730067
3.104367543E9	41.76923076923077
3.1043691005E9	0.0
3.1043706555E9	35.63490059955822
3.104372207E9	0.0
3.1043737525E9	0.0
3.104375294E9	55.17375207455636
3.1043768335E9	11.13429888084266
3.104378371E9	37.83523542922768
3.104379907E9	0.0
3.1043814395E9	0.0
3.1043829685E9	0.0
3.1043844935E9	58.57738359201774
3.1043860115E9	0.0
3.104387523E9	58.54773540616462
3.104389031E9	17.685145605129573
3.1043905345E9	1.9615803814713897
3.104392034E9	59.02471834538423
3.104393533E9	0.0
3.104395031E9	46.60592505787864
3.1043965275E9	58.475935828877006
3.1043980195E9	50.124753451676526
3.1043995065E9	0.0
3.104400992E9	0.0
3.104402475E9	44.91891891891892
3.104403955E9	57.73055242390079
3.1044054305E9	56.19923657787736
3.1044069025E9	52.219427353050804
3.1044083735E9	58.65151123740635
3.1044098415E9	56.651785714285715
3.104411307E9	0.0
3.10441277E9	0.0
3.1044142295E9	58.530057042562525
3.104415687E9	24.597161475915108
3.1044171395E9	32.110477277048865
3.104418587E9	57.409879839786385
3.1044200325E9	16.33743222308288
3.104421476E9	15.014333746239604
3.104422919E9	0.0
3.1044243595E9	0.895778364116095
3.1044257945E9	25.03548770005321
3.1044272255E9	16.8750433877126
3.1044286555E9	0.0
3.104430085E9	0.0
3.104431514E9	0.0
3.104432943E9	58.68846568451311
3.1044343705E9	57.97903280351708
3.1044357965E9	0.0
3.1044372195E9	56.899795501022496
3.1044386375E9	57.52667011910927
3.1044400535E9	52.182652917078684
3.104441469E9	38.158369873613616
3.104442884E9	13.23647838939043
3.1044442985E9	0.0
3.104445712E9	0.0
3.1044471235E9	24.75578406169666
3.104448531E9	59.069212410501194
3.1044499345E9	58.98329321480493
3.1044513345E9	30.67867867867868
3.104452732E9	0.0
3.104454128E9	58.220917488648816
3.1044555215E9	0.0
3.1044569115E9	42.186275275197126
3.1044582985E9	0.0
3.1044596825E9	32.52543786488741
3.104461064E9	58.77705255925799
3.104462444E9	29.705445544554454
3.1044638215E9	19.766483854643926
3.1044651965E9	32.51506871059912
3.1044665705E9	58.63570327977108
3.104467944E9	0.0
3.104469317E9	0.0
3.1044706895E9	57.86436170212766
3.1044720605E9	0.0
3.104473429E9	18.267857142857142
3.104474795E9	0.0
3.1044761595E9	54.099752078168294
3.104477522E9	52.32507027855865
3.104478883E9	59.45864661654135
3.104480241E9	0.0
3.104481596E9	0.0
3.1044829505E9	0.845360824742268
3.104484304E9	52.366361925248725
3.104485655E9	20.947955390334574
3.104487002E9	0.0
3.1044883465E9	56.40972755180353
3.10448969E9	0.0
3.1044910305E9	53.2209388971684
3.1044923685E9	59.04299583911234
3.1044937065E9	0.0
3.1044950435E9	0.0
3.104496378E9	19.044293428796795
3.104497711E9	0.0
3.1044990435E9	0.0
3.1045003715E9	46.79651530197707
3.104501695E9	0.0
3.104503018E9	49.463135523949646
3.1045043395E9	0.0
3.1045056595E9	0.0
3.104506978E9	58.137128072445016
3.1045082945E9	4.681571815718157
3.1045096045E9	45.43728633077397
3.1045109085E9	0.0
3.104512212E9	58.86389521640091
3.1045135145E9	0.0
3.104514816E9	0.0
3.1045161165E9	54.52902519167579
3.1045174155E9	38.49789516820027
3.104518713E9	0.0
3.104520009E9	0.0
3.1045212985E9	0.8981952799629801
3.104522582E9	22.350192027778267
3.104523865E9	43.16305372290292
3.104525146E9	0.0
3.1045264245E9	0.0
3.104527699E9	27.39780007865924
3.10452897E9	49.48559527941687
3.1045302395E9	8.526549902696692
3.1045315055E9	13.98046592388945
3.104532769E9	55.83885640025991
3.1045340315E9	54.89665592264303
3.104535293E9	28.54793906810036
3.1045365535E9	58.88229612253346
3.104537813E9	34.00463375512386
3.104539072E9	0.0
3.1045403305E9	59.442916093535075
3.1045415875E9	58.21347546808801
3.104542842E9	55.53897637795276
3.1045440925E9	0.0
3.1045453405E9	0.0
3.1045465875E9	0.0
3.1045478335E9	0.0
3.1045490785E9	0.0
3.1045503195E9	58.739983420834484
3.1045515575E9	0.0
3.1045527945E9	0.0
3.1045540295E9	41.413541159279106
3.1045552635E9	0.0
3.104556496E9	0.9025367156208278
3.104557727E9	0.0
3.1045589575E9	54.94167895459399
3.1045601875E9	2.7049861495844874
3.1045614165E9	18.786951765992733
3.104562644E9	56.97823834196891
3.1045638685E9	0.0
3.1045650905E9	1.2173160173160174
3.104566312E9	49.13903462749213
3.104567533E9	55.61635666619338
3.1045687535E9	6.057086614173229
3.1045699725E9	13.612163978494623
3.1045711905E9	40.02868318122555
3.1045724075E9	58.519793459552496
3.1045736235E9	58.45238095238095
3.1045748375E9	55.02282791265842
3.1045760485E9	0.9435684647302904
3.104577258E9	0.0
3.1045784665E9	55.947564509452185
3.1045796745E9	0.0
3.1045808815E9	59.70684039087948
3.104582087E9	0.0
3.104583292E9	0.0
3.1045844955E9	54.07864302235929
3.1045856965E9	28.736818785999112
3.104586896E9	0.0
3.1045880945E9	59.299183788347875
3.1045892925E9	58.35635359116022
3.1045904905E9	20.12823328452904
3.104591687E9	28.077231121281464
3.1045928815E9	45.230589732711074
3.104594074E9	54.234758871701544
3.104595264E9	16.61850921273032
3.1045964525E9	57.71515417856881
3.1045976365E9	53.93837123991196
3.1045988165E9	59.22896097790315
3.104599996E9	0.0
3.1046011715E9	33.126812197967006
3.1046023415E9	0.0
3.1046035085E9	45.10330182216742
3.10460467E9	0.0
3.1046058265E9	0.0
3.1046069825E9	58.216498433693005
3.104608138E9	56.0471709350804
3.1046092925E9	0.0
3.1046104465E9	58.42492531837954
3.104611598E9	54.41796423471816
3.104612744E9	0.0
3.104613887E9	0.0
3.1046150285E9	59.0359168241966
3.104616167E9	40.137847642079805
3.104617303E9	0.9567282321899736
3.104618438E9	15.164649311888576
3.104619573E9	0.0
3.104620704E9	50.246300780199086
3.104621831E9	45.83472152111728
3.1046229575E9	56.24836790947338
3.104624082E9	15.655747942094806
3.104625205E9	57.55156950672646
3.104626328E9	56.621586475942784
3.1046274505E9	55.6768752774079
3.1046285725E9	0.0
3.104629694E9	47.46970383117471
3.104630815E9	47.68633540372671
3.104631935E9	5.454680875444025
3.104633054E9	23.554379680885706
3.104634173E9	0.0
3.1046352915E9	44.40922087205146
3.104636408E9	0.0
3.1046375185E9	46.47757909215956
3.1046386245E9	0.0
3.1046397295E9	55.83778014941302
3.1046408325E9	13.938906752411576
3.104641934E9	58.85369975751341
3.1046430335E9	17.253456221198157
3.1046441315E9	0.0
3.1046452285E9	0.90625
3.1046463245E9	58.94873458792991
3.10464742E9	0.0
3.104648514E9	58.65640479796946
3.1046496055E9	32.717550274223036
3.104650695E9	0.0
3.104651783E9	0.0
3.10465287E9	0.0
3.104653956E9	58.684777517564406
3.104655041E9	58.48676984523215
3.104656126E9	8.085239533880017
3.10465721E9	21.80172987358616
3.1046582915E9	59.5169406239517
3.1046593715E9	9.52612662427426
3.104660451E9	14.44163223140496
3.10466153E9	0.0
3.104662609E9	33.08426163953156
3.104663686E9	27.566362554541847
3.1046647605E9	53.039180327868856
3.104665834E9	57.5
3.1046669055E9	9.954054054054055
3.1046679745E9	22.83505085202398
3.104669042E9	0.0
3.1046701085E9	24.391451068616423
3.1046711745E9	0.0
3.1046722405E9	40.239507688622034
3.104673305E9	0.0
3.104674368E9	54.34687146626461
3.104675431E9	23.654805625223933
3.1046764935E9	33.60802966784908
3.1046775535E9	0.0
3.1046786105E9	56.66114079195474
3.1046796645E9	58.492061281337044
3.104680716E9	0.0
3.104681767E9	0.9541432019308126
3.1046828175E9	0.0
3.1046838665E9	34.51289398280802
3.1046849135E9	0.0
3.1046859595E9	20.31411730879816
3.104687005E9	0.0
3.104688049E9	15.129226493747105
3.1046890895E9	23.993288590604028
3.1046901265E9	57.57205067300079
3.104691162E9	2.680633147113594
3.104692197E9	59.3284545845889
3.104693232E9	54.76210913549969
3.104694266E9	58.71998776571341
3.1046952985E9	0.8971428571428571
3.10469633E9	0.0
3.1046973585E9	42.78871631812808
3.1046983845E9	59.25581395348837
3.1046994105E9	4.438650306748467
3.104700435E9	30.502755267423016
3.1047014575E9	40.79955123410621
3.1047024785E9	6.909385113268608
3.1047034985E9	30.173208722741432
3.1047045185E9	58.228105906313644
3.104705538E9	58.48866498740554
3.1047065565E9	42.74591477090676
3.1047075745E9	27.850666666666665
3.104708592E9	0.0
3.104709608E9	59.359509202453985
3.104710623E9	0.0
3.104711638E9	58.14317673378076
3.1047126525E9	36.79387186629526
3.1047136665E9	0.0
3.10471468E9	0.0
3.104715693E9	2.9742676167854314
3.104716706E9	55.16950852557673
3.1047177185E9	55.31715917906764
3.10471873E9	11.708670520231214
3.104719741E9	0.0
3.104720751E9	31.126130677444188
3.1047217595E9	0.0
3.1047227675E9	2.5727728983688833
3.104723775E9	0.0
3.104724782E9	48.84786100160608
3.104725789E9	17.921266581086865
3.1047267955E9	0.9150943396226415
3.104727801E9	0.9673024523160763
3.104728805E9	1.9182692307692308
3.104729807E9	58.24318476849849
3.1047308075E9	0.0
3.104740963E9	0.0
3.104756475E9	53.31699789798246
3.104767963E9	46.0265780730897
3.104778484E9	57.96470537267474
3.1047881575E9	18.66246165689393
3.1047976135E9	56.86236801937608
3.1048068795E9	14.387505786739366
3.1048160235E9	53.7062686804181
3.104824959E9	48.52846399954001
3.1048336895E9	41.84258026377713
3.1048423175E9	50.72710251209237
3.1048506295E9	57.79939766756376
3.104858538E9	57.11041756694035
3.10486621E9	19.999491216788073
3.104873738E9	0.0
3.104881204E9	36.212458887158576
3.1048886055E9	55.51248386263878
3.104895888E9	52.37293918531655
3.1049030315E9	52.94182112611331
3.1049100215E9	45.12206247200303
3.104916928E9	19.457275547160656
3.1049238165E9	46.24037973647598
3.104930685E9	43.97558276983328
3.1049375335E9	54.237189723353204
3.1049443175E9	15.303400507212784
3.1049510255E9	55.348668103474594
3.104957646E9	49.95374538397262
3.1049641205E9	2.1382109084129137
3.104970491E9	12.179034969274436
3.104976811E9	54.801869761159644
3.1049830915E9	34.01036088312197
3.104989311E9	49.517829724064555
3.104995483E9	34.34497148565958
3.1050016285E9	45.739914318399364
3.105007741E9	37.445827372042444
3.105013843E9	46.06176186322812
3.105019839E9	56.89532711371624
3.1050257E9	38.93754589600853
3.105031511E9	46.17950982887428
3.1050372955E9	0.0
3.105043063E9	0.9844514828678376
3.1050488005E9	57.92852044234085
3.1050545125E9	56.76069385356174
3.1050601615E9	24.05739852672171
3.1050657395E9	52.18333653680792
3.1050713015E9	30.657591548796482
3.1050767895E9	25.317995677853137
3.105082186E9	51.081634684785584
3.1050875235E9	58.10616318783586
3.105092801E9	55.56687091222031
3.105098007E9	46.14406251082851
3.1051031505E9	56.09542040082369
3.1051082045E9	47.00450772530855
3.105113172E9	0.9851019341348667
3.105118124E9	49.74017872888411
3.105123046E9	54.13727670014567
3.105127928E9	0.0
3.105132784E9	56.091227742933306
3.1051375455E9	46.6424898572165
3.105142205E9	46.809011180026076
3.1051468215E9	35.056252802616655
3.105151389E9	43.02092106142638
3.1051559265E9	33.86162820104017
3.105160444E9	55.12875751503006
3.105164943E9	55.377358599008
3.1051694125E9	0.0
3.1051738415E9	50.58038223245421
3.105178253E9	31.0267262780939
3.1051826085E9	52.787891320946805
3.1051869095E9	51.31824306773167
3.105191198E9	55.360908471109596
3.105195423E9	32.03734243519989
3.105199594E9	45.803611254462766
3.1052037465E9	1.3115799803729147
3.105207865E9	29.62862213727431
3.10521196E9	45.24754524706756
3.105216012E9	53.806806836418495
3.1052200195E9	0.0
3.105224006E9	38.34660921466134
3.1052278585E9	53.21832697314283
3.105231579E9	53.44596249322815
3.1052352765E9	42.91628551016049
3.1052389575E9	46.63123244818883
3.105242632E9	26.740579544153018
3.1052463045E9	51.42975899406217
3.105249957E9	46.73072527578284
3.10525359E9	53.154515801067525
3.105257213E9	22.91649186982196
3.105260822E9	26.39374416891726
3.1052644205E9	48.50274879156899
3.1052680095E9	35.67335884011277
3.1052715945E9	5.938144329896907
3.105275175E9	54.826828311763606
3.105278732E9	46.2733350881811
3.1052822555E9	32.61789146027879
3.105285765E9	25.00029536280398
3.1052892635E9	49.82339727410399
3.105292744E9	14.567363211437998
3.105296203E9	0.0
3.105299639E9	59.43081257875883
3.10530305E9	50.43863220833128
3.105306431E9	56.60081305314109
3.105309783E9	54.45771087687369
3.1053131135E9	53.45127820914499
3.105316433E9	57.1481427217099
3.105319747E9	0.9815542788025401
3.105323045E9	0.0
3.1053263115E9	0.9875763747454175
3.10532956E9	5.232267037552155
3.105332802E9	57.39966755215858
3.105336038E9	49.98903942761455
3.1053392555E9	54.64827022763128
3.105342453E9	57.67816739690903
3.105345638E9	38.38924905816105
3.1053488045E9	56.9804676713802
3.105351955E9	44.161366388375505
3.105355096E9	44.163575933829364
3.1053582345E9	57.42613983218223
3.1053613715E9	0.0
3.1053645055E9	0.0
3.1053676375E9	53.96864093874867
3.105370751E9	41.878913826544746
3.1053738455E9	57.302149574563366
3.105376939E9	49.46527342665662
3.105380015E9	7.9105691056910565
3.105383037E9	56.386147808108774
3.105386017E9	41.25942684766214
3.105388988E9	42.45029701325136
3.105391952E9	0.9917127071823204
3.10539491E9	56.02981709160536
3.105397855E9	54.50640281723958
3.105400789E9	14.12235013582328
3.10540371E9	52.58404517156508
3.1054066165E9	47.22508270282663
3.1054095145E9	57.01615533980583
3.1054124035E9	28.296391411530035
3.105415289E9	22.68179190751445
3.1054181705E9	0.0
3.105421047E9	43.05508942661757
3.105423915E9	57.36811754920987
3.1054267735E9	37.237966014085416
3.1054296205E9	40.47166963300065
3.10543244E9	41.07534150478936
3.105435239E9	53.428480780964
3.1054380315E9	52.07510851103982
3.105440812E9	51.43565814384885
3.105443576E9	59.45362237085986
3.1054463305E9	13.0
3.105449079E9	56.22516801779296
3.105451813E9	38.95773512053861
3.1054545365E9	51.98347509113001
3.1054572385E9	28.28454401069966
3.105459914E9	31.784500514933058
3.10546258E9	17.17340143381629
3.1054652375E9	36.670726456295746
3.105467887E9	58.11364239689167
3.105470528E9	58.27319004524887
3.105473162E9	28.32616759399764
3.105475793E9	33.91089782741471
3.1054784135E9	36.00258977300379
3.105481019E9	27.752710165678053
3.1054836015E9	53.712368571974764
3.1054861625E9	49.602382725241995
3.105488716E9	55.791331058020475
3.105491267E9	24.183508951575913
3.1054938115E9	52.06671114076051
3.1054963495E9	41.299782202862474
3.105498881E9	0.9894881170018281
3.1055013925E9	1.758317399617591
3.1055038895E9	26.39591836734694
3.105506379E9	33.254943040460915
3.105508858E9	45.686547168068
3.10551133E9	58.35953945270141
3.105513792E9	56.27800553345316
3.1055162415E9	19.753846153846155
3.105518682E9	43.412471692009056
3.105521118E9	49.585027904291486
3.105523549E9	50.23055415451415
3.105525972E9	54.037200095559875
3.105528388E9	37.15638044795547
3.1055308005E9	47.72494388601542
3.1055332065E9	33.9479280007461
3.105535606E9	50.18357479490312
3.1055380035E9	52.858739369377666
3.105540398E9	23.18945993031359
3.1055427875E9	52.69148613846387
3.1055451725E9	3.6539595405103182
3.1055475555E9	50.94294792098356
3.1055499375E9	32.87381516587678
3.105552312E9	54.649128686327074
3.1055546785E9	43.92603129445235
3.1055570425E9	55.51295000489015
3.105559404E9	35.74310372640748
3.105561761E9	47.88232504031674
3.105564112E9	22.35402820389101
3.1055664605E9	55.34923339011925
3.1055688045E9	42.52029167625352
3.105571144E9	56.548398791540784
3.1055734815E9	46.41605584642234
3.105575816E9	25.145307736120884
3.1055781475E9	35.358634465226075
3.105580476E9	46.998670659557376
3.1055827985E9	41.164318318913125
3.105585104E9	52.395459641255606
3.1055873965E9	57.481906322545406
3.105589686E9	44.469881224801135
3.1055919665E9	38.74596798920709
3.1055942405E9	50.3382949932341
3.105596511E9	52.769526637804574
3.1055987745E9	37.0797178884377
3.105601033E9	20.864922584089694
3.1056032815E9	53.686898189754785
3.105605521E9	47.459268972299625
3.1056077565E9	16.78691242441974
3.1056099875E9	27.761719509822992
3.1056122175E9	0.0
3.1056144435E9	0.0
3.1056166625E9	0.9803516028955532
3.1056188775E9	26.08803868581994
3.1056210895E9	20.765867212635275
3.105623296E9	22.53892425685498
3.105625496E9	23.62088843675822
3.1056276925E9	36.3064663268044
3.1056298885E9	46.979659215357856
3.105632076E9	38.47321703753929
3.1056342545E9	31.266327003242242
3.1056364325E9	24.972114304437373
3.1056386075E9	0.0
3.1056407785E9	56.145923600672035
3.105642947E9	35.26148494090736
3.105645114E9	52.704576976421635
3.105647276E9	43.53478002378121
3.105649431E9	44.64963503649635
3.105651583E9	11.333333333333334
3.105653732E9	57.582288838472124
3.105655878E9	40.0416210009916
3.1056580215E9	59.20300317643662
3.1056601635E9	23.916665355383866
3.1056623025E9	18.437008184225583
3.1056644355E9	38.594854504185335
3.1056665645E9	40.29980992844365
3.1056686915E9	57.310328802137796
3.1056708175E9	0.0
3.10567294E9	42.96309432808439
3.105675053E9	34.32495861534271
3.105677152E9	51.589868800376536
3.105679241E9	26.852300851300352
3.1056813275E9	30.744522029687065
3.105683412E9	56.9626335181808
3.105685491E9	33.45876520955385
3.105687566E9	23.53876069484055
3.1056896395E9	33.5626771475001
3.1056917095E9	26.456259136807333
3.105693777E9	28.458627648839556
3.105695838E9	0.0
3.105697891E9	43.457408637873755
3.1056999415E9	48.945399864452725
3.105701983E9	44.160377984818645
3.1057040115E9	56.01900141016755
3.1057060315E9	34.703280103582216
3.105708045E9	24.055995717344754
3.105710055E9	37.30232558139535
3.105712061E9	44.62388213712451
3.105714063E9	21.986664870689655
