#Position (bp)	mapping quality
3882144.5	54.94965300401385
1.16464325E7	56.91671235055238
1.94107205E7	57.25610173636188
2.71750085E7	58.22317763956593
3.49392965E7	58.21304738921555
4.27035845E7	58.2627380539709
5.04678725E7	58.24230560664374
5.82321605E7	58.22445905581314
6.59964485E7	58.26948452776552
7.37607365E7	58.20191936993619
8.15250245E7	58.12949259640399
8.92893125E7	58.220951893207506
9.70536005E7	58.235112937420816
1.048178885E8	56.600523504466715
1.125821765E8	58.17006450830183
1.203464645E8	22.754957133377033
1.281107525E8	11.32558823198063
1.358750405E8	0.0
1.436393285E8	31.649866071407327
1.514036165E8	52.392836851730905
1.591679045E8	57.41793537511177
1.669321925E8	58.2106448814284
1.746964805E8	58.21488002723906
1.824607685E8	58.21216185511402
1.902250565E8	58.226836541131874
1.979893445E8	58.19185642451706
2.057536325E8	57.660104899897675
2.135179205E8	58.20676973258543
2.212822085E8	58.13853745102381
2.290464965E8	56.999942411923946
2.368107845E8	58.12271943596344
2.445750725E8	58.11696485910892
2.487068195E8	53.05012481330466
2.525889635E8	57.97158008378516
2.601036485E8	58.17631909733969
2.678679365E8	58.14165581088986
2.756322245E8	58.2315894472044
2.833965125E8	57.599960171305405
2.911608005E8	58.24909952807785
2.989250885E8	58.22923047179569
3.066893765E8	58.279700643219066
3.144536645E8	58.26226921227149
3.222179525E8	58.18627874486322
3.299822405E8	58.187476058806816
3.377465285E8	39.850460650524354
3.455108165E8	53.302372932714135
3.532751045E8	57.809402771835956
3.610393925E8	52.131736413458576
3.688036805E8	58.167774357678184
3.765679685E8	56.355143757482566
3.843322565E8	57.981996770134735
3.920965445E8	58.25340787916724
3.998608325E8	58.20806565144126
4.076251205E8	58.17796996394023
4.153894085E8	58.16473786444357
4.231536965E8	58.205081334438795
4.309179845E8	58.24062696696365
4.386822725E8	58.21238229714953
4.464465605E8	58.23751057339926
4.542108485E8	58.29713493312167
4.619751365E8	58.24129401315786
4.697394245E8	58.16210469796253
4.775037125E8	58.180532122862026
4.852680005E8	58.03110850829085
4.90150048E8	57.115804544463806
4.94032192E8	58.125639907050974
5.007965765E8	58.21800725588325
5.085608645E8	58.226988647210554
5.163251525E8	58.18661867299954
5.240894405E8	58.23188239773388
5.318537285E8	58.175076940942674
5.396180165E8	58.32150211045343
5.473823045E8	58.26526231520473
5.551465925E8	58.247792748594904
5.629108805E8	58.13232201783783
5.706751685E8	58.01168482754609
5.784394565E8	53.88741041902417
5.862037445E8	44.10805593523165
5.939680325E8	58.17984157713248
6.017323205E8	58.25102464114305
6.094966085E8	58.18220291461839
6.172608965E8	58.042357594341055
6.250251845E8	58.11811919967538
6.327894725E8	58.22143555974656
6.405537605E8	58.23890117294711
6.483180485E8	58.24522848065372
6.560823365E8	58.20983565995949
6.638466245E8	58.26019509443744
6.716109125E8	58.29099228839271
6.793752005E8	58.06996051011105
6.863514275E8	57.311555256131896
6.902335715E8	56.51952983200561
6.949037765E8	56.369108186613914
7.026680645E8	57.620413721692366
7.104323525E8	58.08411523382528
7.181966405E8	58.21959281811902
7.259609285E8	58.2878193917245
7.337252165E8	58.241352851985596
7.414895045E8	32.57579235408231
7.492537925E8	58.17895743582139
7.570180805E8	58.18392212210254
7.647823685E8	58.1706783602105
7.725466565E8	58.16514683401841
7.803109445E8	58.22984308679226
7.880752325E8	58.21621032001251
7.958395205E8	58.22556007946491
8.036038085E8	58.1891670280221
8.113680965E8	58.13466086880639
8.191323845E8	58.01015057331404
8.268966725E8	58.165162214332895
8.346609605E8	58.237083278721144
8.424252485E8	58.24132422593539
8.501895365E8	58.18904638816353
8.579538245E8	58.16340772335796
8.657181125E8	58.23883144060882
8.734824005E8	58.126446508493906
8.78512305E8	52.89690607280318
8.82394449E8	57.85955544803351
8.890109765E8	58.15172150686488
8.967752645E8	57.45209257831933
9.045395525E8	58.204695076897885
9.123038405E8	58.09230527451212
9.200681285E8	58.24341961384984
9.278324165E8	43.574030136267496
9.355967045E8	58.24320139525423
9.433609925E8	58.22827192974781
9.511252805E8	49.447543545349895
9.588895685E8	58.24807304601748
9.666538565E8	58.242649726136804
9.744181445E8	58.194569184026946
9.821824325E8	58.08603728164237
9.899467205E8	58.17820212653331
9.977110085E8	58.191394684032346
1.0054752965E9	58.22869055085286
1.0132395845E9	58.19307471569938
1.0210038725E9	58.29017986508045
1.0287681605E9	58.16850057635271
1.0365324485E9	58.178607626066345
1.0442967365E9	58.1896830629908
1.0520610245E9	57.67160898429791
1.0585707465E9	56.236319425908746
1.0624528905E9	57.76430854739115
1.0675896005E9	58.16459576423685
1.0753538885E9	58.23866834673634
1.0831181765E9	58.20233752818683
1.0908824645E9	56.788857659560854
1.0986467525E9	58.22420602331037
1.1064110405E9	58.23526754245952
1.1141753285E9	58.22950307167456
1.1219396165E9	42.66520172441336
1.1297039045E9	58.20773566670399
1.1374681925E9	58.22871139828588
1.1452324805E9	58.185889437593495
1.1529967685E9	58.24149145135335
1.1607610565E9	58.22809617911135
1.1685253445E9	58.28068328364609
1.1762896325E9	58.19156864143004
1.1840539205E9	58.289242467250666
1.1918182085E9	58.166683637844756
1.1995824965E9	58.27154005604872
1.2073467845E9	58.30262848303323
1.2151110725E9	58.17052641392152
1.2228753605E9	57.74111105585484
1.229380904E9	57.45154018653219
1.233263048E9	57.58177659238332
1.2384039365E9	57.483892556903704
1.2461682245E9	58.25843973923598
1.2539325125E9	58.214272464660745
1.2616968005E9	58.09202667428266
1.2694610885E9	58.143135716113036
1.2772253765E9	58.22774376841384
1.2849896645E9	57.49120455601298
1.2927539525E9	26.787618692477498
1.3005182405E9	57.17591837245376
1.3082825285E9	53.84025545850641
1.3160468165E9	58.229113010986445
1.3238111045E9	58.2303743255887
1.3315753925E9	54.339121042913106
1.3393396805E9	58.23931468936585
1.3471039685E9	58.235674587872545
1.3548682565E9	58.210379782355304
1.3626325445E9	58.15585273622611
1.3703968325E9	58.23106879759585
1.3781611205E9	56.15231427203181
1.3859254085E9	57.90168679150531
1.3905789145E9	57.25254826254826
1.3944610585E9	56.43883214426573
1.4014539845E9	51.63371059479879
1.4092182725E9	58.21004404352907
1.4169825605E9	58.229670340492504
1.4247468485E9	58.22087703376012
1.4325111365E9	49.26511738214212
1.4402754245E9	53.700582149592755
1.4480397125E9	58.132018160210855
1.4558040005E9	58.19529164877771
1.4635682885E9	58.143306110862525
1.4713325765E9	58.24600289272816
1.4790968645E9	53.60168763652852
1.4868611525E9	58.253449687108684
1.4946254405E9	58.27518209792188
1.5023897285E9	58.24875050916762
1.5101540165E9	58.219953100151386
1.5179183045E9	58.10193957125355
1.5256825925E9	58.15472888459634
1.5330268245E9	58.026034530449756
1.5369089685E9	55.661527618404556
1.5412111685E9	58.273372665529074
1.5489754565E9	58.2402392417709
1.5567397445E9	58.23941970961535
1.5645040325E9	58.197887535938804
1.5722683205E9	55.90611638426105
1.5800326085E9	28.946255517937715
1.5877968965E9	0.0
1.5955611845E9	17.954188538395684
1.6033254725E9	37.5373089294523
1.6110897605E9	58.30412516233185
1.6188540485E9	58.13991571681774
1.6266183365E9	58.10090577239543
1.6343826245E9	58.013496181931934
1.6421469125E9	58.197849264539705
1.6499112005E9	58.01832765460016
1.6576754885E9	58.15754997820771
1.6654397765E9	58.248653593377696
1.672102775E9	57.25060970507211
1.675984919E9	56.63642227916608
1.6809683525E9	58.16017510460507
1.6887326405E9	58.23204407956167
1.6964969285E9	58.18024218496723
1.7042612165E9	58.19055564357654
1.7120255045E9	43.35479605743111
1.7197897925E9	43.78800637235273
1.7275540805E9	57.94237094679223
1.7353183685E9	58.21776073681444
1.7430826565E9	58.213326269710905
1.7508469445E9	58.183184188049864
1.7586112325E9	57.53913985405452
1.7663755205E9	58.247975747326414
1.7741398085E9	58.274458925195844
1.7819040965E9	58.22025200924124
1.7896683845E9	58.1959189161087
1.7974326725E9	58.19136895857634
1.804997934E9	56.37818094087789
1.808880078E9	46.674708585665606
1.8129612485E9	57.30800702130265
1.8207255365E9	58.21863535352874
1.8284898245E9	58.139856401232606
1.8362541125E9	58.241709812632685
1.8440184005E9	58.22403714605354
1.8517826885E9	58.18566969237382
1.8595469765E9	34.409824528987805
1.8673112645E9	58.18544971366546
1.8750755525E9	58.21375589093848
1.8828398405E9	58.22104862924484
1.8906041285E9	58.20389813390632
1.8983684165E9	56.920741742695085
1.9061327045E9	58.13965095214454
1.9138969925E9	58.248645346606075
1.9216612805E9	58.207812045554135
1.9294255685E9	58.20071079756255
1.9371898565E9	58.19096764043949
1.942419837E9	58.07191689418445
1.946301981E9	57.909983865313066
1.9527184325E9	57.98532828353732
1.9604827205E9	58.24398177978495
1.9682470085E9	58.226262011272524
1.9760112965E9	43.03394077449453
1.9837755845E9	53.70442215859766
1.9915398725E9	58.25551298366546
1.9993041605E9	58.2239099521321
2.0070684485E9	58.18727068902152
2.0148327365E9	58.208309965031354
2.0225970245E9	58.26661206546697
2.0303613125E9	58.24549544486954
2.0381256005E9	58.2082877733045
2.0458898885E9	58.28403403740464
2.0536541765E9	58.29838568017403
2.0614184645E9	58.269521677800995
2.0691827525E9	58.17491337340562
2.0750539395E9	57.912244519226455
2.0789360835E9	0.0
2.0847113285E9	0.0
2.0924756165E9	10.628604889460997
2.1002399045E9	58.22877177013938
2.1080041925E9	58.18633525238619
2.1157684805E9	58.226061955132245
2.1235327685E9	58.16640892748123
2.1312970565E9	57.8944325831521
2.1390613445E9	58.04704152673713
2.1468256325E9	58.246319117863614
2.1545899205E9	58.240612298674925
2.1623542085E9	58.28527095293147
2.1701184965E9	58.26501004862588
2.1778827845E9	58.218597450826884
2.1856470725E9	58.02969802312699
2.1904682635E9	57.93108958913511
2.1943504075E9	0.0
2.2011756485E9	0.0
2.2089399365E9	40.17391620718884
2.2167042245E9	58.1773017270128
2.2244685125E9	58.30206358545968
2.2322328005E9	58.226680184256104
2.2399970885E9	58.23891309210337
2.2477613765E9	58.182612118340884
2.2555256645E9	58.22383096611212
2.2632899525E9	58.23949812544873
2.2710542405E9	58.24093354957108
2.2788185285E9	58.13573550480196
2.2865828165E9	58.18061118190469
2.2943471045E9	57.91766475762963
2.2983401385E9	57.99304449011383
2.3022222825E9	0.0
2.3098756805E9	0.0
2.3176399685E9	22.42335064762469
2.3254042565E9	54.31743132665446
2.3331685445E9	55.63580543232289
2.3409328325E9	57.946589720277025
2.3486971205E9	58.22946707109257
2.3564614085E9	58.18263148096808
2.3642256965E9	58.25307682521662
2.3719899845E9	57.67984600368241
2.3797542725E9	56.75727591271757
2.3875185605E9	57.959490345777
2.3952828485E9	58.126105084204205
2.399803605E9	55.779228954255196
2.403685749E9	57.787789431360224
2.4108114245E9	58.23751968936548
2.4185757125E9	50.835192643907995
2.4263400005E9	54.60862541344719
2.4341042885E9	38.76120644184901
2.4418685765E9	1.9105891517242741
2.4496328645E9	51.625611034455765
2.4573971525E9	58.16715154376911
2.4651614405E9	58.28514135691452
2.4729257285E9	57.33946959263333
2.4806900165E9	58.163818067898944
2.4876763615E9	57.21602038678039
2.4915585055E9	57.30690419829755
2.4962185925E9	58.169180361539766
2.5039828805E9	58.029637487952165
2.5117471685E9	44.538289156948444
2.5195114565E9	48.45378902864259
2.5272757445E9	54.625205209828934
2.5350400325E9	54.85955580071979
2.5428043205E9	58.25571762973606
2.5505686085E9	58.16136078243246
2.5583328965E9	58.0788416900346
2.5660971845E9	58.23153998240664
2.572008666E9	57.7340261550538
2.57589081E9	56.31690587959643
2.5816257605E9	58.16723719966351
2.5893900485E9	28.024275879391716
2.5971543365E9	53.97426161532777
2.6049186245E9	58.28982959765773
2.6126829125E9	58.13703678587626
2.6204472005E9	58.048246315454975
2.6282114885E9	58.208904180841294
2.6359757765E9	58.22927225310089
2.6437400645E9	58.248596589093516
2.6510167485E9	57.89307934032653
2.6548988925E9	48.73778431715187
2.6592686405E9	58.09237607244341
2.6670329285E9	57.67839380705588
2.6747972165E9	58.23893600780291
2.6825615045E9	57.001399405406545
2.6903257925E9	55.42657058252878
2.6980900805E9	58.20657431178917
2.7058543685E9	57.17009197928007
2.7113827085E9	58.11133132478437
2.7152648525E9	58.06487215704835
2.7213829445E9	58.1725718284637
2.7291472325E9	58.174364968471004
2.7369115205E9	43.165009099307454
2.7446758085E9	46.988863674448496
2.7524400965E9	58.30128648939505
2.7602043845E9	58.25605385632806
2.7679686725E9	58.19805613702924
2.774661944E9	57.74784739744091
2.778544088E9	0.0
2.7834972485E9	25.089436521528533
2.7912615365E9	52.96734972134039
2.7990258245E9	58.28245053853026
2.8067901125E9	58.25319891272315
2.8145544005E9	57.90316465288562
2.8213097995E9	55.63866877999602
2.8251919435E9	0.0
2.8300829765E9	0.0
2.8378472645E9	38.79706019999306
2.8456115525E9	53.80141143191823
2.8533758405E9	58.246282575022555
2.8611401285E9	58.178246480394385
2.8689044165E9	58.13149128102963
2.8738940415E9	57.563933322412865
2.8777761855E9	56.668516163438774
2.8844329925E9	58.14991164452926
2.8921972805E9	58.264018090755904
2.8999615685E9	58.256195857035266
2.9077258565E9	58.2518348555676
2.9154901445E9	58.191507025844864
2.9232544325E9	56.197695230702806
2.9310187205E9	43.820328041445435
2.9387830085E9	46.05742072362923
2.9465472965E9	56.248681357688504
2.9543115845E9	58.26048445968396
2.9620758725E9	57.94822930678692
2.9698401605E9	58.040613364922976
2.9776044485E9	56.10128292064396
2.9853687365E9	58.25545844430185
2.9931330245E9	56.45913327960493
3.0008973125E9	58.25738260622047
3.0086616005E9	57.272537380476734
3.0164258885E9	56.54054033314322
3.0241901765E9	57.341864117974836
3.029557369E9	53.9361460256791
3.033439513E9	51.88108015903216
3.0397187525E9	23.172506024306227
3.0474830405E9	6.519764111204718
3.0552473285E9	9.672155584715203
3.0630116165E9	0.0
3.0707759045E9	0.0
3.0785401925E9	0.0
3.0853460845E9	44.512271424322854
3.088278117E9	58.12135185489087
3.088373929E9	47.52678498849173
3.0884774725E9	47.842319495811545
3.0885573295E9	54.37091654420704
3.0886546005E9	27.330148334002693
3.0887081185E9	34.45341055059988
3.0887493115E9	31.407873535010115
3.088858438E9	29.114991240252728
3.088966832E9	52.90175235866831
3.089008063E9	44.09104279777732
3.089109657E9	11.617842888593797
3.089267292E9	11.29914650207367
3.08942189E9	8.403619068988453
3.089604443E9	37.00014203376749
3.089755642E9	45.85079255909318
3.0898220175E9	9.132058880549478
3.0898610755E9	24.00333736204841
3.089968525E9	36.161285642522486
3.0900764725E9	36.61636594762965
3.090141311E9	4.645042601557333
3.090191469E9	0.54466012941098
3.090297168E9	36.897083337093825
3.090503609E9	33.43497240624176
3.0907062205E9	50.96761426211454
3.09089898E9	43.16600146831124
3.091013772E9	45.19722231854386
3.091052607E9	47.979202725665296
3.0911587895E9	47.76883107127477
3.091267064E9	56.3216331314065
3.0915130575E9	8.880160012423193
3.092673561E9	20.36733568560693
3.093702736E9	46.16897483624095
3.093935951E9	34.43145932699514
3.094132646E9	30.08914974100952
3.0942642985E9	10.910107859577721
3.094360447E9	47.81239750164136
3.0944711045E9	18.178562934323647
3.0946435155E9	14.72481927412603
3.094747446E9	43.30423418342884
3.0948598115E9	10.21493352167167
3.0950026905E9	39.19154878037037
3.095104297E9	41.357032803549615
3.095190977E9	22.460364895866608
3.0952465895E9	0.0
3.0952663465E9	0.0
3.095268566E9	0.0
3.0952706195E9	32.60370686501646
3.0952723265E9	0.9946666666666667
3.0952838005E9	12.521028701335606
3.0952967465E9	11.78473319140169
3.095299555E9	0.9683597002497918
3.0953008775E9	0.9772296015180265
3.0953027375E9	0.0
3.0953043745E9	0.0
3.095311073E9	6.1013824884792625
3.0953361175E9	41.7850975975976
3.095355552E9	7.2542703757930695
3.0953574645E9	3.2893501359031383
3.095360032E9	0.0
3.095361791E9	24.740074652188667
3.095363378E9	11.804121955373871
3.095365611E9	29.16221284575715
3.0953678415E9	7.9244288224956065
3.095369933E9	50.45454545454545
3.095371677E9	2.980916030534351
3.09537289E9	0.0
3.0953743225E9	0.0
3.095375945E9	59.716446124763706
3.095572656E9	44.74706863647874
3.095769303E9	46.19773626275945
3.0957708065E9	24.164373232799246
3.0957736535E9	49.557562356271006
3.095822105E9	46.057789348076604
3.095924849E9	23.60717348440427
3.095983129E9	54.77728456656517
3.095986364E9	26.839818705803193
3.0959887305E9	45.02918950955697
3.0959909825E9	38.811393098411536
3.095993051E9	54.08203435417813
3.0959946765E9	51.86273140062871
3.096006671E9	40.29274235671975
3.0960870785E9	40.69287943070834
3.0961589785E9	53.53742405832321
3.096165879E9	52.69897794295871
3.096173123E9	52.24551602237846
3.09617898E9	52.336755768859305
3.096183283E9	51.01496501499357
3.096185859E9	25.10683805710673
3.0961883E9	10.166857579228713
3.0961908755E9	12.154984423676012
3.096192456E9	0.0
3.096238607E9	48.183928159820574
3.0962848625E9	0.0
3.096286263E9	58.79678530424799
3.0962877625E9	48.24844720496895
3.096289947E9	32.822011468901636
3.096292208E9	45.36301615798923
3.0962965075E9	3.6251755939656753
3.096315547E9	9.61829554232121
3.0963533005E9	37.48434237248068
3.09637788E9	48.99060546721482
3.096382479E9	58.16543499511241
3.0963879875E9	14.521655340298205
3.0963943185E9	27.096257971363254
3.096398918E9	33.539267015706805
3.0964033365E9	38.70665000426653
3.0964070605E9	49.83760250232479
3.0964084065E9	1.9225806451612903
3.0964096105E9	0.0
3.096411644E9	19.27628410534499
3.0964135175E9	0.0
3.0964147555E9	0.0
3.0964161835E9	0.0
3.0964174105E9	23.2445
3.096418484E9	11.91535738682233
3.096419946E9	0.0
3.096422275E9	0.0
3.0964254675E9	0.0
3.0964313925E9	2.7473882156289178
3.0964360765E9	0.0
3.096437123E9	0.0
3.0964382945E9	0.0
3.096440137E9	0.0
3.096442099E9	0.0
3.096443439E9	34.273836276083465
3.0964449505E9	0.0
3.0964464985E9	0.0
3.0964475915E9	0.0
3.0964489705E9	0.0
3.0964506065E9	0.0
3.0964522235E9	0.0
3.0964537525E9	59.80748663101604
3.0964552355E9	32.97040358744395
3.09645655E9	0.0
3.0964580005E9	6.948697068403908
3.0964594605E9	0.0
3.096462063E9	32.770817533747916
3.0964647385E9	0.0
3.0964666345E9	0.0
3.0964687875E9	0.0
3.096470338E9	0.0
3.0964722525E9	0.7581317764804003
3.096474844E9	9.230975828111012
3.0964802425E9	56.94603739209647
3.0964880595E9	54.3168386707443
3.0965833285E9	33.1001022337754
3.0967643755E9	53.7362009939837
3.0969348755E9	22.963208933654954
3.097105623E9	39.43624541520452
3.0972741855E9	13.74596272790401
3.0973604055E9	2.9070734489038266
3.097450029E9	2.925865693062665
3.0976374775E9	14.310466425990233
3.0978270425E9	33.04448109000188
3.0979310955E9	44.59732935977927
3.097952041E9	1.9796954314720812
3.0979864125E9	52.972585584122534
3.098119023E9	24.392029905801486
3.098265051E9	14.361551616585544
3.098391091E9	52.82628250685931
3.0985448955E9	41.06676302056625
3.0986946915E9	36.5855701046225
3.098783935E9	0.0
3.0988292795E9	32.51806331853624
3.098880847E9	18.318722966058015
3.098919304E9	36.97272501036914
3.0989774605E9	28.613174180708626
3.099052881E9	43.110626362327366
3.0991573655E9	28.172251695267672
3.099319594E9	26.49301273653816
3.0995012675E9	23.012887497924766
3.099670145E9	36.87358778968596
3.09983663E9	0.0
3.0999236415E9	0.0
3.099926258E9	52.09577323045958
3.0999293305E9	53.204765419947506
3.0999317075E9	47.795744680851065
3.099933225E9	0.9879807692307693
3.099934473E9	46.965027322404374
3.099935544E9	58.005115089514064
3.099936873E9	53.188761078634734
3.0999392435E9	57.38736193167223
3.0999417715E9	58.389625630794505
3.099944294E9	59.340464773146444
3.099947122E9	0.9410112359550562
3.099949542E9	49.72161354581673
3.099951465E9	0.0
3.0999532635E9	0.0
3.0999548975E9	0.0
3.099956276E9	0.0
3.0999589355E9	58.89598299369594
3.099961492E9	0.0
3.0999627755E9	0.0
3.099966206E9	54.55828736500851
3.099971928E9	0.0
3.0999763185E9	57.72632477012039
3.0999787225E9	13.0
3.099980804E9	0.0
3.099982934E9	59.45750452079566
3.0999846185E9	13.10494752623688
3.0999859675E9	11.56140350877193
3.099987108E9	0.0
3.0999883185E9	45.92
3.099989888E9	31.76508854354897
3.0999934275E9	56.70210846769647
3.099997199E9	49.63917525773196
3.0999989405E9	0.0
3.100000503E9	50.964678178963894
3.100002242E9	50.908396946564885
3.100004537E9	48.88523303549867
3.100007437E9	51.29535655058043
3.1000093805E9	0.0
3.1000104305E9	54.23450413223141
3.100011833E9	0.0
3.1000136915E9	25.00851536467975
3.1000154645E9	58.06498329001114
3.100017134E9	34.94931209268646
3.1000187915E9	47.03425414364641
3.100020568E9	0.0
3.1000221625E9	57.854304635761586
3.1000236955E9	59.34489402697495
3.1000264625E9	51.104305978623316
3.100029677E9	55.85776805251641
3.100031578E9	59.70873786407767
3.1000326205E9	0.0
3.100033658E9	0.0
3.100035464E9	42.39605517135589
3.1000409715E9	41.97525022222597
3.1000479435E9	23.16922018319666
3.100051797E9	56.08767912542473
3.100053416E9	55.828220858895705
3.10005829E9	56.95982962700042
3.1000639665E9	32.642652825836215
3.1000665115E9	15.244614822928076
3.100068816E9	55.70032347504621
3.100070957E9	51.403186022610484
3.1000725955E9	0.0
3.10007379E9	31.380321447087965
3.1000757855E9	58.8377153218495
3.1000785755E9	55.0813100657562
3.1000897445E9	56.727680004466094
3.1001009405E9	57.72093194449557
3.1001076425E9	58.845715901733286
3.1001174535E9	0.0
3.10012562E9	58.99458623356535
3.1001304845E9	57.18285681145972
3.1001326025E9	33.83747960848287
3.100134138E9	24.14496365524403
3.100136976E9	58.319870933046516
3.1001412695E9	57.68587975730833
3.1001454075E9	0.0
3.1001489115E9	0.0
3.1001523505E9	58.8954029916169
3.1001553555E9	50.13278388278388
3.1001569595E9	56.609414195071565
3.1001596515E9	58.25209488964948
3.100164687E9	0.0
3.100169456E9	58.58080793600734
3.100173756E9	58.68610933986643
3.100178605E9	0.0
3.100182461E9	57.87050036502499
3.1001845245E9	18.595231494316607
3.100186698E9	57.89980593689355
3.1001901715E9	58.1916306524718
3.1001926785E9	40.845593929069224
3.1001942255E9	0.0
3.100196577E9	58.74948917041275
3.100199826E9	58.460114751064225
3.1002050385E9	59.23216226005071
3.1002116325E9	58.24316935717886
3.100215983E9	59.12956708627571
3.100218536E9	0.0
3.1002222875E9	0.0
3.100226716E9	0.0
3.100230998E9	57.8701122067324
3.10023432E9	58.201563372417645
3.100237109E9	32.328140520377026
3.100241596E9	58.00256988514187
3.1002465235E9	59.001397535256004
3.100249222E9	7.614973262032086
3.1002504975E9	0.0
3.1002526125E9	0.0
3.1002555955E9	57.8498985801217
3.1002585615E9	53.78706854642684
3.1002608765E9	56.844973890339425
3.100264232E9	0.0
3.1002683515E9	0.0
3.1002730005E9	58.00281418557991
3.100276567E9	0.0
3.1002785615E9	58.38893722809198
3.1002805655E9	40.807827769234585
3.1002818545E9	0.0
3.100283864E9	0.0
3.100286221E9	0.0
3.1002886105E9	25.868160535117056
3.100297238E9	58.22725390031755
3.100308266E9	58.25005912961211
3.1003148695E9	0.0
3.1003201675E9	59.16824053788623
3.100323191E9	56.22409823484267
3.100327556E9	58.11195657010635
3.1003361335E9	58.388008084046206
3.100341505E9	37.64196076120898
3.100343284E9	55.104333814495284
3.1003451525E9	58.555221115999075
3.10034797E9	57.489741049950474
3.1003522945E9	58.31063377003392
3.1003595775E9	57.884351213511366
3.100367519E9	57.50803981039765
3.1003726985E9	58.12605042016807
3.1003758895E9	59.2345911105143
3.1003787135E9	0.0
3.1003813635E9	0.0
3.100384543E9	58.60784635587656
3.100388122E9	24.338674007152267
3.100390936E9	58.35315611583082
3.1003962175E9	58.81630997058525
3.1004020815E9	58.9043473269297
3.1004062135E9	20.057969805655183
3.100409423E9	0.0
3.1004119315E9	57.77666749937547
3.100414125E9	57.41579731743666
3.100417918E9	58.8090198246584
3.100423028E9	58.06373508990564
3.1004269835E9	58.07818959889751
3.1004299135E9	0.0
3.100431937E9	0.0
3.100433132E9	0.0
3.100434876E9	0.0
3.1004377605E9	51.44703775069883
3.1004408225E9	58.133449284528425
3.1004441155E9	0.0
3.1004490815E9	58.17312943746587
3.100453243E9	58.42647188242542
3.1004556705E9	57.87118212669683
3.1004587745E9	0.0
3.100461398E9	31.522942461762565
3.100462798E9	45.72734584450402
3.1004649905E9	58.30917081746264
3.100471036E9	0.0
3.1004779445E9	58.29243926804902
3.1004820575E9	45.472422212483565
3.100486718E9	58.709314111949546
3.1004910255E9	0.0
3.10049749E9	0.0
3.1005038655E9	0.0
3.1005113075E9	0.0
3.100520375E9	58.523332355037525
3.100524579E9	58.71403678606002
3.100528576E9	58.591268832819026
3.100533401E9	57.698739582615886
3.1005371995E9	59.25516491482421
3.100540127E9	0.0
3.100544135E9	0.0
3.1005486665E9	55.72940572015756
3.1005512115E9	55.35931711224592
3.100552639E9	0.0
3.1005539095E9	0.0
3.1005560785E9	0.0
3.100558656E9	57.66933850083678
3.100561947E9	49.84541622550292
3.10056789E9	0.0
3.100573138E9	0.0
3.100576513E9	58.62262038073908
3.100580371E9	56.22389420884633
3.100591292E9	16.749345288879958
3.100602639E9	0.0
3.100606305E9	58.83325882878856
3.100608874E9	58.36622807017544
3.1006116575E9	58.96271298959947
3.1006156585E9	0.0
3.100620518E9	0.0
3.1006254325E9	58.42941124761005
3.1006312815E9	0.0
3.1006367155E9	43.72615462134833
3.100640534E9	58.936155731010075
3.100643878E9	55.46333275544138
3.100647993E9	0.0
3.1006508345E9	5.542553191489362
3.100653317E9	58.67360685854256
3.1006563755E9	55.799740075614366
3.1006598935E9	58.30180919152476
3.1006649805E9	49.72875919933564
3.1006712605E9	58.91828533154722
3.1006757165E9	46.97516656571775
3.100677201E9	20.377133540530902
3.10067847E9	0.0
3.100683289E9	58.43234667512805
3.1006885805E9	56.74333185152256
3.100691006E9	58.88958456098998
3.1006942785E9	0.0
3.1006969395E9	0.0
3.1006991355E9	43.529711903428534
3.1007016905E9	0.8744343891402715
3.100704182E9	50.3679513954813
3.100706833E9	42.539430468044756
3.100708945E9	0.0
3.100712266E9	0.0
3.10071577E9	56.880313930673644
3.100717503E9	58.95652173913044
3.100719116E9	58.285714285714285
3.1007206285E9	0.0
3.1007221265E9	53.84285714285714
3.100724699E9	56.084573843625265
3.1007268945E9	0.0
3.1007289465E9	0.0
3.1007309285E9	0.0
3.1007330965E9	57.923497267759565
3.1007392415E9	57.540300487709
3.1007470865E9	57.67992658218912
3.1007528755E9	0.0
3.1007561985E9	59.31445603576751
3.1007588475E9	59.13017041363309
3.100761762E9	58.59051128512206
3.1007635275E9	45.95249795249795
3.100764747E9	0.9772286821705426
3.1007667445E9	43.42894105294735
3.1007691425E9	57.28418445399578
3.100772442E9	0.0
3.100775528E9	55.5221326437481
3.100781116E9	58.93519601617593
3.10079114E9	58.458941595832194
3.100797975E9	58.74801901743265
3.1008007345E9	58.52099168857001
3.100804877E9	58.654889198822254
3.100809349E9	0.0
3.1008114985E9	0.0
3.1008137425E9	5.846033234439611
3.1008164375E9	2.1042682320167145
3.100825815E9	10.242896045848237
3.100837982E9	6.253884674074233
3.100842972E9	24.38526912181303
3.1008451085E9	58.92752681182971
3.10084822E9	43.172413793103445
3.1008510465E9	46.24503058103976
3.100852321E9	0.0
3.1008571395E9	58.56040511212925
3.1008619615E9	0.0
3.1008648315E9	59.01078815631185
3.100868278E9	57.70202633752855
3.100873156E9	53.95846746634706
3.1008795525E9	37.256264804887174
3.100884274E9	39.11089851620015
3.10088846E9	23.461839810128392
3.1008916615E9	7.6454179857961835
3.10089384E9	1.9873760144274122
3.1008970555E9	57.29168315588658
3.1008998325E9	19.347341337907377
3.100902708E9	53.729544783827656
3.1009063655E9	40.65488039112974
3.1009089965E9	42.09564539659066
3.1009125255E9	45.52484035956254
3.1009156975E9	48.93627518158147
3.100917935E9	44.70312459883437
3.1009210515E9	43.76890198024557
3.1009240305E9	50.190995327764405
3.100926116E9	46.61794807788318
3.1009275335E9	27.618222058281077
3.100928649E9	38.70063262539539
3.1009304855E9	50.673125867653866
3.100935775E9	58.67687188019967
3.1009404825E9	0.0
3.1009433075E9	33.05586225997046
3.100962012E9	10.326814163884753
3.100979643E9	5.716089792696799
3.1009826315E9	53.33702786108576
3.100986095E9	56.35286250707268
3.100988659E9	44.52205141129032
3.1009913515E9	50.30969128565846
3.100994484E9	55.89386480970104
3.100999235E9	50.691174017017964
3.1010045095E9	50.54164373562586
3.101007663E9	18.44321206743567
3.101009454E9	54.8309705561614
3.1010139635E9	58.402999815859516
3.10102777E9	57.94854450640637
3.101038557E9	58.40576208178439
3.1010399745E9	0.0
3.10104147E9	9.334851936218678
3.101043057E9	15.84424778761062
3.101044461E9	0.0
3.101046252E9	0.0
3.101048543E9	59.18774902789112
3.101051444E9	56.28026214340787
3.101053714E9	0.0
3.101055658E9	0.0
3.1010593945E9	0.0
3.1010636115E9	59.413035860296695
3.101066684E9	0.9081632653061225
3.101069485E9	0.0
3.10107171E9	0.0
3.1010747125E9	57.68951930654058
3.101082788E9	58.53713909681665
3.1010891985E9	0.0
3.101090371E9	0.0
3.101091454E9	0.0
3.1010926105E9	0.0
3.101093789E9	0.0
3.101094954E9	0.0
3.1010960955E9	44.698660714285715
3.1010976565E9	53.57994041708044
3.1010992105E9	59.510703363914374
3.1011004015E9	0.0
3.101103073E9	58.031662269129285
3.101108811E9	0.0
3.1011134185E9	0.9546979865771812
3.1011171035E9	57.023063360706516
3.1011208445E9	0.0
3.1011223705E9	54.70910319963948
3.1011236055E9	58.70190439176059
3.101126918E9	57.987917988772274
3.101130602E9	27.554879661465222
3.1011321595E9	0.0
3.101133927E9	51.80628272251309
3.1011356635E9	0.0
3.1011368845E9	50.22151372331577
3.1011381815E9	0.0
3.10113931E9	54.69387755102041
3.1011404165E9	0.0
3.101141667E9	58.27457586331368
3.101143503E9	43.84719698028799
3.1011454715E9	58.598392823771256
3.101147397E9	57.509669225884664
3.1011501335E9	17.1280276816609
3.101157518E9	56.31082113135995
3.1011645045E9	57.38275203538044
3.1011668885E9	19.963108211970123
3.1011686545E9	52.94117647058823
3.1011709785E9	58.67970660146699
3.101173445E9	54.79274611398964
3.101205684E9	37.07479200324056
3.1012403025E9	33.40847227846541
3.1012453615E9	40.20201713809055
3.1012505225E9	50.97509370837334
3.1012614495E9	40.67710306128344
3.1012739195E9	41.20957140646758
3.101281912E9	53.32717395267437
3.1012871705E9	49.44101228402503
3.101295694E9	45.427085794541036
3.1013044905E9	54.19751066407169
3.1013083555E9	52.17380007724448
3.1013114625E9	39.33968212610735
3.101316135E9	44.222253340142665
3.1013198035E9	46.17760481160446
3.101320917E9	0.0
3.101322018E9	57.02349590601638
3.1013238925E9	27.78557719421123
3.101326703E9	25.327821300021174
3.1013294495E9	26.98085286419899
3.1013318685E9	16.880929640241963
3.1013343305E9	21.26151877133106
3.101336736E9	12.108836486136305
3.101339303E9	21.391956014159824
3.101342702E9	45.18022526277146
3.101345195E9	2.8363636363636364
3.1013472335E9	59.47712418300654
3.101349218E9	58.83802816901409
3.1013517465E9	58.41443272773472
3.101354867E9	54.51127819548872
3.1013568785E9	26.943995691976305
3.101370363E9	57.586352077333736
3.1013921985E9	57.7196153582917
3.1014090845E9	57.9609411041058
3.101423574E9	58.347048222749386
3.101436092E9	0.0
3.1014467775E9	0.0
3.10145676E9	56.85787705708442
3.1014665925E9	58.84727596689404
3.101476343E9	58.14652869041506
3.1014858855E9	58.19044563029126
3.1014950245E9	0.0
3.101503724E9	0.0
3.1015121195E9	51.03860184130783
3.101520406E9	0.0
3.101528602E9	58.99190715845995
3.101536693E9	57.05141059061251
3.1015446345E9	58.91394803672592
3.1015524055E9	58.5632335686749
3.1015601115E9	0.0
3.101567702E9	58.51337731990586
3.1015751255E9	0.0
3.1015823905E9	56.273526115220804
3.101589504E9	35.2573596128642
3.101596546E9	0.0
3.101603554E9	0.0
3.1016105495E9	0.0
3.101617536E9	18.928393917695125
3.101624424E9	0.0
3.101631085E9	56.12727338598652
3.1016374705E9	55.10577186235109
3.1016435565E9	58.0922825021181
3.1016494765E9	0.0
3.1016553825E9	57.58767667844523
3.101661271E9	0.0
3.1016671275E9	0.0
3.101672916E9	0.0
3.101678576E9	0.0
3.101684071E9	0.0
3.1016894025E9	58.22548478805109
3.1016946505E9	57.556111436121924
3.1016998325E9	54.978658417198574
3.1017049205E9	0.0
3.101709929E9	0.0
3.101714835E9	55.097461208207974
3.1017196755E9	56.8295155473243
3.101724499E9	0.0
3.101729313E9	0.0
3.1017340725E9	57.214062703265256
3.1017387675E9	0.0
3.10174343E9	55.76617209367591
3.1017480095E9	0.0
3.101752486E9	45.425162066081135
3.1017569135E9	0.0
3.101761326E9	55.47040079218982
3.1017657265E9	56.16778893917651
3.101770102E9	0.0
3.101774441E9	0.0
3.1017787455E9	37.458208057727
3.1017830115E9	58.907724721170425
3.1017872465E9	52.13907600028563
3.1017914715E9	56.10277169008637
3.1017956905E9	0.0
3.1017999035E9	58.780254909287166
3.1018041115E9	56.38149320206282
3.1018082655E9	0.0
3.101812367E9	57.233545305356934
3.101816459E9	0.0
3.101820484E9	53.317637546683095
3.101824445E9	0.0
3.101828395E9	0.0
3.1018323325E9	55.63335593376159
3.101836262E9	54.98678474739595
3.1018401885E9	0.0
3.10184411E9	28.322516389796746
3.1018480235E9	0.0
3.1018519235E9	0.0
3.1018558145E9	54.37691831257312
3.101859689E9	0.0
3.1018635415E9	57.32613099257259
3.101867382E9	0.0
3.1018712145E9	0.0
3.1018750435E9	0.0
3.10187887E9	0.0
3.101882693E9	0.0
3.101886508E9	0.0
3.101890313E9	0.0
3.101894113E9	51.59729468599034
3.101897881E9	3.761904761904762
3.1019016E9	55.42490081239373
3.1019052995E9	55.68810284861371
3.1019089945E9	0.0
3.1019126835E9	57.630450382001605
3.101916365E9	54.65710486953631
3.1019200355E9	0.0
3.101923674E9	52.53961885656971
3.101927286E9	53.34496428571428
3.1019308945E9	58.50769267811138
3.1019344895E9	55.798588951667206
3.101938072E9	0.9741463414634146
3.101941634E9	0.0
3.1019451695E9	46.50168728908886
3.101948697E9	0.0
3.1019522085E9	59.15150398452255
3.101955703E9	56.98709840627372
3.1019591915E9	57.95068027210884
3.101962651E9	59.02687885479327
3.101966064E9	56.303343685984274
3.1019694465E9	57.87227424020904
3.101972819E9	0.0
3.101976185E9	58.30827067669173
3.101979541E9	51.78449408672799
3.1019828865E9	55.045617101802556
3.1019862165E9	57.16399408165714
3.1019895175E9	44.41717699775952
3.1019927975E9	58.11935651271406
3.1019960665E9	54.12883256700684
3.1019993255E9	58.32204384233826
3.102002581E9	58.15359402740474
3.102005831E9	58.93125
3.1020090695E9	0.0
3.1020122965E9	0.0
3.1020155165E9	0.0
3.1020187305E9	50.29376733951975
3.1020219335E9	53.636504533360885
3.102025125E9	55.922228909071016
3.102028308E9	58.527488272132736
3.1020314845E9	46.879024316339674
3.102034659E9	0.0
3.1020378305E9	53.6482318654336
3.1020409985E9	0.0
3.102044163E9	0.0
3.102047316E9	45.94709603220242
3.102050456E9	55.759652790642285
3.1020535825E9	57.66338493912521
3.1020566935E9	54.77012449616144
3.102059793E9	53.43025769882546
3.102062879E9	58.927382566884475
3.102065945E9	0.0
3.102068997E9	0.0
3.10207203E9	47.71596149541079
3.1020750435E9	57.264922322158625
3.102078054E9	43.6420165625454
3.102081057E9	0.0
3.102084054E9	46.88032059264936
3.102087044E9	57.0422317284063
3.102090025E9	52.5810465858328
3.102092998E9	0.0
3.102095965E9	36.13556217082665
3.1020989315E9	0.0
3.1021018915E9	55.59241302147158
3.1021048445E9	52.36215594715724
3.1021077875E9	58.313380095986496
3.1021107135E9	39.50037561506968
3.10211362E9	57.47250065370871
3.102116511E9	58.051106629566284
3.102119394E9	58.31566686080373
3.1021222725E9	58.789776319354544
3.1021251475E9	47.913900532457234
3.1021280175E9	51.873449131513645
3.1021308845E9	0.0
3.10213375E9	59.25242910965695
3.1021366145E9	57.712054061169866
3.102139476E9	58.01281548319602
3.1021423325E9	42.52848129493408
3.1021451745E9	58.00605601816805
3.1021480035E9	0.0
3.1021508295E9	59.16903167215348
3.102153651E9	58.68297834888224
3.102156467E9	27.996650477306982
3.102159278E9	0.0
3.1021620835E9	0.0
3.10216488E9	0.0
3.102167667E9	0.0
3.1021704475E9	55.26017370937836
3.102173225E9	0.0
3.1021759985E9	0.0
3.102178768E9	0.0
3.102181536E9	58.340853422714964
3.102184301E9	57.778215481583615
3.102187055E9	57.95377631035906
3.1021897985E9	52.68370062494393
3.1021925375E9	57.9249553305539
3.10219527E9	56.43486942562938
3.1021979975E9	0.0
3.10220072E9	58.27178729689808
3.102203437E9	59.33795444900269
3.1022061485E9	59.32696302451184
3.1022088545E9	58.747108026339205
3.1022115525E9	0.0
3.102214244E9	56.348906386701664
3.1022169345E9	57.23129629629629
3.102219623E9	0.9496402877697842
3.102222305E9	0.0
3.1022249775E9	57.96993630573248
3.1022276455E9	58.755120343214486
3.102230311E9	57.66117691771711
3.10223297E9	0.0
3.1022356195E9	0.0
3.1022382625E9	58.70644111211911
3.1022408995E9	58.8598038523954
3.1022435315E9	59.281382656155245
3.1022461615E9	58.61729367736852
3.102248787E9	58.02052261066699
3.1022514095E9	59.358533791523485
3.10225403E9	57.81338147354169
3.102256642E9	55.48443918630254
3.102259246E9	56.20063037943993
3.102261848E9	57.821380491983845
3.1022644475E9	0.0
3.102267045E9	0.0
3.1022696415E9	0.0
3.1022722365E9	53.89416846652268
3.1022748265E9	0.0
3.102277412E9	0.0
3.102279996E9	57.75269368907132
3.1022825765E9	59.02076111089472
3.10228515E9	57.26678141135972
3.102287719E9	58.75463306152706
3.102290279E9	0.0
3.1022928285E9	0.0
3.1022953765E9	58.970976253298154
3.1022979235E9	57.856567284448026
3.102300469E9	53.85072418404803
3.1023030085E9	0.0
3.102305542E9	53.95723173756037
3.1023080695E9	0.9920948616600791
3.1023105915E9	38.42717862658905
3.10231311E9	59.17996188401851
3.102315624E9	0.0
3.102318134E9	58.38691663342641
3.1023206395E9	0.0
3.10232314E9	57.704217045119435
3.102325624E9	0.0
3.102328092E9	0.0
3.1023305565E9	0.0
3.102333018E9	25.886539243594957
3.102335476E9	58.501224489795916
3.1023379295E9	0.0
3.102340372E9	58.715753424657535
3.1023428065E9	49.043250327654
3.1023452395E9	55.81601477253651
3.102347669E9	1.0
3.102350093E9	48.592206668763765
3.1023525135E9	58.6367717198167
3.1023549305E9	58.63368669022379
3.1023573395E9	0.0
3.102359743E9	0.0
3.1023621455E9	57.5951628036279
3.102364545E9	54.48363393453574
3.102366941E9	0.0
3.1023693355E9	58.13038130381304
3.1023717265E9	0.0
3.1023741115E9	0.0
3.102376493E9	58.91251307075636
3.1023788735E9	0.0
3.1023812475E9	0.0
3.1023836135E9	34.94197844007609
3.102385977E9	56.2466962962963
3.1023883325E9	0.0
3.102390676E9	57.45125803289402
3.102393013E9	0.0
3.1023953465E9	0.0
3.102397678E9	42.973968565815326
3.1024000085E9	0.0
3.102402335E9	0.0
3.102404656E9	55.405709571929414
3.1024069725E9	58.75598086124402
3.1024092835E9	58.690222144481375
3.1024115905E9	32.45102709139625
3.1024138915E9	56.30908021180624
3.102416183E9	55.83169036007056
3.102418466E9	0.0
3.1024207435E9	40.30694391453644
3.102423018E9	56.439200761179826
3.1024252855E9	0.0
3.1024275435E9	0.0
3.1024297965E9	54.58285327007794
3.102432045E9	0.0
3.102434287E9	0.0
3.102436518E9	43.16264986292401
3.1024387395E9	57.13405738369266
3.1024409585E9	16.48562300319489
3.102443175E9	56.94684796044499
3.102445389E9	56.28357125574643
3.102447597E9	53.34780022276225
3.1024497985E9	0.0
3.102451997E9	0.0
3.1024541925E9	57.27131782945737
3.102456381E9	0.0
3.102458562E9	59.06519898391194
3.10246074E9	57.91675252421183
3.102462917E9	57.71257119609439
3.102465094E9	57.37771441105506
3.1024672665E9	55.53838120104439
3.1024694305E9	44.94067625841293
3.102471588E9	0.0
3.1024737375E9	59.27238805970149
3.102475881E9	59.53828395536745
3.1024780205E9	58.90957112312917
3.1024801555E9	0.0
3.102482287E9	0.0
3.1024844155E9	46.47815866797258
3.102486542E9	57.5260663507109
3.102488667E9	0.0
3.1024907905E9	0.0
3.102492907E9	59.017288444040034
3.1024950155E9	57.49287749287749
3.1024971155E9	58.890063424947144
3.102499209E9	0.0
3.1025012995E9	18.155555555555555
3.1025033865E9	0.0
3.1025054725E9	59.22681969193597
3.1025075575E9	49.520153550863725
3.1025096395E9	0.0
3.102511719E9	46.175069185416916
3.1025137965E9	56.24019451530612
3.10251587E9	55.614439446412696
3.1025179385E9	57.702982931887064
3.102520002E9	58.33712016765014
3.10252206E9	0.0
3.102524114E9	0.0
3.1025261605E9	59.57624901909495
3.1025281985E9	58.10969497350709
3.102530234E9	58.50852272727273
3.1025322685E9	58.34334679405102
3.1025343015E9	42.773468488320844
3.102536332E9	0.0
3.102538359E9	0.0
3.102540382E9	51.61430119176598
3.1025424015E9	0.0
3.102544418E9	57.32009925558312
3.10254643E9	58.977732793522264
3.102548438E9	0.0
3.102550444E9	56.27931940162156
3.102552448E9	58.2909142613394
3.10255445E9	0.0
3.102556451E9	54.979166666666664
3.1025584515E9	0.0
3.1025604495E9	0.0
3.1025624435E9	57.19786096256684
3.102564432E9	0.0
3.102566415E9	2.884875846501129
3.102568394E9	38.17668146124957
3.102570368E9	58.456286937028736
3.1025723375E9	57.19484457922669
3.1025743025E9	57.398143837104634
3.102576264E9	57.539097971950355
3.1025782245E9	43.42179936571524
3.1025801845E9	52.855730760178865
3.1025821415E9	56.63903816376719
3.1025840945E9	23.49809885931559
3.102586044E9	57.25067385444744
3.1025879895E9	0.0
3.102589933E9	0.0
3.102591875E9	0.0
3.102593814E9	0.0
3.1025957495E9	47.85640362225097
3.102597681E9	58.53843720341664
3.1025996075E9	0.0
3.1026015315E9	58.501222611113775
3.102603455E9	53.97895975869933
3.102605377E9	0.0
3.1026072965E9	0.0
3.102609213E9	0.0
3.102611128E9	0.0
3.1026130425E9	57.96145610278373
3.1026149555E9	0.0
3.1026168665E9	57.215799614643544
3.102618775E9	0.0
3.1026206805E9	0.0
3.102622581E9	48.682647779896485
3.102624475E9	58.1755410967999
3.1026263655E9	0.0
3.1026282545E9	0.0
3.1026301425E9	0.9778325123152709
3.102632029E9	0.0
3.102633912E9	32.71253333333333
3.102635792E9	57.67681982447083
3.10263767E9	0.0
3.1026395465E9	58.1229660291179
3.1026414225E9	58.33513873843847
3.1026432975E9	0.0
3.1026451705E9	58.408763332372445
3.102647041E9	59.504876219054765
3.1026489085E9	57.92235724271427
3.102650774E9	59.339737991266375
3.102652639E9	0.0
3.102654504E9	0.0
3.1026563675E9	0.0
3.1026582295E9	55.074775672981055
3.10266009E9	0.0
3.1026619475E9	0.0
3.1026638035E9	0.0
3.1026656585E9	58.663101604278076
3.1026675105E9	47.408441451798325
3.10266936E9	37.42084660901229
3.102671209E9	0.0
3.102673057E9	58.56052344601963
3.1026749E9	57.0625262274444
3.1026767365E9	0.0
3.102678564E9	55.1702786377709
3.102680382E9	57.954983922829584
3.102682195E9	51.60965108978384
3.1026840045E9	54.549848443097275
3.1026858125E9	59.38533695383856
3.10268762E9	0.0
3.102689427E9	54.356708244599936
3.1026912315E9	57.81230577998757
3.102693033E9	58.24318658280922
3.1026948335E9	0.0
3.102696631E9	48.776241729157476
3.1026984255E9	50.30208179536395
3.1027002185E9	0.0
3.1027020085E9	0.0
3.1027037955E9	0.0
3.1027055795E9	0.0
3.1027073615E9	58.275862068965516
3.102709143E9	34.5948973242066
3.102710924E9	54.811074918566774
3.102712704E9	46.50960170697013
3.102714482E9	0.0
3.1027162525E9	0.0
3.1027180155E9	47.77233819816491
3.102719774E9	56.31049124640711
3.102721526E9	58.58780929390465
3.102723274E9	48.107107107107105
3.1027250205E9	57.96387520525452
3.102726766E9	0.0
3.1027285105E9	52.69861729552379
3.1027302535E9	58.05771643663739
3.1027319945E9	0.0
3.1027337345E9	0.0
3.1027354725E9	0.0
3.102737208E9	55.3876329787234
3.1027389415E9	0.0
3.1027406735E9	46.966037735849056
3.1027424045E9	58.98322492297159
3.102744133E9	58.28364752301622
3.1027458575E9	0.0
3.1027475775E9	0.0
3.1027492945E9	58.949175824175825
3.1027510075E9	12.514731140177037
3.1027527165E9	25.198851988519884
3.102754424E9	59.54773869346734
3.1027561305E9	58.613481228668945
3.102757836E9	0.0
3.1027595405E9	38.9603013029316
3.102761242E9	0.0
3.1027629405E9	58.490288826775604
3.102764638E9	59.042478291480876
3.102766335E9	58.7680251458589
3.102768031E9	0.0
3.102769726E9	0.0
3.10277142E9	0.0
3.10277311E9	0.0
3.1027747965E9	46.64327062228654
3.1027764795E9	56.575714080665996
3.102778159E9	59.11262798634812
3.102779838E9	58.95010395010395
3.1027815165E9	57.10856453558504
3.1027831925E9	31.57354221061793
3.1027848665E9	0.0
3.102786539E9	0.0
3.102788209E9	0.0
3.102789876E9	55.451569706888854
3.10279154E9	36.71315250767656
3.1027932E9	58.955395100884
3.102794855E9	0.0
3.1027965075E9	0.0
3.1027981585E9	57.63882443928848
3.102799808E9	0.0
3.102801457E9	0.0
3.1028031015E9	58.180009945300846
3.1028047405E9	0.0
3.1028063775E9	59.253996447602134
3.1028080115E9	59.28331466965285
3.102809643E9	59.072696050372066
3.1028112735E9	0.0
3.102812902E9	0.0
3.1028145275E9	58.89559444779722
3.102816148E9	32.17627856365615
3.1028177645E9	0.0
3.10281938E9	0.0
3.102820993E9	55.64886077878534
3.102822604E9	0.0
3.1028242125E9	0.0
3.102825818E9	58.06851011143211
3.102827423E9	0.0
3.1028290255E9	58.291531770487964
3.1028306245E9	0.0
3.1028322225E9	58.35409488470713
3.10283382E9	0.0
3.1028354165E9	33.874719016933916
3.102837012E9	0.0
3.1028386055E9	0.0
3.102840196E9	0.0
3.102841783E9	0.0
3.102843365E9	0.0
3.1028449435E9	43.828680203045685
3.102846521E9	0.0
3.102848098E9	0.0
3.102849675E9	59.38775510204081
3.1028512515E9	0.0
3.102852827E9	0.0
3.1028544015E9	0.0
3.1028559745E9	56.91107768285414
3.102857546E9	0.0
3.102859113E9	0.0
3.102860675E9	0.0
3.102862236E9	57.11530043253948
3.1028637965E9	58.0264496439471
3.1028653565E9	57.164164648910415
3.1028669135E9	57.808113419427286
3.1028684665E9	0.0
3.1028700165E9	0.0
3.1028715635E9	0.0
3.102873107E9	59.36507936507937
3.1028746455E9	58.71194911403907
3.10287618E9	58.91963109354414
3.1028777125E9	51.00957309184994
3.1028792445E9	0.0
3.1028807755E9	0.0
3.102882304E9	48.56444740346205
3.1028838305E9	54.65376782077393
3.1028853555E9	0.0
3.102886879E9	56.84895876892197
3.102888402E9	0.0
3.1028899245E9	60.0
3.1028914465E9	0.0
3.102892967E9	57.44167337087691
3.102894483E9	0.0
3.1028959935E9	0.0
3.1028975015E9	0.0
3.102899008E9	0.0
3.102900512E9	0.0
3.1029020115E9	59.20645939132659
3.102903505E9	43.97144948755491
3.1029049955E9	59.87012987012987
3.1029064855E9	58.85167464114833
3.102907974E9	42.9622641509434
3.1029094605E9	41.64523729384046
3.102910946E9	58.781472227561025
3.1029124305E9	34.671325878594246
3.102913914E9	56.97334229390681
3.102915395E9	53.58254000405104
3.102916874E9	58.45841784989858
3.1029183515E9	0.0
3.102919827E9	39.69773195876289
3.1029213005E9	0.0
3.102922771E9	53.32944747189074
3.1029242395E9	26.928571428571427
3.102925707E9	59.391891891891895
3.102927173E9	38.5852417302799
3.1029286375E9	57.8976397112499
3.102930101E9	0.0
3.102931564E9	0.0
3.102933025E9	56.86188455008489
3.102934484E9	57.229496898690556
3.1029359425E9	34.83559135847675
3.1029374005E9	0.0
3.1029388565E9	56.69462116830538
3.102940308E9	0.9852941176470589
3.102941757E9	0.0
3.1029432055E9	55.209594449096784
3.1029446525E9	0.0
3.1029460965E9	55.99809885931559
3.102947538E9	58.075106282475204
3.1029489785E9	57.862635557016105
3.102950418E9	0.0
3.102951856E9	0.0
3.1029532925E9	0.0
3.102954725E9	48.83476764199656
3.102956154E9	0.0
3.102957582E9	0.0
3.1029590085E9	0.0
3.102960434E9	59.60294117647059
3.1029618585E9	57.75229357798165
3.1029632825E9	56.96969696969697
3.102964706E9	0.0
3.102966129E9	0.0
3.102967552E9	0.0
3.1029689705E9	0.0
3.1029703845E9	0.0
3.102971798E9	0.0
3.102973211E9	0.0
3.1029746225E9	0.0
3.102976032E9	0.0
3.102977441E9	0.0
3.1029788485E9	54.78221139201949
3.102980254E9	57.88974078130705
3.102981659E9	35.97689440993789
3.1029830635E9	59.270411117544874
3.1029844675E9	33.35328492000454
3.1029858705E9	45.40466019417476
3.1029872725E9	0.0
3.1029886745E9	0.9561586638830898
3.1029900765E9	43.61961238067689
3.1029914775E9	45.23025210084034
3.1029928765E9	58.41962836009381
3.1029942735E9	56.871515795062386
3.102995669E9	0.0
3.1029970635E9	51.09851805468587
3.102998457E9	0.0
3.102999849E9	58.81945945945946
3.103001239E9	0.0
3.103002628E9	59.15860161959313
3.1030040165E9	56.628989361702125
3.103005404E9	0.0
3.1030067895E9	58.77279635258358
3.103008172E9	59.28438315318673
3.103009553E9	46.18650492797574
3.103010933E9	58.673469387755105
3.103012311E9	0.0
3.1030136875E9	0.0
3.1030150635E9	0.0
3.103016439E9	0.0
3.1030178135E9	57.87359716479622
3.1030191865E9	57.20674294698227
3.103020558E9	52.7913254473764
3.1030219285E9	0.0
3.1030232985E9	0.0
3.1030246665E9	0.0
3.103026031E9	0.0
3.1030273925E9	57.214285714285715
3.1030287505E9	0.0
3.103030106E9	56.14330874604847
3.103031461E9	52.80984490896831
3.1030328145E9	51.88081204977079
3.103034163E9	55.064797317890886
3.1030355075E9	0.0
3.1030368515E9	0.0
3.1030381945E9	59.34032216824342
3.1030395365E9	57.10539285375794
3.1030408755E9	0.0
3.1030422105E9	0.0
3.1030435445E9	0.0
3.103044878E9	44.74874491991394
3.1030462105E9	31.748031496062993
3.1030475405E9	59.02743142144639
3.1030488685E9	58.78385650224215
3.1030501965E9	59.10301837270341
3.103051524E9	59.596905537459286
3.10305285E9	57.108023816274454
3.1030541735E9	0.0
3.1030554945E9	59.1787072243346
3.103056814E9	58.41751422168591
3.1030581325E9	0.0
3.103059449E9	58.19855544540433
3.1030607635E9	0.0
3.103062077E9	57.98163452708907
3.10306339E9	57.73449513070221
3.1030647025E9	0.0
3.1030660135E9	58.35748792270532
3.103067323E9	0.0
3.103068632E9	54.64718682001865
3.10306994E9	58.613685105005466
3.103071247E9	42.914995880252675
3.103072553E9	0.0
3.1030738575E9	0.0
3.103075161E9	56.76360225140713
3.1030764635E9	58.49659662622078
3.1030777655E9	0.0
3.103079067E9	49.75909090909091
3.103080368E9	0.0
3.1030816685E9	58.60173913043478
3.103082968E9	50.44851755800098
3.103084266E9	0.0
3.103085562E9	0.0
3.1030868565E9	0.0
3.10308815E9	56.21718502899315
3.103089442E9	0.0
3.103090733E9	58.81833616298812
3.103092023E9	56.68255813953488
3.1030933115E9	0.0
3.1030945995E9	45.14641744548287
3.103095887E9	0.0
3.103097174E9	49.35964035964036
3.103098461E9	0.0
3.1030997475E9	0.0
3.103101032E9	0.0
3.103102314E9	43.54489251088942
3.103103593E9	57.640232108317214
3.1031048685E9	0.0
3.1031061405E9	0.0
3.103107409E9	56.694063926940636
3.1031086755E9	17.601965601965603
3.1031099385E9	0.0
3.103111198E9	1.9503239740820735
3.1031124565E9	0.0
3.1031137145E9	0.0
3.1031149725E9	57.178932990519044
3.1031162295E9	0.0
3.103117485E9	0.0
3.1031187395E9	57.846470749794015
3.1031199935E9	0.0
3.103121247E9	0.0
3.1031224985E9	0.0
3.103123748E9	0.0
3.1031249965E9	0.0
3.1031262445E9	0.0
3.103127492E9	0.0
3.1031287365E9	59.4980694980695
3.1031299785E9	56.76470588235294
3.10313122E9	59.41982272360999
3.103132461E9	0.0
3.103133702E9	57.03190460844344
3.103134942E9	52.62023436210596
3.1031361805E9	0.0
3.103137418E9	0.0
3.1031386545E9	6.756729810568295
3.10313989E9	11.365384615384615
3.1031411245E9	0.0
3.1031423585E9	0.0
3.1031435925E9	50.68828960155491
3.103144826E9	51.234009360374415
3.1031460585E9	58.61693210393965
3.1031472905E9	54.52975047984645
3.103148522E9	0.0
3.1031497525E9	56.89049010944191
3.1031509815E9	56.50887573964497
3.103152209E9	57.30350913195157
3.103153436E9	56.91349314519362
3.1031546625E9	42.05694478831394
3.1031558875E9	0.0
3.1031571115E9	0.0
3.1031583335E9	0.0
3.1031595535E9	0.0
3.103160773E9	59.45080091533181
3.103161991E9	57.21614957879597
3.1031632075E9	55.42208087233076
3.103164423E9	0.0
3.1031656375E9	58.329383886255926
3.1031668515E9	56.27964409829197
3.1031680655E9	41.355961705831156
3.103169279E9	0.0
3.1031704915E9	57.26223199560198
3.103171702E9	54.446201311222524
3.1031729105E9	58.407904366918764
3.103174118E9	0.0
3.103175325E9	59.1640866873065
3.103176532E9	0.0
3.1031777385E9	0.0
3.1031789445E9	0.0
3.10318015E9	0.0
3.103181355E9	0.0
3.1031825595E9	12.870431893687707
3.1031837635E9	0.0
3.1031849675E9	0.0
3.103186171E9	53.02325581395349
3.103187373E9	54.431916738941894
3.103188574E9	0.0
3.1031897745E9	0.0
3.1031909745E9	0.0
3.103192174E9	57.85647132560326
3.1031933725E9	0.0
3.10319457E9	59.05383360522023
3.1031957665E9	0.0
3.103196962E9	0.0
3.1031981565E9	58.994974874371856
3.1031993505E9	0.0
3.103200543E9	58.89001520527116
3.103201733E9	41.97545206586524
3.1032029205E9	0.0
3.1032041065E9	43.669603524229075
3.1032052915E9	43.864107883817425
3.103206475E9	56.094674556213015
3.103207658E9	57.87074889101505
3.1032088405E9	0.0
3.103210022E9	0.0
3.103211203E9	40.350561321753865
3.103212384E9	58.78301288823157
3.103213565E9	0.0
3.103214745E9	0.0
3.1032159235E9	57.61786600496278
3.1032171015E9	0.0
3.103218279E9	0.0
3.103219456E9	0.0
3.10322063E9	0.0
3.103221801E9	0.0
3.103222972E9	55.33094157270464
3.1032241425E9	0.0
3.1032253125E9	49.870253164556964
3.103226481E9	0.0
3.103227648E9	19.915157448197096
3.103228815E9	0.0
3.103229981E9	0.0
3.103231146E9	6.47027027027027
3.1032323095E9	0.0
3.103233469E9	56.33394919168591
3.1032346255E9	0.0
3.1032357815E9	56.94751183134949
3.1032369365E9	59.29728674604724
3.1032380905E9	36.09991235758107
3.103239243E9	0.0
3.103240394E9	0.0
3.1032415445E9	57.44204636290967
3.1032426945E9	57.87049109083007
3.103243843E9	54.06018132265421
3.10324499E9	58.932146829810904
3.1032461365E9	0.0
3.1032472815E9	33.86575931232092
3.1032484255E9	58.99736147757256
3.103249569E9	0.0
3.1032507115E9	0.0
3.103251853E9	0.0
3.103252994E9	0.0
3.1032541345E9	0.0
3.1032552735E9	54.92526518804243
3.1032564095E9	57.15154349859682
3.1032575435E9	25.94962486602358
3.1032586765E9	59.44547134935305
3.103259808E9	57.646302250803856
3.103260939E9	29.209105779716467
3.1032620695E9	0.0
3.103263198E9	0.0
3.1032643245E9	59.25567322239032
3.1032654495E9	0.0
3.1032665725E9	0.0
3.1032676945E9	0.0
3.103268816E9	1.0
3.103269936E9	59.234042553191486
3.103271055E9	0.0
3.103272174E9	59.22636103151862
3.103273293E9	0.0
3.1032744115E9	41.737556561085974
3.1032755285E9	0.0
3.1032766445E9	22.864682187478664
3.10327776E9	0.0
3.103278875E9	0.0
3.10327999E9	58.54708520179372
3.1032811045E9	0.0
3.103282218E9	57.038598273235145
3.103283331E9	0.0
3.1032844425E9	0.0
3.1032855525E9	0.0
3.103286662E9	58.73976504093984
3.1032877705E9	0.0
3.103288878E9	55.71291866028708
3.103289985E9	0.0
3.103291092E9	0.0
3.103292199E9	45.37365706918779
3.1032933055E9	0.0
3.10329441E9	53.653092006033184
3.103295513E9	47.35286827195468
3.103296616E9	48.22226696194886
3.1032977175E9	47.98091768583572
3.103298817E9	0.0
3.1032999155E9	56.346666666666664
3.103301013E9	0.0
3.1033021095E9	59.30672268907563
3.1033032055E9	32.728437009932044
3.1033043005E9	0.0
3.103305394E9	0.0
3.1033064855E9	0.0
3.1033075745E9	59.59731543624161
3.103308662E9	0.0
3.1033097485E9	0.0
3.103310834E9	0.0
3.1033119185E9	0.0
3.1033130025E9	37.52078012537729
3.1033140865E9	0.0
3.1033151705E9	54.310667498440424
3.103316254E9	0.0
3.103317337E9	55.91836734693877
3.1033184195E9	0.0
3.1033195015E9	57.730923694779115
3.103320583E9	0.0
3.103321664E9	57.265822784810126
3.103322744E9	58.737556561085974
3.1033238215E9	57.86759581881533
3.1033248965E9	49.44163831457733
3.10332597E9	34.07210794072108
3.103327043E9	1.854341736694678
3.103328115E9	58.837920489296636
3.103329185E9	0.0
3.103330253E9	0.0
3.10333132E9	0.0
3.103332387E9	0.0
3.1033334535E9	0.0
3.103334519E9	0.0
3.103335584E9	0.0
3.103336649E9	57.372262773722625
3.103337714E9	0.0
3.103338779E9	0.0
3.1033398435E9	57.57944557133198
3.1033409075E9	14.267082683307333
3.1033419715E9	0.0
3.103343035E9	0.0
3.1033440975E9	0.0
3.1033451595E9	59.16083916083916
3.1033462215E9	0.0
3.103347283E9	53.15845444877703
3.1033483435E9	57.848852205313385
3.103349402E9	59.027645376549096
3.103350459E9	0.0
3.1033515155E9	0.0
3.103352571E9	0.0
3.103353626E9	59.83516483516483
3.103354681E9	45.859800664451825
3.103355736E9	0.0
3.1033567905E9	0.0
3.103357843E9	51.91394658753709
3.1033588935E9	6.69284064665127
3.1033599435E9	0.0
3.103360993E9	0.0
3.1033620415E9	54.42609548724656
3.103363089E9	0.0
3.1033641355E9	0.0
3.1033651815E9	0.0
3.1033662275E9	54.683053040103495
3.103367273E9	59.585253456221196
3.103368318E9	0.0
3.103369363E9	59.215011189533485
3.1033704075E9	0.0
3.1033714505E9	0.0
3.103372492E9	0.0
3.103373532E9	0.0
3.103374571E9	59.31174838112859
3.1033756095E9	0.0
3.1033766465E9	0.0
3.1033776825E9	0.0
3.103378718E9	59.37434827945777
3.103379753E9	0.9758064516129032
3.103380787E9	0.0
3.1033818195E9	46.893587617468214
3.103382851E9	0.0
3.103383882E9	58.71968962172648
3.103384913E9	0.0
3.103385942E9	37.95626596485796
3.103386969E9	0.0
3.1033879955E9	50.74889867841409
3.1033890215E9	0.0
3.1033900465E9	0.0
3.1033910705E9	0.0
3.1033920935E9	53.999501992031874
3.1033931155E9	58.03693295865114
3.103394137E9	47.19387755102041
3.1033951575E9	0.0
3.103396177E9	0.0
3.1033971955E9	0.0
3.1033982135E9	22.461720599842145
3.1033992315E9	54.83416726233023
3.1034002485E9	0.0
3.1034012615E9	58.635710866443276
3.1034022715E9	58.97225725094577
3.103403281E9	44.34354485776805
3.1034042895E9	0.0
3.103405297E9	10.751262626262626
3.1034063035E9	0.0
3.103407309E9	0.0
3.103408314E9	0.0
3.1034093185E9	0.0
3.1034103225E9	0.0
3.103411326E9	0.0
3.103412329E9	0.0
3.103413332E9	58.30593280914939
3.103414335E9	58.74045801526717
3.1034153375E9	59.290248124639355
3.1034163395E9	0.0
3.1034173405E9	0.0
3.1034183405E9	28.45824175824176
3.1034230195E9	57.94905536234609
3.1034311645E9	20.38394661115533
3.1034385535E9	46.71407284194476
3.103444272E9	54.700327763366914
3.103448588E9	53.290143452105504
3.103452529E9	19.599011713030748
3.1034563265E9	54.61205564142195
3.103460075E9	23.697457627118645
3.1034637975E9	43.39603341478661
3.103467461E9	41.55166774426654
3.103471038E9	55.28332325300084
3.1034745565E9	49.39500371011625
3.10347799E9	55.65562736578182
3.1034813295E9	52.962148745678576
3.103484605E9	38.48031780426147
3.1034878305E9	49.723666729929775
3.1034910465E9	49.783331647618084
3.1034942485E9	52.13019441629043
3.1034973905E9	57.12168004941322
3.10350048E9	57.819995718261616
3.1035035475E9	56.978989632318566
3.103506574E9	56.544019933554814
3.1035095785E9	49.771586773019436
3.10351256E9	22.278517901748543
3.1035155065E9	46.99816998779992
3.10351844E9	50.7018420439026
3.10352132E9	37.33779949558638
3.1035241305E9	54.90790758216726
3.103526902E9	0.0
3.103529649E9	39.21875603631447
3.103532388E9	34.259318600925056
3.1035351035E9	53.77288186961207
3.103537785E9	40.065791119449656
3.1035404345E9	42.14983113294443
3.1035429975E9	58.12199036918138
3.103545488E9	28.414995072397847
3.1035479665E9	56.51674433727105
3.1035504075E9	56.612343122831874
3.103552812E9	57.89653698161607
3.1035551875E9	51.189996122528115
3.103557535E9	54.914183710920554
3.1035598595E9	25.218991596638656
3.1035621585E9	49.162176393154894
3.103564445E9	29.12650725526262
3.103566722E9	44.57033158813263
3.103568983E9	27.12289156626506
3.103571211E9	58.16203143893591
3.1035734005E9	4.4986072423398324
3.103575568E9	0.0
3.103577725E9	7.818181818181818
3.103579877E9	57.08896797153025
3.103582016E9	0.0
3.1035841385E9	39.404897159647405
3.103586253E9	59.26171320397539
3.1035883585E9	56.639107353519464
3.1035904405E9	52.242786920282114
3.1035925065E9	35.71587186021114
3.103594569E9	60.0
3.103596622E9	58.325013865779255
3.1035986655E9	48.85642368103101
3.1036007005E9	18.01003796744162
3.1036027275E9	16.9346840842442
3.10360474E9	0.0
3.1036067365E9	41.68284518828452
3.103608723E9	0.0
3.103610703E9	0.0
3.103612671E9	58.75776397515528
3.103614626E9	57.233853797019165
3.1036165745E9	0.952423698384201
3.1036185145E9	50.201582091158585
3.1036204485E9	56.47821389989197
3.1036223555E9	0.0
3.1036242355E9	36.47135549872123
3.1036261095E9	17.872064276885045
3.103627955E9	42.14978292329957
3.103629772E9	53.06919396393081
3.103631583E9	0.3618421052631579
3.1036333895E9	13.0
3.10363519E9	50.38502511033328
3.103636984E9	0.0
3.10363877E9	4.429530201342282
3.1036405435E9	57.481612479027795
3.1036423085E9	0.0
3.103644062E9	0.0
3.103645804E9	38.198141695702674
3.103647529E9	57.742504409171076
3.1036492365E9	58.047493403693935
3.10365094E9	42.11770428015564
3.103652635E9	43.72380308524369
3.1036543025E9	0.0
3.103655946E9	53.39202753082879
3.103657586E9	0.0
3.1036592235E9	56.722889494051884
3.1036608575E9	13.511029411764707
3.103662488E9	36.03830141548709
3.103664114E9	0.0
3.1036657365E9	51.70558839661162
3.1036673585E9	4.787234042553192
3.103668979E9	58.89786921381337
3.1036705915E9	1.0
3.103672191E9	0.0
3.1036737835E9	56.22378309631171
3.1036753585E9	18.011660978384526
3.10367691E9	55.76609745939192
3.1036784535E9	58.392944634982854
3.1036799945E9	56.899178491411504
3.103681529E9	58.43034663178548
3.1036830525E9	59.130434782608695
3.103684569E9	0.0
3.103686083E9	0.0
3.103687593E9	43.84899635036496
3.1036890985E9	55.52455443005513
3.1036906E9	28.603083333333334
3.103692097E9	1.9733333333333334
3.103693592E9	0.0
3.1036950855E9	43.413145539906104
3.1036965775E9	58.7493609155622
3.103698068E9	18.949389179755673
3.103699555E9	0.0
3.103701039E9	51.83034015223597
3.103702517E9	0.0
3.1037039885E9	0.0
3.103705455E9	58.57142857142857
3.1037069165E9	53.37936099889827
3.1037083755E9	0.0
3.1037098325E9	37.04225352112676
3.103711287E9	0.0
3.103712735E9	40.84073107049608
3.103714177E9	0.0
3.1037156105E9	0.0
3.103717036E9	31.177948925820836
3.1037184575E9	48.1149530379852
3.103719873E9	43.73625140291807
3.103721286E9	0.0
3.1037226985E9	58.025016458196184
3.103724108E9	0.0
3.1037255145E9	48.73712948517941
3.1037269155E9	57.46418338108882
3.1037283085E9	0.0
3.1037296945E9	48.98634120549877
3.1037310735E9	27.234375
3.103732449E9	0.0
3.103733822E9	39.82372055239642
3.103735191E9	0.0
3.1037365565E9	54.918774966711055
3.1037379165E9	26.700589648394846
3.103739272E9	0.0
3.1037406255E9	53.24657075945132
3.1037419765E9	0.0
3.1037433245E9	40.701582784990215
3.10374467E9	57.26217008797654
3.1037460125E9	0.0
3.1037473475E9	0.0
3.103748677E9	0.0
3.1037500035E9	24.2144420131291
3.1037513235E9	59.411764705882355
3.103752635E9	0.0
3.1037539405E9	34.8579912212755
3.1037552445E9	41.48626817447496
3.103756548E9	0.0
3.10375785E9	0.9466192170818505
3.1037591505E9	50.097286821705424
3.103760449E9	48.95116918844567
3.1037617455E9	0.0
3.1037630385E9	50.63296831554015
3.1037643255E9	42.24172856178258
3.1037656085E9	0.0
3.10376689E9	58.94736842105263
3.1037681705E9	0.0
3.10376945E9	0.0
3.1037707255E9	19.36837294332724
3.103771995E9	0.0
3.103773262E9	0.0
3.1037745285E9	0.0
3.1037757935E9	0.9808612440191388
3.1037770575E9	46.99300699300699
3.1037783215E9	0.0
3.103779585E9	0.0
3.103780841E9	57.93939393939394
3.1037820855E9	0.0
3.103783325E9	42.19773134328358
3.103784562E9	42.64734573008753
3.103785797E9	59.63347066344651
3.103787031E9	46.45945945945946
3.1037882635E9	0.0
3.1037894945E9	57.083333333333336
3.1037907225E9	42.58659217877095
3.103791947E9	0.0
3.1037931655E9	0.0
3.103794379E9	0.0
3.103795591E9	49.31027361899845
3.103796801E9	0.9868995633187773
3.1037980065E9	0.0
3.103799207E9	48.37092731829574
3.103800405E9	0.0
3.1038016E9	57.403047091412745
3.103802792E9	0.0
3.103803981E9	0.0
3.1038051675E9	42.37335620354488
3.1038063525E9	0.9411764705882353
3.1038075365E9	0.0
3.1038087195E9	15.348726114649681
3.1038099E9	0.0
3.103811076E9	0.0
3.103812247E9	5.876106194690266
3.103813415E9	28.526429926809435
3.1038145815E9	55.2
3.103815747E9	0.0
3.1038169115E9	0.0
3.103818075E9	0.0
3.1038192355E9	48.597473102359096
3.1038203935E9	0.0
3.103821551E9	0.0
3.103822708E9	34.19774919614148
3.103823865E9	58.10060711188205
3.103825021E9	0.0
3.1038261755E9	0.0
3.103827327E9	0.0
3.1038284755E9	14.557894736842105
3.1038296235E9	42.89956751561749
3.1038307705E9	12.70292504570384
3.1038319155E9	0.0
3.1038330575E9	10.614879649890591
3.1038341955E9	57.760777683854606
3.1038353305E9	0.0
3.103836464E9	31.12955361723961
3.103837595E9	45.962566844919785
3.103838723E9	42.74058577405858
3.10383985E9	0.0
3.1038409725E9	52.756189891549006
3.1038420865E9	59.22542204568024
3.1038431935E9	55.789873417721516
3.1038442975E9	56.37355271176112
3.1038454E9	52.517347865576745
3.1038464995E9	0.0
3.1038475965E9	0.0
3.1038486915E9	56.36490250696379
3.103849784E9	36.35961272475795
3.103850874E9	0.0
3.1038519615E9	0.0
3.103853047E9	16.38590157704731
3.1038541315E9	0.0
3.103855215E9	43.834357866755276
3.103856298E9	37.458689458689456
3.103857379E9	58.609823911028734
3.1038584565E9	0.0
3.103859529E9	0.0
3.1038605975E9	0.0
3.103861665E9	0.0
3.103862732E9	20.7306338028169
3.103863799E9	0.0
3.103864864E9	25.53160621761658
3.1038659265E9	58.3710407239819
3.103866987E9	58.35266821345708
3.1038680455E9	59.62105263157895
3.1038691035E9	0.0
3.10387016E9	0.0
3.1038712145E9	33.26486486486486
3.1038722685E9	17.040951122853368
3.103873322E9	0.0
3.103874375E9	0.0
3.1038754275E9	54.11313760379597
3.103876479E9	0.0
3.103877529E9	57.14625445897741
3.103878577E9	0.0
3.1038796225E9	0.0
3.103880666E9	53.257207461842846
3.103881709E9	47.61085972850679
3.1038827515E9	0.0
3.1038837935E9	0.8960396039603961
3.103884835E9	0.0
3.1038858755E9	0.8157894736842105
3.103886915E9	0.0
3.1038879535E9	0.0
3.103888991E9	58.99159663865546
3.103890028E9	0.0
3.103891064E9	0.9859402460456942
3.103892095E9	53.35676625659051
3.103893119E9	50.48830514573588
3.10389414E9	46.87743950039032
3.10389516E9	37.74116847826087
3.103896179E9	37.350489422166085
3.1038971965E9	0.0
3.1038982115E9	0.0
3.103899225E9	0.0
3.103900236E9	0.0
3.1039012445E9	0.0
3.103902252E9	0.0
3.1039032575E9	0.0
3.1039042615E9	0.0
3.103905265E9	52.75671428571429
3.103906267E9	5.525691699604743
3.1039072675E9	0.0
3.1039082675E9	0.0
3.1039092675E9	0.0
3.103918732E9	58.545805442221486
3.103932571E9	0.0
3.103941472E9	38.562776858484845
3.1039494115E9	57.986046511627904
3.1039572085E9	0.0
3.103963938E9	49.133825648414984
3.1039695055E9	31.592114606810956
3.103974766E9	0.0
3.1039797995E9	58.72753710664216
3.103984567E9	0.0
3.1039891115E9	0.0
3.1039934845E9	0.0
3.103997683E9	57.54856706405871
3.104001684E9	0.0
3.104005458E9	43.45624482130034
3.104009178E9	0.0
3.1040128475E9	0.0
3.104016433E9	0.0
3.104019926E9	0.0
3.104023359E9	0.0
3.104026758E9	0.0
3.1040301305E9	27.662577677346462
3.104033452E9	0.0
3.104036731E9	20.538131412786107
3.1040399985E9	0.0
3.104043259E9	51.24683094641588
3.1040464995E9	0.0
3.104049674E9	58.862347259585775
3.1040527925E9	0.0
3.1040558995E9	0.0
3.104058987E9	0.0
3.104062054E9	58.93280632411067
3.104065115E9	50.42279708973322
3.1040681395E9	59.13224755700326
3.1040711275E9	59.544343772322264
3.1040740845E9	0.0
3.1040770095E9	0.0
3.104079908E9	59.48829431438127
3.104082775E9	58.961664841182916
3.1040856295E9	51.31828185474691
3.104088461E9	49.592669075890555
3.10409126E9	58.5284578131248
3.1040940205E9	0.0
3.1040967325E9	57.102103755920254
3.1040994055E9	59.027661357921204
3.104102056E9	58.775510204081634
3.1041046865E9	0.0
3.104107298E9	57.9456906729634
3.104109892E9	51.00191530486733
3.1041124505E9	0.0
3.1041149735E9	0.0
3.1041174795E9	0.0
3.10411997E9	0.0
3.1041224495E9	59.336609336609335
3.104124925E9	0.0
3.104127395E9	53.929809091309906
3.1041298495E9	42.304953945730645
3.1041322855E9	0.0
3.104134709E9	0.0
3.1041371215E9	37.203212999723014
3.104139523E9	29.653335275976787
3.1041418965E9	54.25151837705842
3.104144241E9	19.618075455258005
3.1041465705E9	58.03803803803804
3.104148885E9	58.15128628746755
3.1041511915E9	6.701465457083042
3.1041534905E9	55.193491422805245
3.104155772E9	0.0
3.10415804E9	58.25290023201856
3.1041603025E9	0.0
3.1041625525E9	54.31455911630595
3.1041647915E9	57.602077363896846
3.1041670245E9	56.013028257966724
3.104169246E9	0.0
3.104171456E9	0.0
3.104173654E9	5.634322437877092
3.104175845E9	58.91432791728213
3.1041780355E9	0.0
3.1041802225E9	55.526884443318984
3.1041823975E9	23.35347329677071
3.104184563E9	27.555418870709804
3.1041867265E9	0.0
3.1041888805E9	34.62213039485767
3.1041910115E9	56.12061467091911
3.1041931255E9	0.0
3.1041952355E9	0.9148471615720524
3.1041973425E9	55.331074692719824
3.1041994485E9	0.0
3.1042015545E9	23.07364419386237
3.104203656E9	0.0
3.104205745E9	57.39343259229044
3.1042078145E9	58.687823727698756
3.104209871E9	55.831619954550376
3.1042119255E9	59.11330049261084
3.104213971E9	56.63409337676438
3.1042160055E9	0.0
3.1042180375E9	48.485531370038416
3.1042200635E9	0.0
3.1042220825E9	0.8835412953060012
3.1042240985E9	59.26787547040711
3.104226106E9	0.0
3.104228107E9	47.42625652293326
3.104230103E9	0.0
3.1042320935E9	0.0
3.10423408E9	21.490909090909092
3.104236062E9	58.53755395683453
3.104238043E9	0.0
3.104240023E9	55.586374695863746
3.104241994E9	54.00636987016603
3.1042439415E9	0.0
3.104245872E9	58.66187050359712
3.104247777E9	0.0
3.1042496545E9	56.76689412282633
3.104251516E9	0.0
3.104253365E9	40.22587019303845
3.104255206E9	57.35926305015353
3.1042570385E9	47.031362889983576
3.1042588675E9	41.971799064750265
3.1042606875E9	14.504842931937173
3.1042625015E9	59.219553131228366
3.104264304E9	56.7589058524173
3.104266094E9	0.0
3.1042678815E9	0.0
3.1042696635E9	0.0
3.1042714405E9	9.328985979784806
3.1042732095E9	0.0
3.1042749695E9	0.0
3.104276727E9	0.0
3.1042784825E9	0.0
3.1042802355E9	58.67057127776199
3.104281987E9	39.5063621776932
3.104283737E9	59.446284902981546
3.1042854805E9	0.0
3.104287214E9	21.072220206250773
3.1042889415E9	50.77612293144208
3.1042906625E9	59.49632738719832
3.1042923765E9	59.57554870306548
3.104294088E9	29.42686132423984
3.104295795E9	0.0
3.1042974975E9	58.38567108629914
3.104299198E9	7.337952571484337
3.1043008905E9	51.55345586331867
3.1043025755E9	50.421039193157156
3.1043042575E9	56.707739699653445
3.1043059365E9	55.02841758899192
3.1043076145E9	0.0
3.104309292E9	55.135602133573734
3.1043109685E9	59.22903516681695
3.1043126425E9	36.25110365716026
3.104314313E9	0.0
3.1043159815E9	0.0
3.104317647E9	0.0
3.1043193085E9	0.0
3.1043209685E9	52.323232323232325
3.1043226275E9	58.938810440735985
3.1043242845E9	55.27472527472528
3.1043259405E9	47.06739595121338
3.1043275945E9	0.0
3.104329244E9	0.0
3.10433089E9	38.042547033285096
3.104332533E9	41.756871035940804
3.1043341725E9	9.534883720930232
3.104335808E9	59.03316999623068
3.1043374375E9	52.44729136163983
3.1043390575E9	0.0
3.1043406705E9	0.0
3.104342279E9	0.0
3.104343883E9	34.137569091619675
3.104345484E9	59.56003666361136
3.104347078E9	0.0
3.1043486665E9	57.002053388090346
3.104350253E9	0.0
3.1043518375E9	49.26607319485658
3.1043534215E9	46.89498507802526
3.1043550035E9	0.0
3.1043565795E9	0.0
3.1043581505E9	49.99793887986048
3.10435972E9	59.39424533064109
3.1043612885E9	49.36687404201605
3.104362856E9	0.0
3.104364422E9	51.83472137367761
3.104365984E9	43.907415345049294
3.104367543E9	0.0
3.1043691005E9	0.0
3.1043706555E9	44.8458904109589
3.104372207E9	0.0
3.1043737525E9	0.0
3.104375294E9	52.25495750708215
3.1043768335E9	0.0
3.104378371E9	37.645790473176135
3.104379907E9	0.0
3.1043814395E9	57.95148247978437
3.1043829685E9	0.0
3.1043844935E9	55.8504978856909
3.1043860115E9	0.0
3.104387523E9	59.51713859910581
3.104389031E9	6.713258505787443
3.1043905345E9	36.59420065126376
3.104392034E9	0.0
3.104393533E9	0.0
3.104395031E9	54.39106434362601
3.1043965275E9	0.0
3.1043980195E9	51.771361685524774
3.1043995065E9	48.026869158878505
3.104400992E9	0.0
3.104402475E9	49.91883116883117
3.104403955E9	54.72190692395006
3.1044054305E9	54.567567567567565
3.1044069025E9	52.856377829215056
3.1044083735E9	58.99821689090614
3.1044098415E9	59.382688436591366
3.104411307E9	0.0
3.10441277E9	0.0
3.1044142295E9	59.4661921708185
3.104415687E9	19.171297263421767
3.1044171395E9	43.04542966611932
3.104418587E9	0.0
3.1044200325E9	23.77971386647102
3.104421476E9	40.05705394190871
3.104422919E9	0.0
3.1044243595E9	45.87938288920056
3.1044257945E9	24.373430962343097
3.1044272255E9	0.9373970345963756
3.1044286555E9	0.0
3.104430085E9	0.0
3.104431514E9	0.0
3.104432943E9	59.23176661264181
3.1044343705E9	0.0
3.1044357965E9	0.0
3.1044372195E9	58.675194152581085
3.1044386375E9	58.9974293059126
3.1044400535E9	0.0
3.104441469E9	50.66746943312338
3.104442884E9	20.182942708333332
3.1044442985E9	0.0
3.104445712E9	0.0
3.1044471235E9	0.0
3.104448531E9	59.283031751451006
3.1044499345E9	58.896125696636005
3.1044513345E9	3.837696335078534
3.104452732E9	0.0
3.104454128E9	0.0
3.1044555215E9	0.0
3.1044569115E9	43.93866210728788
3.1044582985E9	0.0
3.1044596825E9	0.0
3.104461064E9	58.77226222053808
3.104462444E9	0.0
3.1044638215E9	30.239688552188554
3.1044651965E9	38.71763220405433
3.1044665705E9	58.7124824684432
3.104467944E9	0.0
3.104469317E9	0.0
3.1044706895E9	57.538730089461055
3.1044720605E9	0.0
3.104473429E9	0.0
3.104474795E9	0.0
3.1044761595E9	57.199434229137196
3.104477522E9	0.0
3.104478883E9	0.0
3.104480241E9	0.0
3.104481596E9	0.0
3.1044829505E9	0.0
3.104484304E9	58.80444366073003
3.104485655E9	36.4182776801406
3.104487002E9	0.0
3.1044883465E9	0.0
3.10448969E9	0.0
3.1044910305E9	15.131090487238978
3.1044923685E9	0.0
3.1044937065E9	0.0
3.1044950435E9	0.0
3.104496378E9	26.63876772082879
3.104497711E9	0.0
3.1044990435E9	0.0
3.1045003715E9	58.70601589103292
3.104501695E9	59.14733878535997
3.104503018E9	56.68903803131991
3.1045043395E9	0.0
3.1045056595E9	0.0
3.104506978E9	0.0
3.1045082945E9	0.0
3.1045096045E9	44.42565236324658
3.1045109085E9	0.0
3.104512212E9	52.910186859553946
3.1045135145E9	0.0
3.104514816E9	0.0
3.1045161165E9	58.18681318681319
3.1045174155E9	33.332216062910916
3.104518713E9	0.0
3.104520009E9	0.0
3.1045212985E9	0.0
3.104522582E9	20.45849872100203
3.104523865E9	56.26968043647701
3.104525146E9	58.62462260986246
3.1045264245E9	0.0
3.104527699E9	22.919022154316274
3.10452897E9	0.0
3.1045302395E9	0.0
3.1045315055E9	56.19047619047619
3.104532769E9	54.46159936658749
3.1045340315E9	58.90310786106033
3.104535293E9	60.0
3.1045365535E9	58.72727272727273
3.104537813E9	0.8833499501495513
3.104539072E9	0.0
3.1045403305E9	0.0
3.1045415875E9	56.88554753190227
3.104542842E9	54.03905447070915
3.1045440925E9	0.0
3.1045453405E9	0.0
3.1045465875E9	0.0
3.1045478335E9	0.0
3.1045490785E9	0.0
3.1045503195E9	59.26158680282796
3.1045515575E9	0.0
3.1045527945E9	59.41308531109686
3.1045540295E9	0.0
3.1045552635E9	0.0
3.104556496E9	37.625
3.104557727E9	0.0
3.1045589575E9	58.85403501502124
3.1045601875E9	16.0140607424072
3.1045614165E9	52.66775582949651
3.104562644E9	51.29568106312292
3.1045638685E9	0.0
3.1045650905E9	2.5521405049396266
3.104566312E9	37.28892331525949
3.104567533E9	47.37339901477832
3.1045687535E9	0.9706336939721792
3.1045699725E9	22.096310048735205
3.1045711905E9	2.787878787878788
3.1045724075E9	57.48251748251748
3.1045736235E9	0.0
3.1045748375E9	59.216857996540334
3.1045760485E9	0.9596337910944652
3.104577258E9	0.0
3.1045784665E9	57.981651376146786
3.1045796745E9	0.0
3.1045808815E9	0.0
3.104582087E9	0.0
3.104583292E9	0.0
3.1045844955E9	0.0
3.1045856965E9	0.0
3.104586896E9	0.0
3.1045880945E9	56.6653883029722
3.1045892925E9	0.0
3.1045904905E9	8.035213204951857
3.104591687E9	54.38117546848382
3.1045928815E9	40.488690309969286
3.104594074E9	0.0
3.104595264E9	8.54678271681691
3.1045964525E9	58.741293949819585
3.1045976365E9	0.0
3.1045988165E9	58.65871833084948
3.104599996E9	0.0
3.1046011715E9	21.442156160458453
3.1046023415E9	0.0
3.1046035085E9	10.687769784172662
3.10460467E9	0.0
3.1046058265E9	55.84970111016226
3.1046069825E9	58.75378623972306
3.104608138E9	58.04973357015986
3.1046092925E9	59.42807625649913
3.1046104465E9	59.29934875364923
3.104611598E9	59.830028328611895
3.104612744E9	0.0
3.104613887E9	59.51945080091533
3.1046150285E9	59.18478260869565
3.104616167E9	31.021628498727736
3.104617303E9	0.0
3.104618438E9	4.131347962382445
3.104619573E9	0.0
3.104620704E9	52.26493123772102
3.104621831E9	51.33893322133557
3.1046229575E9	56.49328541706071
3.104624082E9	32.87116564417178
3.104625205E9	57.73115773115773
3.104626328E9	0.0
3.1046274505E9	42.16365606936416
3.1046285725E9	59.409660107334524
3.104629694E9	53.73207415180133
3.104630815E9	16.344990853330465
3.104631935E9	0.9163306451612904
3.104633054E9	0.0
3.104634173E9	55.0519242516799
3.1046352915E9	40.87289234760052
3.104636408E9	0.0
3.1046375185E9	50.74072627879735
3.1046386245E9	56.0665522250099
3.1046397295E9	0.0
3.1046408325E9	0.0
3.104641934E9	56.576465130663365
3.1046430335E9	0.0
3.1046441315E9	0.0
3.1046452285E9	0.0
3.1046463245E9	0.0
3.10464742E9	0.0
3.104648514E9	58.45715207918661
3.1046496055E9	2.6822625698324023
3.104650695E9	0.0
3.104651783E9	0.0
3.10465287E9	0.0
3.104653956E9	56.353591160220994
3.104655041E9	59.06919477961093
3.104656126E9	5.820031923383879
3.10465721E9	9.4616
3.1046582915E9	57.787958115183244
3.1046593715E9	0.0
3.104660451E9	50.59907834101382
3.10466153E9	0.0
3.104662609E9	36.61573770491803
3.104663686E9	38.60396590066716
3.1046647605E9	55.83271375464684
3.104665834E9	0.0
3.1046669055E9	0.0
3.1046679745E9	0.0
3.104669042E9	0.0
3.1046701085E9	0.0
3.1046711745E9	0.0
3.1046722405E9	46.20601332810662
3.104673305E9	0.0
3.104674368E9	30.301208053691276
3.104675431E9	26.079149411381508
3.1046764935E9	27.15027027027027
3.1046775535E9	0.0
3.1046786105E9	58.09862097785207
3.1046796645E9	0.0
3.104680716E9	0.0
3.104681767E9	0.0
3.1046828175E9	0.0
3.1046838665E9	33.54205069124424
3.1046849135E9	0.0
3.1046859595E9	7.653846153846154
3.104687005E9	0.0
3.104688049E9	7.983102918586789
3.1046890895E9	58.092485549132945
3.1046901265E9	59.27309439676931
3.104691162E9	0.0
3.104692197E9	55.06400469759248
3.104693232E9	47.269076305220885
3.104694266E9	58.02133850630456
3.1046952985E9	1.2800908402725208
3.10469633E9	0.0
3.1046973585E9	45.19801781289761
3.1046983845E9	55.67251461988304
3.1046994105E9	0.0
3.104700435E9	57.60373443983403
3.1047014575E9	58.625498007968126
3.1047024785E9	0.0
3.1047034985E9	48.832159624413144
3.1047045185E9	58.52918287937743
3.104705538E9	0.0
3.1047065565E9	35.6218799787573
3.1047075745E9	0.0
3.104708592E9	0.0
3.104709608E9	58.83858959776652
3.104710623E9	0.0
3.104711638E9	3.7039848197343455
3.1047126525E9	0.0
3.1047136665E9	0.0
3.10471468E9	0.0
3.104715693E9	0.9131378935939196
3.104716706E9	59.76261127596439
3.1047177185E9	50.60625313492727
3.10471873E9	4.397177419354839
3.104719741E9	0.0
3.104720751E9	36.509997192676
3.1047217595E9	0.0
3.1047227675E9	0.9654255319148937
3.104723775E9	0.0
3.104724782E9	2.822463768115942
3.104725789E9	16.860452869931542
3.1047267955E9	0.0
3.104727801E9	0.0
3.104728805E9	0.0
3.104729807E9	58.31864982485936
3.1047308075E9	0.0
3.104740963E9	0.0
3.104756475E9	50.367445608380336
3.104767963E9	57.074330589307166
3.104778484E9	57.96671007051077
3.1047881575E9	32.58595343538102
3.1047976135E9	50.09599982477787
3.1048068795E9	47.981347879641035
3.1048160235E9	56.675585081065755
3.104824959E9	47.077009418769215
3.1048336895E9	45.050042202670035
3.1048423175E9	0.0
3.1048506295E9	57.15041841971427
3.104858538E9	56.32611406266941
3.10486621E9	21.776158735132515
3.104873738E9	0.0
3.104881204E9	47.7723238366106
3.1048886055E9	51.57575190982424
3.104895888E9	45.947560592577084
3.1049030315E9	54.75635739650611
3.1049100215E9	49.59317962588187
3.104916928E9	21.342596832219783
3.1049238165E9	49.93675054059367
3.104930685E9	51.64327874672702
3.1049375335E9	56.74401766004415
3.1049443175E9	0.8775820830615351
3.1049510255E9	54.87430427200484
3.104957646E9	51.92752253562082
3.1049641205E9	7.171629929524666
3.104970491E9	7.327439098291117
3.104976811E9	56.036494584169546
3.1049830915E9	35.63541495848179
3.104989311E9	36.865402362879024
3.104995483E9	39.36498887305279
3.1050016285E9	45.6684343994369
3.105007741E9	35.428739338778215
3.105013843E9	49.33591627165425
3.105019839E9	59.500569013168594
3.1050257E9	50.10270846991374
3.105031511E9	42.57779643637336
3.1050372955E9	0.0
3.105043063E9	36.212341912307465
3.1050488005E9	58.40678076186146
3.1050545125E9	57.943229277270476
3.1050601615E9	40.37876149204163
3.1050657395E9	55.32756197291081
3.1050713015E9	41.72740362981851
3.1050767895E9	29.45117623117623
3.105082186E9	54.14870430653272
3.1050875235E9	57.68871271759619
3.105092801E9	49.60079897730905
3.105098007E9	54.509666494616646
3.1051031505E9	55.39740977100874
3.1051082045E9	57.08363911480991
3.105113172E9	57.322404371584696
3.105118124E9	49.52594240286406
3.105123046E9	55.070389488503054
3.105127928E9	0.0
3.105132784E9	54.293874863651105
3.1051375455E9	33.31122354016142
3.105142205E9	49.93153785221229
3.1051468215E9	25.17965880616483
3.105151389E9	43.91020638807416
3.1051559265E9	30.731566384064532
3.105160444E9	51.62798132872946
3.105164943E9	57.09855164496984
3.1051694125E9	0.0
3.1051738415E9	53.43090786489303
3.105178253E9	30.632146630303925
3.1051826085E9	40.414883969058415
3.1051869095E9	56.23283121257485
3.105191198E9	51.58254054897068
3.105195423E9	49.674149167270095
3.105199594E9	38.696232635028665
3.1052037465E9	16.571428571428573
3.105207865E9	37.04047544245471
3.10521196E9	0.0
3.105216012E9	53.42502997973783
3.1052200195E9	0.0
3.105224006E9	36.00104609669062
3.1052278585E9	55.8575734180598
3.105231579E9	54.09828657935179
3.1052352765E9	28.672505307855626
3.1052389575E9	50.695301698275635
3.105242632E9	45.81846882399368
3.1052463045E9	36.55755064456722
3.105249957E9	38.20954035400723
3.10525359E9	56.04431058668207
3.105257213E9	9.967642242387678
3.105260822E9	15.141481351777271
3.1052644205E9	43.74234761778014
3.1052680095E9	33.51007959532842
3.1052715945E9	15.758162700608743
3.105275175E9	53.20056816575741
3.105278732E9	0.0
3.1052822555E9	39.72173766627378
3.105285765E9	59.0893470790378
3.1052892635E9	50.96664466083512
3.105292744E9	0.0
3.105296203E9	0.0
3.105299639E9	59.57516583438921
3.10530305E9	51.86934073751119
3.105306431E9	54.37313468077068
3.105309783E9	53.31465747330961
3.1053131135E9	50.26058912061922
3.105316433E9	56.58370273794002
3.105319747E9	59.52691121014741
3.105323045E9	25.869158878504674
3.1053263115E9	0.0
3.10532956E9	11.045987376014427
3.105332802E9	54.846666666666664
3.105336038E9	0.0
3.1053392555E9	52.79034112686853
3.105342453E9	58.167562154041875
3.105345638E9	28.209066487575555
3.1053488045E9	57.75932585704254
3.105351955E9	44.99821850086848
3.105355096E9	59.57620374054915
3.1053582345E9	57.34516076648262
3.1053613715E9	0.9744245524296675
3.1053645055E9	56.11044417767107
3.1053676375E9	55.24834518264281
3.105370751E9	0.0
3.1053738455E9	51.61437975374331
3.105376939E9	50.98608248517944
3.105380015E9	0.9823434991974318
3.105383037E9	50.74141152049818
3.105386017E9	0.9818181818181818
3.105388988E9	52.56636179648533
3.105391952E9	0.0
3.10539491E9	54.403265431466885
3.105397855E9	51.543417590303804
3.105400789E9	13.185859603870759
3.10540371E9	0.0
3.1054066165E9	59.66918521543802
3.1054095145E9	54.532279460535044
3.1054124035E9	43.42508020079508
3.105415289E9	0.9793637145313844
3.1054181705E9	0.0
3.105421047E9	41.77816843377465
3.105423915E9	58.04772083081641
3.1054267735E9	19.880880579010856
3.1054296205E9	34.39629132404766
3.10543244E9	30.5719499641264
3.105435239E9	52.919630213057104
3.1054380315E9	39.01477485928705
3.105440812E9	38.485745464465964
3.105443576E9	59.812458137977224
3.1054463305E9	59.711934156378604
3.105449079E9	59.4101986483719
3.105451813E9	42.00981010264041
3.1054545365E9	55.832210426024226
3.1054572385E9	24.296622796126147
3.105459914E9	30.547418967587035
3.10546258E9	24.17897734432096
3.1054652375E9	39.95198733052648
3.105467887E9	56.84280808851583
3.105470528E9	51.16710875331565
3.105473162E9	0.573019801980198
3.105475793E9	39.81534896533843
3.1054784135E9	27.075214551735304
3.105481019E9	23.708600446589355
3.1054836015E9	51.34313752364245
3.1054861625E9	46.84704073789393
3.105488716E9	57.21364012051084
3.105491267E9	23.40446266956558
3.1054938115E9	56.95515094190904
3.1054963495E9	32.00525762355415
3.105498881E9	0.9158916295996765
3.1055013925E9	59.61086339683826
3.1055038895E9	0.0
3.105506379E9	58.644067796610166
3.105508858E9	53.424160711878116
3.10551133E9	59.5118549511855
3.105513792E9	57.901524249422636
3.1055162415E9	0.0
3.105518682E9	36.9822119783236
3.105521118E9	45.517555052479935
3.105523549E9	55.08704030833467
3.105525972E9	59.23628454040119
3.105528388E9	28.583185381442735
3.1055308005E9	39.03929603746661
3.1055332065E9	50.19248267655911
3.105535606E9	46.58672694521951
3.1055380035E9	42.9786078098472
3.105540398E9	26.90819942315616
3.1055427875E9	59.13605340293973
3.1055451725E9	0.0
3.1055475555E9	37.1007559796753
3.1055499375E9	57.346737967914436
3.105552312E9	0.0
3.1055546785E9	59.18552036199095
3.1055570425E9	49.553784403669724
3.105559404E9	48.128737761312514
3.105561761E9	51.76341418749063
3.105564112E9	24.12699797871309
3.1055664605E9	51.97019400352734
3.1055688045E9	41.12955322409525
3.105571144E9	36.28893905191874
3.1055734815E9	39.12998040496407
3.105575816E9	36.188295359292844
3.1055781475E9	0.0
3.105580476E9	52.60972159518435
3.1055827985E9	48.83223424992742
3.105585104E9	52.71056362991847
3.1055873965E9	58.73108605479932
3.105589686E9	43.8764468371467
3.1055919665E9	36.95494076559611
3.1055942405E9	59.841059602649004
3.105596511E9	55.59746507153016
3.1055987745E9	0.0
3.105601033E9	18.00299401197605
3.1056032815E9	51.82893705109306
3.105605521E9	37.92533129459735
3.1056077565E9	34.15525534745676
3.1056099875E9	46.902274371132364
3.1056122175E9	0.0
3.1056144435E9	0.0
3.1056166625E9	0.0
3.1056188775E9	23.17476737045959
3.1056210895E9	7.791305394990366
3.105623296E9	8.091436677843694
3.105625496E9	28.968330490246977
3.1056276925E9	27.434050514499532
3.1056298885E9	56.42432153151683
3.105632076E9	46.49360168965089
3.1056342545E9	38.961106191676315
3.1056364325E9	34.343047024046626
3.1056386075E9	0.0
3.1056407785E9	51.93437718795748
3.105642947E9	37.67598898710332
3.105645114E9	0.0
3.105647276E9	46.0304201266135
3.105649431E9	0.9736070381231672
3.105651583E9	0.0
3.105653732E9	58.51285431773237
3.105655878E9	35.42041355037396
3.1056580215E9	58.938906752411576
3.1056601635E9	45.762224006423125
3.1056623025E9	33.14987273766149
3.1056644355E9	44.04428208579148
3.1056665645E9	49.49139305068537
3.1056686915E9	57.53041018387553
3.1056708175E9	0.0
3.10567294E9	59.401496259351624
3.105675053E9	41.559564291836004
3.105677152E9	54.2183187653188
3.105679241E9	29.780090502689365
3.1056813275E9	39.38468350890277
3.105683412E9	49.09252217997465
3.105685491E9	10.486103110599078
3.105687566E9	52.19646472127586
3.1056896395E9	25.0
3.1056917095E9	25.42804748687358
3.105693777E9	0.0
3.105695838E9	0.9846860643185299
3.105697891E9	44.49826989619377
3.1056999415E9	44.79189888535032
3.105701983E9	50.03229398663697
3.1057040115E9	55.07444363473289
3.1057060315E9	22.073170731707318
3.105708045E9	41.47178846554237
3.105710055E9	30.866142817755723
3.105712061E9	34.46998666073811
3.105714063E9	33.510519849497044
