#Position (bp)	mapping quality
3882144.5	54.83696268994652
1.16464325E7	57.09843595417832
1.94107205E7	57.42077274832215
2.71750085E7	58.389893425665285
3.49392965E7	58.42598930893464
4.27035845E7	58.43236357995274
5.04678725E7	58.44036436789894
5.82321605E7	58.31551914108624
6.59964485E7	58.35039637257521
7.37607365E7	58.316842299073734
8.15250245E7	58.26069595382359
8.92893125E7	58.30300496219653
9.70536005E7	58.37050682346131
1.048178885E8	56.499928904001436
1.125821765E8	58.329988055835614
1.203464645E8	22.432401031363533
1.281107525E8	11.123911593050323
1.358750405E8	0.0
1.436393285E8	28.9856694017803
1.514036165E8	52.92181638060803
1.591679045E8	57.66469860216959
1.669321925E8	58.37064703174292
1.746964805E8	58.33084557568038
1.824607685E8	58.353324544219596
1.902250565E8	58.36692355156694
1.979893445E8	58.3056585128673
2.057536325E8	57.84771653241909
2.135179205E8	58.38756923269896
2.212822085E8	58.26836771538333
2.290464965E8	56.76078404864663
2.368107845E8	58.31169766658832
2.445750725E8	58.265873133111654
2.487068195E8	52.615527951673776
2.525889635E8	58.191213307457666
2.601036485E8	58.3249257436516
2.678679365E8	58.37168050934483
2.756322245E8	58.39296289737001
2.833965125E8	57.759608299603336
2.911608005E8	58.32680363273026
2.989250885E8	58.34533850086022
3.066893765E8	58.35065816225439
3.144536645E8	58.34913838563911
3.222179525E8	58.26732134109894
3.299822405E8	58.33563876141989
3.377465285E8	41.946804040247585
3.455108165E8	53.65335881789203
3.532751045E8	57.988058843942866
3.610393925E8	52.470752870046
3.688036805E8	58.28126788463516
3.765679685E8	56.644595295337226
3.843322565E8	58.099822074839345
3.920965445E8	58.35807978565764
3.998608325E8	58.268214104306125
4.076251205E8	58.32156658451562
4.153894085E8	58.274871664701045
4.231536965E8	58.347662657378535
4.309179845E8	58.37683010618316
4.386822725E8	58.380622485925095
4.464465605E8	58.31496529481848
4.542108485E8	58.40111604413389
4.619751365E8	58.33600911582716
4.697394245E8	58.34229243466605
4.775037125E8	58.34308818451257
4.852680005E8	58.276262854571705
4.90150048E8	57.521486893302324
4.94032192E8	58.22743082514135
5.007965765E8	58.36401908755358
5.085608645E8	58.33366930396866
5.163251525E8	58.324910254765
5.240894405E8	58.34368760405618
5.318537285E8	58.3331208657866
5.396180165E8	58.41446247720392
5.473823045E8	58.39219843291546
5.551465925E8	58.3889279367421
5.629108805E8	58.31247173660899
5.706751685E8	58.21272049208749
5.784394565E8	54.481047365066075
5.862037445E8	46.72548167171816
5.939680325E8	58.34192900931785
6.017323205E8	58.27592390471178
6.094966085E8	58.34557598792091
6.172608965E8	58.34052741927678
6.250251845E8	58.248493119313096
6.327894725E8	58.35272626565348
6.405537605E8	58.316556533539305
6.483180485E8	58.383439839934574
6.560823365E8	58.325593792098644
6.638466245E8	58.41728914035028
6.716109125E8	58.410128367109095
6.793752005E8	58.20071632437688
6.863514275E8	57.5220431330672
6.902335715E8	56.455846569417005
6.949037765E8	56.270989185930986
7.026680645E8	57.72675157259171
7.104323525E8	58.19133537588854
7.181966405E8	58.35077938193862
7.259609285E8	58.40737357294663
7.337252165E8	58.370704054072505
7.414895045E8	32.79987814182615
7.492537925E8	58.297910266338945
7.570180805E8	58.312807409609356
7.647823685E8	58.34209099858479
7.725466565E8	58.32280345941355
7.803109445E8	58.33418073500951
7.880752325E8	58.35084520639874
7.958395205E8	58.35149720226362
8.036038085E8	58.331808600165665
8.113680965E8	58.26461168729102
8.191323845E8	58.129087402374736
8.268966725E8	58.33082549225666
8.346609605E8	58.284564460707784
8.424252485E8	58.347756379195175
8.501895365E8	58.377621480041924
8.579538245E8	58.289683271979975
8.657181125E8	58.32375690255951
8.734824005E8	58.251612842280885
8.78512305E8	54.678998856780154
8.82394449E8	58.06415614723258
8.890109765E8	58.2609852641319
8.967752645E8	57.95195628058052
9.045395525E8	58.26201476272375
9.123038405E8	58.188923262180786
9.200681285E8	58.32750307295397
9.278324165E8	44.50891116994786
9.355967045E8	58.29817577679167
9.433609925E8	58.32337725153293
9.511252805E8	50.24695862185186
9.588895685E8	58.39105477488952
9.666538565E8	58.32652715798674
9.744181445E8	58.366786542368665
9.821824325E8	58.18782200607089
9.899467205E8	58.27726750129664
9.977110085E8	58.32457914828473
1.0054752965E9	58.368637042116305
1.0132395845E9	58.4185119776144
1.0210038725E9	58.39795162107493
1.0287681605E9	58.29294651975258
1.0365324485E9	58.26694764026454
1.0442967365E9	58.34077318471609
1.0520610245E9	57.762033090945884
1.0585707465E9	56.072629949284554
1.0624528905E9	57.54860420308866
1.0675896005E9	58.31328952060962
1.0753538885E9	58.35875930018672
1.0831181765E9	58.35063146745042
1.0908824645E9	57.14065368580351
1.0986467525E9	58.394721042315986
1.1064110405E9	58.396310652707655
1.1141753285E9	58.3426826773437
1.1219396165E9	42.85791036323388
1.1297039045E9	58.366142016938845
1.1374681925E9	58.34881430485963
1.1452324805E9	58.27924476774383
1.1529967685E9	58.37117829100594
1.1607610565E9	58.37953698270458
1.1685253445E9	58.41167389972828
1.1762896325E9	58.313834178978155
1.1840539205E9	58.34330012513047
1.1918182085E9	58.310146820970836
1.1995824965E9	58.386316294817675
1.2073467845E9	58.38198994472142
1.2151110725E9	58.345050177966215
1.2228753605E9	57.7378114629764
1.229380904E9	57.426093489996056
1.233263048E9	57.853746644383925
1.2384039365E9	57.60596200605408
1.2461682245E9	58.35404182209376
1.2539325125E9	58.32920615158761
1.2616968005E9	58.196583830618415
1.2694610885E9	58.333462949745126
1.2772253765E9	58.33313790479262
1.2849896645E9	57.86362032621421
1.2927539525E9	33.679660034484066
1.3005182405E9	57.41240097248262
1.3082825285E9	53.34039079617892
1.3160468165E9	58.3560480586541
1.3238111045E9	58.33260048382269
1.3315753925E9	56.1406720485226
1.3393396805E9	58.31191891357747
1.3471039685E9	58.35579649592335
1.3548682565E9	58.34328748042059
1.3626325445E9	58.34646544662101
1.3703968325E9	58.33931816468773
1.3781611205E9	55.065301937019775
1.3859254085E9	58.14527058514617
1.3905789145E9	57.73519315631551
1.3944610585E9	56.31553637928268
1.4014539845E9	50.79801010336298
1.4092182725E9	58.39783950928401
1.4169825605E9	58.33315334492547
1.4247468485E9	58.343220270618694
1.4325111365E9	50.00577970322758
1.4402754245E9	55.77560093234905
1.4480397125E9	58.26542927363266
1.4558040005E9	58.35290155101945
1.4635682885E9	58.25243346807194
1.4713325765E9	58.37950086792906
1.4790968645E9	52.943748400919155
1.4868611525E9	58.34807310305567
1.4946254405E9	58.364811104472956
1.5023897285E9	58.33940024851722
1.5101540165E9	58.36622654429479
1.5179183045E9	58.29658983025594
1.5256825925E9	58.258749801350895
1.5330268245E9	58.238130112154415
1.5369089685E9	55.92996563809596
1.5412111685E9	58.36375726759554
1.5489754565E9	58.35701740795835
1.5567397445E9	58.364199853387056
1.5645040325E9	58.34174192988135
1.5722683205E9	56.16503412317389
1.5800326085E9	26.685302262281414
1.5877968965E9	0.0
1.5955611845E9	17.73178489095637
1.6033254725E9	37.886101745519284
1.6110897605E9	58.38221361646534
1.6188540485E9	58.275006682090655
1.6266183365E9	58.276471439316595
1.6343826245E9	58.216658568284835
1.6421469125E9	58.299554450456
1.6499112005E9	58.17624465526554
1.6576754885E9	58.40588688858745
1.6654397765E9	58.39995835226205
1.672102775E9	57.49909080337402
1.675984919E9	57.48794065013377
1.6809683525E9	58.29163526983636
1.6887326405E9	58.40501671925618
1.6964969285E9	58.27525567993076
1.7042612165E9	58.31006106004822
1.7120255045E9	45.460495845266635
1.7197897925E9	45.89123568519997
1.7275540805E9	58.11967601190345
1.7353183685E9	58.37620583420014
1.7430826565E9	58.338353594840974
1.7508469445E9	58.251227533929736
1.7586112325E9	57.737775625698646
1.7663755205E9	58.357525170994606
1.7741398085E9	58.364123435452925
1.7819040965E9	58.29745351733833
1.7896683845E9	58.320858949587524
1.7974326725E9	58.32483928201094
1.804997934E9	56.581574074667685
1.808880078E9	44.180007355405806
1.8129612485E9	57.486329124224554
1.8207255365E9	58.40095859642964
1.8284898245E9	58.31943177541606
1.8362541125E9	58.25984458275849
1.8440184005E9	58.36536311274278
1.8517826885E9	58.375143838611805
1.8595469765E9	32.24570383239147
1.8673112645E9	58.20264480704449
1.8750755525E9	58.35905176388774
1.8828398405E9	58.38116778577829
1.8906041285E9	58.33106078732064
1.8983684165E9	56.993209024073046
1.9061327045E9	58.34982893813046
1.9138969925E9	58.32515600859509
1.9216612805E9	58.31892837016797
1.9294255685E9	58.34784450411819
1.9371898565E9	58.33581538542152
1.942419837E9	58.23553829660108
1.946301981E9	58.1739283051474
1.9527184325E9	58.171370498256145
1.9604827205E9	58.37481093967209
1.9682470085E9	58.336723754557894
1.9760112965E9	43.61024504604397
1.9837755845E9	52.07935557452818
1.9915398725E9	58.378908543662284
1.9993041605E9	58.37193565406639
2.0070684485E9	58.35183096652852
2.0148327365E9	58.35680872147967
2.0225970245E9	58.33100909354436
2.0303613125E9	58.31142604908054
2.0381256005E9	58.347594736625204
2.0458898885E9	58.36972966581845
2.0536541765E9	58.40987680134478
2.0614184645E9	58.446355924419706
2.0691827525E9	58.35455505489973
2.0750539395E9	58.15416213506499
2.0789360835E9	0.0
2.0847113285E9	0.0
2.0924756165E9	12.906403812516116
2.1002399045E9	58.387721830129756
2.1080041925E9	58.37468661432753
2.1157684805E9	58.35180362751269
2.1235327685E9	58.36243582860459
2.1312970565E9	57.15878510489817
2.1390613445E9	58.29954567678912
2.1468256325E9	58.30956813333755
2.1545899205E9	58.33711380682126
2.1623542085E9	58.37345759901989
2.1701184965E9	58.39216533639091
2.1778827845E9	58.37042811720843
2.1856470725E9	58.07620774948156
2.1904682635E9	58.12702920377111
2.1943504075E9	0.0
2.2011756485E9	0.0
2.2089399365E9	39.90088311610467
2.2167042245E9	58.30475566128625
2.2244685125E9	58.43527248489672
2.2322328005E9	58.36762055748811
2.2399970885E9	58.367225800030454
2.2477613765E9	58.35166970415679
2.2555256645E9	58.354463162528766
2.2632899525E9	58.396416058411035
2.2710542405E9	58.363167840641836
2.2788185285E9	58.28953301233066
2.2865828165E9	58.374016912432054
2.2943471045E9	58.173232941476
2.2983401385E9	58.525004986394265
2.3022222825E9	0.0
2.3098756805E9	0.0
2.3176399685E9	26.644316028089698
2.3254042565E9	52.82118621980043
2.3331685445E9	55.300325283802266
2.3409328325E9	58.17484608663348
2.3486971205E9	58.3426152205613
2.3564614085E9	58.324136578601184
2.3642256965E9	58.370987590708225
2.3719899845E9	57.860037529220186
2.3797542725E9	56.49407457168273
2.3875185605E9	58.26655846749276
2.3952828485E9	58.34206311486029
2.399803605E9	55.81815910809887
2.403685749E9	58.01006804142195
2.4108114245E9	58.36646151152102
2.4185757125E9	51.68683442980833
2.4263400005E9	54.738992856219475
2.4341042885E9	39.03845449682386
2.4418685765E9	1.4052289851148578
2.4496328645E9	47.792000060260314
2.4573971525E9	58.36320523267957
2.4651614405E9	58.34526385707483
2.4729257285E9	57.637807811765946
2.4806900165E9	58.2966991291111
2.4876763615E9	57.40240991459817
2.4915585055E9	57.52682849087607
2.4962185925E9	58.35179716433558
2.5039828805E9	58.272936145876734
2.5117471685E9	41.27840993048364
2.5195114565E9	44.70114163584195
2.5272757445E9	55.552892722383895
2.5350400325E9	55.110217329917376
2.5428043205E9	58.37069139364571
2.5505686085E9	58.26132746723008
2.5583328965E9	58.1915267591259
2.5660971845E9	58.33495114420696
2.572008666E9	57.96593806675589
2.57589081E9	56.32920169076608
2.5816257605E9	58.33209684516968
2.5893900485E9	33.81825694512156
2.5971543365E9	54.22789892253873
2.6049186245E9	58.361045220800214
2.6126829125E9	58.342910617942586
2.6204472005E9	58.26670859096965
2.6282114885E9	58.33436234547749
2.6359757765E9	58.419226790957744
2.6437400645E9	58.31376480947792
2.6510167485E9	58.10871234313654
2.6548988925E9	47.82906251728197
2.6592686405E9	58.25608103392138
2.6670329285E9	57.99300623966322
2.6747972165E9	58.350799272768214
2.6825615045E9	57.51162862344568
2.6903257925E9	56.593407181885844
2.6980900805E9	58.37000766756309
2.7058543685E9	57.115365348750295
2.7113827085E9	58.29812064368482
2.7152648525E9	58.240720845268825
2.7213829445E9	58.381884931018135
2.7291472325E9	58.343238280252926
2.7369115205E9	42.43084304378202
2.7446758085E9	48.84272007018105
2.7524400965E9	58.38947852138978
2.7602043845E9	58.37468319614493
2.7679686725E9	58.3506188199261
2.774661944E9	58.09031343093094
2.778544088E9	0.0
2.7834972485E9	23.579659706798974
2.7912615365E9	53.45924635119007
2.7990258245E9	58.34592960927258
2.8067901125E9	58.374311853144285
2.8145544005E9	58.06921622196423
2.8213097995E9	56.656294971121504
2.8251919435E9	0.0
2.8300829765E9	0.0
2.8378472645E9	39.81015816733874
2.8456115525E9	54.84748174543967
2.8533758405E9	58.412504673696766
2.8611401285E9	58.34695787866179
2.8689044165E9	58.344963932826516
2.8738940415E9	57.857962212562356
2.8777761855E9	57.030000828164255
2.8844329925E9	58.06613595465304
2.8921972805E9	58.26468247594891
2.8999615685E9	58.39754727263824
2.9077258565E9	58.31064634050123
2.9154901445E9	58.40364298791394
2.9232544325E9	56.63915350048096
2.9310187205E9	45.2023975924875
2.9387830085E9	46.337643948832635
2.9465472965E9	56.06184110610169
2.9543115845E9	58.26859690863935
2.9620758725E9	58.01978661773773
2.9698401605E9	57.96926325269125
2.9776044485E9	56.02426243851652
2.9853687365E9	58.34424127379285
2.9931330245E9	56.524050666962715
3.0008973125E9	58.38621973136875
3.0086616005E9	57.36652869762157
3.0164258885E9	56.40968017517227
3.0241901765E9	57.50509900982754
3.029557369E9	54.58983022746766
3.033439513E9	57.79184576802805
3.0397187525E9	41.156260843964844
3.0474830405E9	46.25797035188389
3.0552473285E9	21.861735454315777
3.0630116165E9	0.0
3.0707759045E9	0.0
3.0785401925E9	0.0
3.0853460845E9	4.929720213884229
3.088278117E9	56.85812877701547
3.088373929E9	47.807488855497354
3.0884774725E9	54.91838527173698
3.0885573295E9	53.467319481976375
3.0886546005E9	25.36320875684425
3.0887081185E9	31.28065449508619
3.0887493115E9	35.880038308806355
3.088858438E9	31.847592471649943
3.088966832E9	55.26256852214446
3.089008063E9	50.32442750140943
3.089109657E9	10.751265538116069
3.089267292E9	9.994414282840944
3.08942189E9	8.529100567385598
3.089604443E9	37.13324000260064
3.089755642E9	44.62785580129638
3.0898220175E9	19.270975655714388
3.0898610755E9	21.284389856831854
3.089968525E9	32.29654794234039
3.0900764725E9	40.16000955637515
3.090141311E9	3.2738118113059675
3.090191469E9	0.988207171314741
3.090297168E9	37.9860747759579
3.090503609E9	33.56830993423075
3.0907062205E9	49.44170068897388
3.09089898E9	40.69438557590606
3.091013772E9	50.213231555456126
3.091052607E9	52.37499457900913
3.0911587895E9	47.64104825440202
3.091267064E9	53.40277498180467
3.0915130575E9	7.574958320812298
3.092673561E9	18.534867224621507
3.093702736E9	47.55196117855412
3.093935951E9	33.76569496782543
3.094132646E9	29.341133099422734
3.0942642985E9	6.897410457386646
3.094360447E9	53.095655995095676
3.0944711045E9	16.130893738441735
3.0946435155E9	12.94742905511905
3.094747446E9	42.01492273399099
3.0948598115E9	7.656952567449704
3.0950026905E9	33.94926555648346
3.095104297E9	41.964190921787946
3.095190977E9	19.67499333003011
3.0952465895E9	46.60693031186403
3.0952663465E9	22.5379952370643
3.095268566E9	2.548082966687618
3.0952706195E9	17.399584487534625
3.0952723265E9	11.32771822358346
3.0952838005E9	13.2994289793005
3.0952967465E9	20.693808685446008
3.095299555E9	2.0804347826086955
3.0953008775E9	0.9055640632976009
3.0953027375E9	0.0
3.0953043745E9	0.9764705882352941
3.095311073E9	24.091106719367588
3.0953361175E9	3.7442922374429224
3.095355552E9	0.867231638418079
3.0953574645E9	7.5691632105391555
3.095360032E9	36.42700889601867
3.095361791E9	0.8709949409780776
3.095363378E9	21.05304955527319
3.095365611E9	7.926547743966422
3.0953678415E9	0.0
3.095369933E9	43.8616629874908
3.095371677E9	0.0
3.09537289E9	0.0
3.0953743225E9	0.0
3.095375945E9	59.772481040086674
3.095572656E9	45.933391225991436
3.095769303E9	49.21804984565487
3.0957708065E9	23.84699388687756
3.0957736535E9	48.942186919833354
3.095822105E9	46.176108445892396
3.095924849E9	23.729398684138516
3.095983129E9	54.34275989789279
3.095986364E9	27.3139308012487
3.0959887305E9	48.00127607361963
3.0959909825E9	29.50337667110764
3.095993051E9	50.516479369339145
3.0959946765E9	51.94396076702667
3.096006671E9	35.28678621900325
3.0960870785E9	41.0579022186804
3.0961589785E9	55.92442324755989
3.096165879E9	37.61250345964301
3.096173123E9	51.57521044457525
3.09617898E9	53.35139627112508
3.096183283E9	45.07177356706185
3.096185859E9	34.78257226644323
3.0961883E9	30.044728434504794
3.0961908755E9	5.588171104321257
3.096192456E9	0.0
3.096238607E9	47.197279305956926
3.0962848625E9	19.54214390602056
3.096286263E9	6.627988748241913
3.0962877625E9	43.69343339587242
3.096289947E9	51.744968698318246
3.096292208E9	0.8543307086614174
3.0962965075E9	5.33898923554096
3.096315547E9	16.149137927253427
3.0963533005E9	31.207950553960817
3.09637788E9	49.40726306035545
3.096382479E9	54.68695483909381
3.0963879875E9	12.564849339917364
3.0963943185E9	32.06082648586353
3.096398918E9	37.04369414101291
3.0964033365E9	37.19400822305163
3.0964070605E9	34.336355437413964
3.0964084065E9	24.35379771743408
3.0964096105E9	3.9545719277810134
3.096411644E9	21.391626162823293
3.0964135175E9	51.32680412371134
3.0964147555E9	0.9847242921013413
3.0964161835E9	20.116818873668187
3.0964174105E9	11.810786842953886
3.096418484E9	16.74955892841502
3.096419946E9	0.0
3.096422275E9	0.0
3.0964254675E9	11.206447963800905
3.0964313925E9	2.343358335349625
3.0964360765E9	0.9144486692015209
3.096437123E9	0.0
3.0964382945E9	0.0
3.096440137E9	17.897201599086237
3.096442099E9	0.839907192575406
3.096443439E9	0.0
3.0964449505E9	15.997040169133193
3.0964464985E9	0.6098901098901099
3.0964475915E9	0.0
3.0964489705E9	0.0
3.0964506065E9	0.0
3.0964522235E9	0.0
3.0964537525E9	6.839229968782519
3.0964552355E9	0.7805194805194805
3.09645655E9	0.0
3.0964580005E9	4.981865284974093
3.0964594605E9	0.0
3.096462063E9	29.892818931336144
3.0964647385E9	0.0
3.0964666345E9	0.0
3.0964687875E9	0.0
3.096470338E9	0.0
3.0964722525E9	27.763814866760168
3.096474844E9	9.46469811943253
3.0964802425E9	55.96635500779147
3.0964880595E9	55.0483914654716
3.0965833285E9	37.58771639549245
3.0967643755E9	54.82946508381049
3.0969348755E9	15.436262918371519
3.097105623E9	41.141149039691534
3.0972741855E9	12.85385137017626
3.0973604055E9	2.647366869591862
3.097450029E9	0.9331977944120999
3.0976374775E9	45.25325774245386
3.0978270425E9	37.96321783768629
3.0979310955E9	36.195058862064315
3.097952041E9	24.152757442654952
3.0979864125E9	54.69113657517518
3.098119023E9	15.789405507713525
3.098265051E9	18.318528381307924
3.098391091E9	52.828261651294255
3.0985448955E9	33.324416851618686
3.0986946915E9	38.19435160745144
3.098783935E9	0.0
3.0988292795E9	37.78513661137344
3.098880847E9	24.839945736644665
3.098919304E9	32.10742936402617
3.0989774605E9	30.45298187042712
3.099052881E9	40.45958003028544
3.0991573655E9	32.96743641331285
3.099319594E9	31.99198505597037
3.0995012675E9	24.18921245871246
3.099670145E9	51.113792513992394
3.09983663E9	0.0
3.0999236415E9	0.0
3.099926258E9	54.793348476906054
3.0999293305E9	51.76366641240783
3.0999317075E9	42.92947658402204
3.099933225E9	0.0
3.099934473E9	47.81516587677725
3.099935544E9	51.801173881144535
3.099936873E9	57.01230168830067
3.0999392435E9	58.55230139018805
3.0999417715E9	58.759277412127155
3.099944294E9	57.6168097605061
3.099947122E9	44.78432732316227
3.099949542E9	8.488671946951557
3.099951465E9	0.0
3.0999532635E9	0.0
3.0999548975E9	0.0
3.099956276E9	0.0
3.0999589355E9	59.086828572277874
3.099961492E9	0.0
3.0999627755E9	0.0
3.099966206E9	55.54524370423127
3.099971928E9	56.66424653113908
3.0999763185E9	58.604651162790695
3.0999787225E9	0.0
3.099980804E9	32.33583690987125
3.099982934E9	51.627623845507976
3.0999846185E9	0.0
3.0999859675E9	52.797312183300285
3.099987108E9	0.0
3.0999883185E9	39.34936350777935
3.099989888E9	0.0
3.0999934275E9	54.210360585667516
3.099997199E9	54.53438359589897
3.0999989405E9	0.0
3.100000503E9	53.54087963601268
3.100002242E9	57.89473684210526
3.100004537E9	56.306184150251944
3.100007437E9	55.278950987132895
3.1000093805E9	0.0
3.1000104305E9	1.0
3.100011833E9	38.27410800385728
3.1000136915E9	58.99170124481328
3.1000154645E9	59.24324324324324
3.100017134E9	55.13116591928251
3.1000187915E9	0.0
3.100020568E9	50.0716829408386
3.1000221625E9	59.65183752417795
3.1000236955E9	53.95577395577396
3.1000264625E9	37.51371044235578
3.100029677E9	56.91449676823638
3.100031578E9	58.656716417910445
3.1000326205E9	0.0
3.100033658E9	0.0
3.100035464E9	42.796510763435705
3.1000409715E9	40.03687185816201
3.1000479435E9	20.058273025248265
3.100051797E9	52.08981253841426
3.100053416E9	47.69305019305019
3.10005829E9	51.87951631701632
3.1000639665E9	25.35736547466064
3.1000665115E9	9.92830917874396
3.100068816E9	0.0
3.100070957E9	40.97336442862403
3.1000725955E9	46.98807034805067
3.10007379E9	40.37596568883512
3.1000757855E9	57.2210136406397
3.1000785755E9	58.08344043499753
3.1000897445E9	58.26834307911648
3.1001009405E9	58.49249546429161
3.1001076425E9	58.376420139487884
3.1001174535E9	0.0
3.10012562E9	59.049208282582214
3.1001304845E9	58.345651832049064
3.1001326025E9	52.919791062100984
3.100134138E9	21.289503008691778
3.100136976E9	58.65378356387307
3.1001412695E9	58.199790007874704
3.1001454075E9	0.0
3.1001489115E9	0.0
3.1001523505E9	57.47023394175328
3.1001553555E9	48.62377122430742
3.1001569595E9	40.718039563035134
3.1001596515E9	0.0
3.100164687E9	58.61958058911471
3.100169456E9	58.07954598316044
3.100173756E9	58.79755753875059
3.100178605E9	0.0
3.100182461E9	57.681401576585074
3.1001845245E9	31.763740869356962
3.100186698E9	59.28225317989097
3.1001901715E9	58.03445140432411
3.1001926785E9	40.305301156494416
3.1001942255E9	0.0
3.100196577E9	58.73901012294651
3.100199826E9	58.33921055625071
3.1002050385E9	57.39782190903267
3.1002116325E9	58.67253555425677
3.100215983E9	59.48000417667328
3.100218536E9	1.2413554633471646
3.1002222875E9	0.0
3.100226716E9	0.0
3.100230998E9	58.838279791411836
3.10023432E9	54.452755654667094
3.100237109E9	21.98728988417838
3.100241596E9	58.227689367927624
3.1002465235E9	0.0
3.100249222E9	0.0
3.1002504975E9	57.346949574051536
3.1002526125E9	58.08530590207724
3.1002555955E9	57.66411526339487
3.1002585615E9	58.848253072439014
3.1002608765E9	58.131183583730305
3.100264232E9	0.0
3.1002683515E9	0.9745762711864406
3.1002730005E9	58.62312382264174
3.100276567E9	59.00400686891815
3.1002785615E9	0.0
3.1002805655E9	15.190542282145335
3.1002818545E9	57.98928664750457
3.100283864E9	58.40069495245062
3.100286221E9	0.0
3.1002886105E9	21.13224368499257
3.100297238E9	0.0
3.100308266E9	0.0
3.1003148695E9	16.258662167128872
3.1003201675E9	58.084416793950005
3.100323191E9	41.7382271468144
3.100327556E9	58.3995755354042
3.1003361335E9	57.69256431166136
3.100341505E9	35.14424757111903
3.100343284E9	57.84016973125884
3.1003451525E9	56.74714518760196
3.10034797E9	59.05253807941573
3.1003522945E9	58.38032913097873
3.1003595775E9	57.32086240942813
3.100367519E9	58.43966538613435
3.1003726985E9	58.66360752322683
3.1003758895E9	57.735449735449734
3.1003787135E9	0.0
3.1003813635E9	0.0
3.100384543E9	58.78519054807603
3.100388122E9	13.623794036245368
3.100390936E9	57.64211975223675
3.1003962175E9	57.892028715849534
3.1004020815E9	58.45406012924979
3.1004062135E9	36.610952019168955
3.100409423E9	57.88670338316286
3.1004119315E9	58.52980132450331
3.100414125E9	0.0
3.100417918E9	58.17394511376317
3.100423028E9	58.50229957615655
3.1004269835E9	57.952118020764495
3.1004299135E9	0.0
3.100431937E9	0.0
3.100433132E9	0.0
3.100434876E9	0.0
3.1004377605E9	52.49338988008189
3.1004408225E9	58.86212198872373
3.1004441155E9	58.79429815878044
3.1004490815E9	58.443258414867884
3.100453243E9	56.24576113976181
3.1004556705E9	57.70569513430101
3.1004587745E9	58.00207347306739
3.100461398E9	17.10196905766526
3.100462798E9	0.0
3.1004649905E9	56.897134670487105
3.100471036E9	0.0
3.1004779445E9	58.279660570284086
3.1004820575E9	54.18018656919972
3.100486718E9	58.65091463414634
3.1004910255E9	0.0
3.10049749E9	0.0
3.1005038655E9	0.8194607268464243
3.1005113075E9	0.0
3.100520375E9	57.71050164715965
3.100524579E9	57.30930950446791
3.100528576E9	57.879242452653294
3.100533401E9	59.06224164402976
3.1005371995E9	58.377340717058686
3.100540127E9	0.0
3.100544135E9	0.0
3.1005486665E9	0.0
3.1005512115E9	54.90985820391627
3.100552639E9	0.0
3.1005539095E9	0.0
3.1005560785E9	0.0
3.100558656E9	59.02800630141782
3.100561947E9	58.682478669811594
3.10056789E9	0.0
3.100573138E9	0.0
3.100576513E9	0.0
3.100580371E9	58.788313551584714
3.100591292E9	15.466197836718667
3.100602639E9	0.0
3.100606305E9	52.59
3.100608874E9	55.07066528783178
3.1006116575E9	58.31335262505167
3.1006156585E9	59.179805326772914
3.100620518E9	0.0
3.1006254325E9	58.67736508347353
3.1006312815E9	59.334470989761094
3.1006367155E9	43.06973346930901
3.100640534E9	58.353718085848485
3.100643878E9	56.835287129404776
3.100647993E9	58.27749045684029
3.1006508345E9	54.88350730688935
3.100653317E9	58.81850948796777
3.1006563755E9	59.309398099260825
3.1006598935E9	58.650034973187225
3.1006649805E9	58.98270863532822
3.1006712605E9	58.86615793535111
3.1006757165E9	59.95575221238938
3.100677201E9	19.717085341002154
3.10067847E9	39.881831610044316
3.100683289E9	58.457960906916774
3.1006885805E9	57.68228695494844
3.100691006E9	58.67512410369553
3.1006942785E9	0.0
3.1006969395E9	0.0
3.1006991355E9	49.468821486760035
3.1007016905E9	53.83375959079284
3.100704182E9	0.0
3.100706833E9	42.34803167549707
3.100708945E9	0.0
3.100712266E9	0.0
3.10071577E9	58.52107076596872
3.100717503E9	58.263888888888886
3.100719116E9	0.0
3.1007206285E9	0.791907514450867
3.1007221265E9	0.0
3.100724699E9	57.24092421045102
3.1007268945E9	0.0
3.1007289465E9	0.0
3.1007309285E9	0.0
3.1007330965E9	57.641797075894495
3.1007392415E9	0.0
3.1007470865E9	58.67747972551466
3.1007528755E9	0.0
3.1007561985E9	59.340981205760315
3.1007588475E9	57.649923005851555
3.100761762E9	41.918825339830725
3.1007635275E9	0.0
3.100764747E9	44.1096528768426
3.1007667445E9	44.66373098478783
3.1007691425E9	57.53609745539993
3.100772442E9	57.64477752738326
3.100775528E9	46.57051443967332
3.100781116E9	58.78554684076768
3.10079114E9	57.49607257055471
3.100797975E9	57.33249843456481
3.1008007345E9	56.6470252606463
3.100804877E9	59.02791245841476
3.100809349E9	0.0
3.1008114985E9	58.23529411764706
3.1008137425E9	14.298245982712002
3.1008164375E9	7.654252834515266
3.100825815E9	22.142651276571815
3.100837982E9	5.1362213944995405
3.100842972E9	55.95983461311282
3.1008451085E9	56.32922252010724
3.10084822E9	56.58467714954834
3.1008510465E9	40.08707264957265
3.100852321E9	0.0
3.1008571395E9	55.77354709418837
3.1008619615E9	37.82608695652174
3.1008648315E9	58.34677110944073
3.100868278E9	56.18635731850743
3.100873156E9	52.834045300070244
3.1008795525E9	45.23915376934598
3.100884274E9	41.41482917146522
3.10088846E9	19.904211163474425
3.1008916615E9	20.15193264446996
3.10089384E9	46.134408602150536
3.1008970555E9	57.88009494321811
3.1008998325E9	31.43785772690106
3.100902708E9	46.03456279899227
3.1009063655E9	52.68237701788414
3.1009089965E9	45.58072796344781
3.1009125255E9	34.236749629916574
3.1009156975E9	46.062438665358194
3.100917935E9	42.48772764678522
3.1009210515E9	47.53897709957379
3.1009240305E9	50.81116951379764
3.100926116E9	48.03616388189517
3.1009275335E9	3.192204301075269
3.100928649E9	43.51782399515096
3.1009304855E9	50.04752988172144
3.100935775E9	0.0
3.1009404825E9	0.0
3.1009433075E9	34.42336194805582
3.100962012E9	10.521353395880668
3.100979643E9	2.1180719607486824
3.1009826315E9	4.275635767022149
3.100986095E9	49.9129610666899
3.100988659E9	28.56772191185599
3.1009913515E9	47.71608823353114
3.100994484E9	40.623261870436686
3.100999235E9	37.08259079086793
3.1010045095E9	52.791783604498264
3.101007663E9	57.45173745173745
3.101009454E9	0.0
3.1010139635E9	0.0
3.10102777E9	0.0
3.101038557E9	47.49175412293853
3.1010399745E9	0.0
3.10104147E9	0.0
3.101043057E9	7.759656652360515
3.101044461E9	0.0
3.101046252E9	19.183805265772477
3.101048543E9	57.967247341293145
3.101051444E9	59.148978574987545
3.101053714E9	0.0
3.101055658E9	54.89208633093525
3.1010593945E9	58.18523547610863
3.1010636115E9	58.10267544474016
3.101066684E9	0.0
3.101069485E9	0.0
3.10107171E9	0.0
3.1010747125E9	56.95103683070257
3.101082788E9	59.01528373391842
3.1010891985E9	58.29383886255924
3.101090371E9	0.0
3.101091454E9	0.0
3.1010926105E9	0.0
3.101093789E9	0.0
3.101094954E9	0.0
3.1010960955E9	0.0
3.1010976565E9	58.999018645731105
3.1010992105E9	0.0
3.1011004015E9	39.67018469656992
3.101103073E9	58.05102142501246
3.101108811E9	57.84493401640086
3.1011134185E9	0.0
3.1011171035E9	59.01563357661266
3.1011208445E9	22.412121212121214
3.1011223705E9	58.93700787401575
3.1011236055E9	58.67577124740885
3.101126918E9	58.75980042765502
3.101130602E9	33.0248286641818
3.1011321595E9	0.0
3.101133927E9	0.8920076117982874
3.1011356635E9	0.0
3.1011368845E9	58.08353808353808
3.1011381815E9	0.0
3.10113931E9	53.896907216494846
3.1011404165E9	0.0
3.101141667E9	57.91002668699962
3.101143503E9	43.40316988608222
3.1011454715E9	56.165565930312
3.101147397E9	58.84624189240748
3.1011501335E9	19.085680751173708
3.101157518E9	55.548562818729714
3.1011645045E9	0.0
3.1011668885E9	25.143673378820658
3.1011686545E9	0.0
3.1011709785E9	57.39313471502591
3.101173445E9	0.0
3.101205684E9	37.71911348653078
3.1012403025E9	37.316124457928666
3.1012453615E9	38.508696957797234
3.1012505225E9	48.47073272663693
3.1012614495E9	40.9174351414309
3.1012739195E9	43.82615710547086
3.101281912E9	53.65364618014693
3.1012871705E9	46.926195064193344
3.101295694E9	49.3789013982932
3.1013044905E9	52.32000853762654
3.1013083555E9	54.67432728039427
3.1013114625E9	53.15823838655965
3.101316135E9	29.97087378640777
3.1013198035E9	34.52402099313686
3.101320917E9	0.0
3.101322018E9	0.0
3.1013238925E9	22.82928192595674
3.101326703E9	24.935369451942996
3.1013294495E9	9.38394223600047
3.1013318685E9	6.636092080021924
3.1013343305E9	0.8670562454346238
3.101336736E9	9.736472092032383
3.101339303E9	2.764356435643564
3.101342702E9	39.99525335064519
3.101345195E9	1.0
3.1013472335E9	57.18786016135228
3.101349218E9	52.93192133131619
3.1013517465E9	54.45952740070387
3.101354867E9	46.17979512539738
3.1013568785E9	55.57152899824253
3.101370363E9	58.114987281440975
3.1013921985E9	58.627077396676164
3.1014090845E9	58.53477027228832
3.101423574E9	57.99086744205354
3.101436092E9	50.81662829469673
3.1014467775E9	58.48158258015784
3.10145676E9	57.770199018864915
3.1014665925E9	58.18023908204079
3.101476343E9	57.89234302975001
3.1014858855E9	57.52689395058446
3.1014950245E9	0.0
3.101503724E9	0.0
3.1015121195E9	46.47689725966259
3.101520406E9	0.0
3.101528602E9	58.88568387604313
3.101536693E9	0.0
3.1015446345E9	58.0816098858663
3.1015524055E9	58.13754174198095
3.1015601115E9	0.0
3.101567702E9	58.40326184968832
3.1015751255E9	0.0
3.1015823905E9	58.3097653566651
3.101589504E9	44.46169728371801
3.101596546E9	0.0
3.101603554E9	0.0
3.1016105495E9	58.31955343418817
3.101617536E9	17.544343980559145
3.101624424E9	0.0
3.101631085E9	57.79017823649829
3.1016374705E9	57.729248577163126
3.1016435565E9	58.61830196810803
3.1016494765E9	0.0
3.1016553825E9	57.98049524421078
3.101661271E9	0.0
3.1016671275E9	0.0
3.101672916E9	0.0
3.101678576E9	0.0
3.101684071E9	0.0
3.1016894025E9	0.0
3.1016946505E9	58.31729935712831
3.1016998325E9	57.16481999769965
3.1017049205E9	0.0
3.101709929E9	0.0
3.101714835E9	57.80503546924061
3.1017196755E9	58.95891603999531
3.101724499E9	0.0
3.101729313E9	0.0
3.1017340725E9	58.04596356205246
3.1017387675E9	0.0
3.10174343E9	55.802789298958444
3.1017480095E9	0.0
3.101752486E9	42.959370353278985
3.1017569135E9	57.27867422590493
3.101761326E9	58.349392437545596
3.1017657265E9	58.378777438724285
3.101770102E9	0.0
3.101774441E9	0.0
3.1017787455E9	45.88677696387977
3.1017830115E9	58.17335412296544
3.1017872465E9	58.88876494023904
3.1017914715E9	57.89400298783524
3.1017956905E9	0.0
3.1017999035E9	57.8378909126614
3.1018041115E9	57.63739001223705
3.1018082655E9	0.0
3.101812367E9	58.011466438330665
3.101816459E9	0.0
3.101820484E9	47.76985827860353
3.101824445E9	0.0
3.101828395E9	0.0
3.1018323325E9	57.56357883715107
3.101836262E9	37.46761917478969
3.1018401885E9	0.0
3.10184411E9	37.30958313629915
3.1018480235E9	0.0
3.1018519235E9	0.0
3.1018558145E9	49.49579403517716
3.101859689E9	0.0
3.1018635415E9	57.39379931457719
3.101867382E9	0.0
3.1018712145E9	0.0
3.1018750435E9	0.0
3.10187887E9	0.0
3.101882693E9	0.0
3.101886508E9	0.0
3.101890313E9	58.82633808240277
3.101894113E9	22.198817106460417
3.101897881E9	0.0
3.1019016E9	56.18304101279177
3.1019052995E9	52.06489534238225
3.1019089945E9	0.0
3.1019126835E9	54.09727133669962
3.101916365E9	55.31491573135082
3.1019200355E9	0.0
3.101923674E9	34.60515368615669
3.101927286E9	50.61231513347595
3.1019308945E9	59.13993697766817
3.1019344895E9	56.1970230884998
3.101938072E9	57.80494794154169
3.101941634E9	0.0
3.1019451695E9	51.28973550109197
3.101948697E9	58.56988138215575
3.1019522085E9	56.64068325086423
3.101955703E9	55.613156602847326
3.1019591915E9	58.40266761630354
3.101962651E9	58.15731409147833
3.101966064E9	58.620910840282235
3.1019694465E9	59.31736526946108
3.101972819E9	0.0
3.101976185E9	55.20725043316007
3.101979541E9	47.65176355721899
3.1019828865E9	53.4231758402338
3.1019862165E9	58.95256885802225
3.1019895175E9	59.1948514309188
3.1019927975E9	59.26540036594929
3.1019960665E9	57.16404821085213
3.1019993255E9	58.172045719323656
3.102002581E9	54.92594884488449
3.102005831E9	57.99799240765075
3.1020090695E9	0.0
3.1020122965E9	0.0
3.1020155165E9	0.0
3.1020187305E9	46.470200355059596
3.1020219335E9	55.34585152838428
3.102025125E9	58.504005271006
3.102028308E9	57.282831021926086
3.1020314845E9	48.27357299317098
3.102034659E9	0.0
3.1020378305E9	37.72652801675768
3.1020409985E9	0.0
3.102044163E9	0.0
3.102047316E9	54.32325557066639
3.102050456E9	56.07663108717516
3.1020535825E9	48.84910729762524
3.1020566935E9	42.959645894633304
3.102059793E9	54.93484251968504
3.102062879E9	58.86594559160931
3.102065945E9	0.0
3.102068997E9	0.0
3.10207203E9	47.74808354627264
3.1020750435E9	56.742160278745644
3.102078054E9	0.0
3.102081057E9	0.0
3.102084054E9	53.331575054500156
3.102087044E9	55.573700372888794
3.102090025E9	56.34766355140187
3.102092998E9	0.0
3.102095965E9	57.089072543617995
3.1020989315E9	0.0
3.1021018915E9	54.17848542296459
3.1021048445E9	56.96525965259653
3.1021077875E9	59.438250692947335
3.1021107135E9	42.49479988592071
3.10211362E9	54.99861829985086
3.102116511E9	57.83527250459277
3.102119394E9	54.865607374613376
3.1021222725E9	57.989137504878364
3.1021251475E9	46.71819405798402
3.1021280175E9	55.44138146260273
3.1021308845E9	0.0
3.10213375E9	59.130553937857556
3.1021366145E9	58.32973043934885
3.102139476E9	59.01460718515594
3.1021423325E9	42.21999440075335
3.1021451745E9	0.0
3.1021480035E9	0.0
3.1021508295E9	59.034455689814685
3.102153651E9	58.78956062107697
3.102156467E9	18.2070796460177
3.102159278E9	0.0
3.1021620835E9	0.0
3.10216488E9	0.0
3.102167667E9	57.23016256835683
3.1021704475E9	50.4873220338983
3.102173225E9	0.0
3.1021759985E9	0.0
3.102178768E9	0.0
3.102181536E9	57.70922218575648
3.102184301E9	49.789375693234035
3.102187055E9	53.12979956532239
3.1021897985E9	56.63289933312163
3.1021925375E9	56.69350077315965
3.10219527E9	49.261107108549474
3.1021979975E9	0.0
3.10220072E9	54.700457232073155
3.102203437E9	0.0
3.1022061485E9	59.27125506072875
3.1022088545E9	57.40391676866585
3.1022115525E9	0.0
3.102214244E9	57.448249166269655
3.1022169345E9	56.192551931977185
3.102219623E9	52.79964617425918
3.102222305E9	0.0
3.1022249775E9	56.490423703952054
3.1022276455E9	57.93892943615113
3.102230311E9	58.89739045407321
3.10223297E9	0.0
3.1022356195E9	0.0
3.1022382625E9	56.72500741619697
3.1022408995E9	58.24775884665793
3.1022435315E9	0.0
3.1022461615E9	53.23714351959193
3.102248787E9	0.0
3.1022514095E9	58.57257153614458
3.10225403E9	53.88453255637193
3.102256642E9	56.834324447956085
3.102259246E9	55.99384729429207
3.102261848E9	58.675315846127695
3.1022644475E9	0.0
3.102267045E9	0.0
3.1022696415E9	0.0
3.1022722365E9	42.7981736861722
3.1022748265E9	0.0
3.102277412E9	0.0
3.102279996E9	57.95082548005385
3.1022825765E9	58.674431796694776
3.10228515E9	58.43910405972935
3.102287719E9	50.71453341740227
3.102290279E9	0.0
3.1022928285E9	0.0
3.1022953765E9	58.91941391941392
3.1022979235E9	52.84104419746705
3.102300469E9	57.23121804845521
3.1023030085E9	0.0
3.102305542E9	51.55410389536698
3.1023080695E9	55.48637381781981
3.1023105915E9	35.75556034603957
3.10231311E9	57.86480151974934
3.102315624E9	0.0
3.102318134E9	2.7625
3.1023206395E9	0.0
3.10232314E9	0.0
3.102325624E9	0.0
3.102328092E9	40.82577687213449
3.1023305565E9	0.0
3.102333018E9	59.27291886195996
3.102335476E9	0.0
3.1023379295E9	0.0
3.102340372E9	0.0
3.1023428065E9	0.0
3.1023452395E9	57.57854112124221
3.102347669E9	58.870588235294115
3.102350093E9	43.00458238116318
3.1023525135E9	59.657957244655584
3.1023549305E9	57.36899973183159
3.1023573395E9	0.0
3.102359743E9	0.0
3.1023621455E9	58.518171709486744
3.102364545E9	55.38340702815918
3.102366941E9	0.0
3.1023693355E9	0.0
3.1023717265E9	0.0
3.1023741115E9	57.822048780487805
3.102376493E9	58.243761996161226
3.1023788735E9	57.19629295919681
3.1023812475E9	0.0
3.1023836135E9	53.498588368153584
3.102385977E9	53.57106681808096
3.1023883325E9	0.0
3.102390676E9	56.56649806605177
3.102393013E9	0.0
3.1023953465E9	39.41357421875
3.102397678E9	57.75358876381287
3.1024000085E9	0.0
3.102402335E9	0.0
3.102404656E9	58.408495781204536
3.1024069725E9	58.3393278975844
3.1024092835E9	55.991457805313054
3.1024115905E9	46.09123013537375
3.1024138915E9	0.0
3.102416183E9	57.35751897695411
3.102418466E9	57.04284514141697
3.1024207435E9	23.6803928411187
3.102423018E9	58.64725223109441
3.1024252855E9	0.0
3.1024275435E9	0.0
3.1024297965E9	56.593449415478716
3.102432045E9	0.0
3.102434287E9	0.0
3.102436518E9	37.953908934707904
3.1024387395E9	58.41042706600111
3.1024409585E9	0.0
3.102443175E9	0.0
3.102445389E9	59.2348367029549
3.102447597E9	50.00763276132734
3.1024497985E9	0.0
3.102451997E9	56.60623084780388
3.1024541925E9	56.830441504896065
3.102456381E9	0.0
3.102458562E9	0.0
3.10246074E9	58.55488286391156
3.102462917E9	57.64463321829926
3.102465094E9	59.316353887399465
3.1024672665E9	0.0
3.1024694305E9	40.379914435347054
3.102471588E9	0.0
3.1024737375E9	22.292501431024615
3.102475881E9	59.27318932655654
3.1024780205E9	54.760389036251105
3.1024801555E9	0.0
3.102482287E9	59.31459655485041
3.1024844155E9	58.35310936383131
3.102486542E9	57.3397885080902
3.102488667E9	18.815175097276263
3.1024907905E9	55.68138577310805
3.102492907E9	59.03021784961349
3.1024950155E9	59.207413249211356
3.1024971155E9	58.26173212487412
3.102499209E9	59.60306209242983
3.1025012995E9	0.0
3.1025033865E9	0.0
3.1025054725E9	59.4447015270708
3.1025075575E9	57.99177921315326
3.1025096395E9	0.0
3.102511719E9	58.70425096612867
3.1025137965E9	0.0
3.10251587E9	55.82608142817181
3.1025179385E9	55.83762886597938
3.102520002E9	58.09771462569559
3.10252206E9	0.0
3.102524114E9	58.48657065005839
3.1025261605E9	59.287113200156675
3.1025281985E9	55.29877112135177
3.102530234E9	58.259587020648965
3.1025322685E9	59.145674725079026
3.1025343015E9	32.24892703862661
3.102536332E9	0.0
3.102538359E9	0.0
3.102540382E9	54.64471532629701
3.1025424015E9	0.0
3.102544418E9	0.0
3.10254643E9	58.922872340425535
3.102548438E9	0.0
3.102550444E9	57.47981469225678
3.102552448E9	0.0
3.10255445E9	0.0
3.102556451E9	58.51268446360471
3.1025584515E9	0.0
3.1025604495E9	57.10606279843727
3.1025624435E9	58.23617339312407
3.102564432E9	38.838427947598255
3.102566415E9	0.0
3.102568394E9	55.23725591843788
3.102570368E9	59.43833943833944
3.1025723375E9	0.9043743641912513
3.1025743025E9	57.10082435003171
3.102576264E9	51.50441526888754
3.1025782245E9	57.45454545454545
3.1025801845E9	49.747602765182485
3.1025821415E9	58.82888744307092
3.1025840945E9	29.748606365761553
3.102586044E9	56.99186991869919
3.1025879895E9	57.38203642384106
3.102589933E9	0.0
3.102591875E9	0.0
3.102593814E9	0.0
3.1025957495E9	55.61643835616438
3.102597681E9	58.55351034370419
3.1025996075E9	0.0
3.1026015315E9	49.178407708859574
3.102603455E9	47.55803838942261
3.102605377E9	0.0
3.1026072965E9	0.0
3.102609213E9	0.0
3.102611128E9	0.0
3.1026130425E9	58.689655172413794
3.1026149555E9	0.0
3.1026168665E9	58.69652555613422
3.102618775E9	0.0
3.1026206805E9	0.0
3.102622581E9	0.0
3.102624475E9	58.77054048703227
3.1026263655E9	0.0
3.1026282545E9	0.0
3.1026301425E9	0.0
3.102632029E9	0.0
3.102633912E9	0.0
3.102635792E9	59.042717447246524
3.10263767E9	0.0
3.1026395465E9	58.414731785428344
3.1026414225E9	57.22925749083108
3.1026432975E9	0.0
3.1026451705E9	58.692146909525235
3.102647041E9	57.84840227891999
3.1026489085E9	56.54054054054054
3.102650774E9	0.0
3.102652639E9	47.07541519194119
3.102654504E9	0.0
3.1026563675E9	0.0
3.1026582295E9	56.44820696182564
3.10266009E9	0.0
3.1026619475E9	41.7607481853713
3.1026638035E9	0.0
3.1026656585E9	57.78417680512562
3.1026675105E9	56.8013468013468
3.10266936E9	38.143384096537915
3.102671209E9	0.9142857142857143
3.102673057E9	0.0
3.1026749E9	58.23405746320953
3.1026767365E9	58.43217197924388
3.102678564E9	55.176728182671255
3.102680382E9	58.51368970013038
3.102682195E9	53.12478087649402
3.1026840045E9	56.82056007781703
3.1026858125E9	58.695576352961695
3.10268762E9	0.0
3.102689427E9	56.24079430849816
3.1026912315E9	0.0
3.102693033E9	59.54026311984965
3.1026948335E9	0.0
3.102696631E9	46.14232368085985
3.1026984255E9	56.99082984263557
3.1027002185E9	0.0
3.1027020085E9	0.0
3.1027037955E9	59.48525469168901
3.1027055795E9	0.0
3.1027073615E9	29.386277157235792
3.102709143E9	45.158884028845016
3.102710924E9	47.86075774336283
3.102712704E9	58.314369995785924
3.102714482E9	0.0
3.1027162525E9	0.0
3.1027180155E9	54.76167374166161
3.102719774E9	57.712636695018226
3.102721526E9	51.71562867215041
3.102723274E9	41.02859350850077
3.1027250205E9	52.57425742574257
3.102726766E9	0.0
3.1027285105E9	55.71152192605331
3.1027302535E9	40.34719101123596
3.1027319945E9	0.0
3.1027337345E9	53.63262628471463
3.1027354725E9	59.02145922746781
3.102737208E9	58.37708066581306
3.1027389415E9	0.0
3.1027406735E9	21.337349397590362
3.1027424045E9	57.1170431211499
3.102744133E9	57.887174655517605
3.1027458575E9	59.40747935891209
3.1027475775E9	0.0
3.1027492945E9	57.847608453837594
3.1027510075E9	0.867159858475394
3.1027527165E9	50.44834819087572
3.102754424E9	59.19411576590982
3.1027561305E9	56.127783155856726
3.102757836E9	0.0
3.1027595405E9	55.245065789473685
3.102761242E9	59.32901706886404
3.1027629405E9	58.11134903640257
3.102764638E9	46.72011591403043
3.102766335E9	58.09669843074484
3.102768031E9	58.63932392619011
3.102769726E9	0.0
3.10277142E9	56.57697947214076
3.10277311E9	0.0
3.1027747965E9	38.295985060690946
3.1027764795E9	58.88330871491876
3.102778159E9	56.153669724770644
3.102779838E9	48.942681047765795
3.1027815165E9	57.18503499247825
3.1027831925E9	23.911436950146626
3.1027848665E9	0.0
3.102786539E9	0.0
3.102788209E9	0.0
3.102789876E9	53.89138576779026
3.10279154E9	25.76338199513382
3.1027932E9	58.65209719017239
3.102794855E9	0.0
3.1027965075E9	0.0
3.1027981585E9	0.0
3.102799808E9	54.22271652995968
3.102801457E9	0.0
3.1028031015E9	58.26698593235558
3.1028047405E9	0.0
3.1028063775E9	59.46834357581821
3.1028080115E9	58.540748898678416
3.102809643E9	0.0
3.1028112735E9	0.0
3.102812902E9	59.296875
3.1028145275E9	57.100371747211895
3.102816148E9	57.0873786407767
3.1028177645E9	0.0
3.10281938E9	0.0
3.102820993E9	58.58267716535433
3.102822604E9	57.434449374747885
3.1028242125E9	46.46808510638298
3.102825818E9	57.65395894428153
3.102827423E9	0.0
3.1028290255E9	58.70560797201315
3.1028306245E9	0.0
3.1028322225E9	58.382456493310535
3.10283382E9	54.54670487106017
3.1028354165E9	59.1812865497076
3.102837012E9	0.0
3.1028386055E9	56.96442687747036
3.102840196E9	0.0
3.102841783E9	0.0
3.102843365E9	57.3291115663997
3.1028449435E9	0.0
3.102846521E9	0.0
3.102848098E9	0.0
3.102849675E9	35.11553784860558
3.1028512515E9	0.0
3.102852827E9	0.0
3.1028544015E9	58.79133409350057
3.1028559745E9	54.51281188044739
3.102857546E9	0.0
3.102859113E9	0.0
3.102860675E9	0.0
3.102862236E9	56.90037019586727
3.1028637965E9	58.964241676942045
3.1028653565E9	0.0
3.1028669135E9	57.787340976912205
3.1028684665E9	59.04938811188811
3.1028700165E9	0.0
3.1028715635E9	0.0
3.102873107E9	0.0
3.1028746455E9	57.01139721401435
3.10287618E9	58.16114024075031
3.1028777125E9	40.26156669564377
3.1028792445E9	58.51033644102149
3.1028807755E9	0.0
3.102882304E9	49.62005985726345
3.1028838305E9	58.89853137516689
3.1028853555E9	0.0
3.102886879E9	55.028994314840226
3.102888402E9	0.0
3.1028899245E9	0.0
3.1028914465E9	58.47179772158933
3.102892967E9	57.95513032002639
3.102894483E9	0.0
3.1028959935E9	0.0
3.1028975015E9	0.0
3.102899008E9	0.0
3.102900512E9	0.0
3.1029020115E9	59.23977546110665
3.102903505E9	6.818965517241379
3.1029049955E9	53.258784510577264
3.1029064855E9	56.06470861748295
3.102907974E9	0.0
3.1029094605E9	0.0
3.102910946E9	56.05734845180986
3.1029124305E9	29.484968078932095
3.102913914E9	44.513074384361516
3.102915395E9	58.11520928305014
3.102916874E9	0.0
3.1029183515E9	57.99338499338499
3.102919827E9	17.5791030064071
3.1029213005E9	0.0
3.102922771E9	54.19647723496178
3.1029242395E9	0.0
3.102925707E9	55.139150943396224
3.102927173E9	59.34924078091106
3.1029286375E9	57.78190709046455
3.102930101E9	0.0
3.102931564E9	0.0
3.102933025E9	51.317599460552934
3.102934484E9	56.211773540823565
3.1029359425E9	52.31223863953164
3.1029374005E9	58.12102975593447
3.1029388565E9	52.640731784249816
3.102940308E9	0.0
3.102941757E9	0.0
3.1029432055E9	46.11689899730985
3.1029446525E9	0.0
3.1029460965E9	57.93297839022863
3.102947538E9	52.6590405904059
3.1029489785E9	57.310408351243474
3.102950418E9	11.783783783783784
3.102951856E9	0.0
3.1029532925E9	0.0
3.102954725E9	30.88560885608856
3.102956154E9	59.31133428981349
3.102957582E9	38.22875131164743
3.1029590085E9	0.0
3.102960434E9	58.78137128072445
3.1029618585E9	57.49166110740494
3.1029632825E9	45.640449438202246
3.102964706E9	0.0
3.102966129E9	0.0
3.102967552E9	55.75694080670508
3.1029689705E9	0.0
3.1029703845E9	0.0
3.102971798E9	19.176470588235293
3.102973211E9	59.69104016477858
3.1029746225E9	59.666666666666664
3.102976032E9	0.0
3.102977441E9	0.0
3.1029788485E9	50.70379578982264
3.102980254E9	57.890625
3.102981659E9	40.556363636363635
3.1029830635E9	58.131710808876164
3.1029844675E9	36.66921436189122
3.1029858705E9	27.83921781640413
3.1029872725E9	0.0
3.1029886745E9	58.63247863247863
3.1029900765E9	46.684388593523444
3.1029914775E9	46.901119402985074
3.1029928765E9	0.0
3.1029942735E9	57.45235707121364
3.102995669E9	0.0
3.1029970635E9	48.81960375391032
3.102998457E9	0.0
3.102999849E9	58.609355246523386
3.103001239E9	46.41025641025641
3.103002628E9	57.241169305724725
3.1030040165E9	58.34779328555262
3.103005404E9	0.0
3.1030067895E9	58.15983044508166
3.103008172E9	58.43801201529219
3.103009553E9	0.0
3.103010933E9	59.20987654320987
3.103012311E9	0.0
3.1030136875E9	58.370044052863435
3.1030150635E9	59.2999909559555
3.103016439E9	0.0
3.1030178135E9	59.3900481540931
3.1030191865E9	57.17264668636555
3.103020558E9	32.87651490337373
3.1030219285E9	0.0
3.1030232985E9	0.0
3.1030246665E9	0.0
3.103026031E9	58.031420327027895
3.1030273925E9	43.282051282051285
3.1030287505E9	0.0
3.103030106E9	59.67213114754098
3.103031461E9	59.24290220820189
3.1030328145E9	58.732919254658384
3.103034163E9	53.41630036024721
3.1030355075E9	0.0
3.1030368515E9	59.054054054054056
3.1030381945E9	53.79798863139484
3.1030395365E9	57.70894526034713
3.1030408755E9	57.579787234042556
3.1030422105E9	0.0
3.1030435445E9	0.0
3.103044878E9	6.312396694214876
3.1030462105E9	52.67387832147524
3.1030475405E9	56.60882210373243
3.1030488685E9	57.59227148872925
3.1030501965E9	59.48171292041904
3.103051524E9	58.323085522638344
3.10305285E9	59.15291051259774
3.1030541735E9	50.4384
3.1030554945E9	31.464263897373243
3.103056814E9	0.0
3.1030581325E9	0.0
3.103059449E9	57.08247117942654
3.1030607635E9	0.0
3.103062077E9	51.9985199802664
3.10306339E9	58.71407696054554
3.1030647025E9	57.2284472901898
3.1030660135E9	0.0
3.103067323E9	0.0
3.103068632E9	58.02428072509563
3.10306994E9	58.79767433356493
3.103071247E9	46.98930733548235
3.103072553E9	0.0
3.1030738575E9	0.0
3.103075161E9	58.759850148559615
3.1030764635E9	53.49978678038379
3.1030777655E9	0.0
3.103079067E9	55.006368772470466
3.103080368E9	0.0
3.1030816685E9	57.579669221460264
3.103082968E9	35.23022359290671
3.103084266E9	58.56625633598841
3.103085562E9	0.0
3.1030868565E9	0.0
3.10308815E9	58.321513002364064
3.103089442E9	0.0
3.103090733E9	51.04634721131186
3.103092023E9	58.63905325443787
3.1030933115E9	0.0
3.1030945995E9	29.909389363099148
3.103095887E9	0.0
3.103097174E9	0.0
3.103098461E9	0.0
3.1030997475E9	0.0
3.103101032E9	0.0
3.103102314E9	49.03615127919911
3.103103593E9	0.0
3.1031048685E9	0.0
3.1031061405E9	0.0
3.103107409E9	59.34855859228753
3.1031086755E9	58.205693472634906
3.1031099385E9	0.0
3.103111198E9	55.7741273100616
3.1031124565E9	0.0
3.1031137145E9	0.0
3.1031149725E9	0.0
3.1031162295E9	0.0
3.103117485E9	0.0
3.1031187395E9	57.26149752945648
3.1031199935E9	0.0
3.103121247E9	0.0
3.1031224985E9	0.0
3.103123748E9	0.0
3.1031249965E9	0.0
3.1031262445E9	58.335146898803046
3.103127492E9	0.0
3.1031287365E9	0.0
3.1031299785E9	16.429878048780488
3.10313122E9	52.72630560928433
3.103132461E9	0.0
3.103133702E9	58.45327604726101
3.103134942E9	53.88776655443322
3.1031361805E9	0.0
3.103137418E9	54.47432024169184
3.1031386545E9	0.0
3.10313989E9	0.0
3.1031411245E9	0.0
3.1031423585E9	0.0
3.1031435925E9	59.73704268292683
3.103144826E9	57.59733036707453
3.1031460585E9	0.0
3.1031472905E9	51.986102719033234
3.103148522E9	0.0
3.1031497525E9	56.220947063688996
3.1031509815E9	44.39202657807309
3.103152209E9	58.753628447024674
3.103153436E9	0.0
3.1031546625E9	49.159498207885306
3.1031558875E9	0.0
3.1031571115E9	0.0
3.1031583335E9	0.0
3.1031595535E9	0.0
3.103160773E9	0.0
3.103161991E9	52.767546683837736
3.1031632075E9	34.66381815074346
3.103164423E9	0.0
3.1031656375E9	33.54145077720207
3.1031668515E9	56.48763162293164
3.1031680655E9	47.369214997070884
3.103169279E9	0.0
3.1031704915E9	58.32978399756617
3.103171702E9	56.03591606133979
3.1031729105E9	56.435715796151406
3.103174118E9	19.407425742574258
3.103175325E9	58.49420849420849
3.103176532E9	0.0
3.1031777385E9	0.0
3.1031789445E9	0.0
3.10318015E9	0.0
3.103181355E9	0.0
3.1031825595E9	50.75026586316909
3.1031837635E9	0.0
3.1031849675E9	59.5092693565976
3.103186171E9	4.500941619585688
3.103187373E9	52.19464663066447
3.103188574E9	56.71508379888268
3.1031897745E9	58.374940154572194
3.1031909745E9	0.0
3.103192174E9	0.0
3.1031933725E9	0.0
3.10319457E9	54.28121792678755
3.1031957665E9	0.0
3.103196962E9	0.0
3.1031981565E9	58.86551943913321
3.1031993505E9	0.0
3.103200543E9	57.28955305730737
3.103201733E9	42.25773096250483
3.1032029205E9	0.0
3.1032041065E9	5.33134328358209
3.1032052915E9	0.0
3.103206475E9	0.0
3.103207658E9	58.962818003913895
3.1032088405E9	0.0
3.103210022E9	0.0
3.103211203E9	0.0
3.103212384E9	59.335180055401665
3.103213565E9	59.83050847457627
3.103214745E9	0.0
3.1032159235E9	58.5705209656925
3.1032171015E9	0.0
3.103218279E9	0.0
3.103219456E9	0.0
3.10322063E9	0.0
3.103221801E9	50.60085836909871
3.103222972E9	55.92436363636364
3.1032241425E9	0.0
3.1032253125E9	48.98679504814305
3.103226481E9	0.0
3.103227648E9	44.136
3.103228815E9	0.0
3.103229981E9	0.0
3.103231146E9	0.0
3.1032323095E9	56.460305899490166
3.103233469E9	58.044713906782874
3.1032346255E9	0.0
3.1032357815E9	56.5506958250497
3.1032369365E9	59.06172328086164
3.1032380905E9	0.0
3.103239243E9	0.0
3.103240394E9	0.0
3.1032415445E9	42.02002567394095
3.1032426945E9	0.0
3.103243843E9	52.153214038860305
3.10324499E9	56.57991360691145
3.1032461365E9	0.0
3.1032472815E9	39.248654467169
3.1032484255E9	38.7338782924614
3.103249569E9	58.22681935722202
3.1032507115E9	58.862144420131294
3.103251853E9	0.0
3.103252994E9	0.0
3.1032541345E9	0.0
3.1032552735E9	56.333725029377206
3.1032564095E9	58.95781637717121
3.1032575435E9	51.500571864277546
3.1032586765E9	57.31177829099307
3.103259808E9	0.0
3.103260939E9	44.059270516717326
3.1032620695E9	0.0
3.103263198E9	0.0
3.1032643245E9	59.19170984455958
3.1032654495E9	58.64589300034368
3.1032665725E9	0.0
3.1032676945E9	0.0
3.103268816E9	40.11125945705385
3.103269936E9	57.62397179788484
3.103271055E9	0.0
3.103272174E9	58.80803672210099
3.103273293E9	0.0
3.1032744115E9	0.0
3.1032755285E9	0.0
3.1032766445E9	10.30452534875808
3.10327776E9	0.0
3.103278875E9	56.98083894355256
3.10327999E9	59.29577464788732
3.1032811045E9	0.0
3.103282218E9	59.40594059405941
3.103283331E9	57.99892415277031
3.1032844425E9	46.18705035971223
3.1032855525E9	0.0
3.103286662E9	58.406530236836055
3.1032877705E9	56.96087352138308
3.103288878E9	59.44975609756098
3.103289985E9	0.0
3.103291092E9	0.0
3.103292199E9	49.22419413256067
3.1032933055E9	0.0
3.10329441E9	47.506702412868634
3.103295513E9	48.0248087657639
3.103296616E9	56.900352289884246
3.1032977175E9	51.24239110625114
3.103298817E9	0.0
3.1032999155E9	55.44041570438799
3.103301013E9	0.0
3.1033021095E9	32.46085409252669
3.1033032055E9	47.829081632653065
3.1033043005E9	59.373040752351095
3.103305394E9	0.0
3.1033064855E9	0.0
3.1033075745E9	57.668256491785904
3.103308662E9	0.0
3.1033097485E9	0.0
3.103310834E9	0.0
3.1033119185E9	0.0
3.1033130025E9	0.0
3.1033140865E9	0.0
3.1033151705E9	0.0
3.103316254E9	58.68866790514698
3.103317337E9	0.0
3.1033184195E9	0.0
3.1033195015E9	59.31953840031834
3.103320583E9	58.775510204081634
3.103321664E9	0.0
3.103322744E9	58.94098179812465
3.1033238215E9	59.05362776025237
3.1033248965E9	59.2643216080402
3.10332597E9	34.25057803468208
3.103327043E9	59.33884297520661
3.103328115E9	59.34690586575287
3.103329185E9	0.0
3.103330253E9	37.038425250539134
3.10333132E9	0.0
3.103332387E9	33.41543700340522
3.1033334535E9	36.006024096385545
3.103334519E9	58.76765083440308
3.103335584E9	0.0
3.103336649E9	0.0
3.103337714E9	0.0
3.103338779E9	0.0
3.1033398435E9	57.31820760068066
3.1033409075E9	9.61015561015561
3.1033419715E9	0.0
3.103343035E9	0.0
3.1033440975E9	0.0
3.1033451595E9	53.732484076433124
3.1033462215E9	0.0
3.103347283E9	0.0
3.1033483435E9	53.676142131979695
3.103349402E9	0.0
3.103350459E9	0.0
3.1033515155E9	0.0
3.103352571E9	0.0
3.103353626E9	55.896433805569124
3.103354681E9	48.460500963391134
3.103355736E9	51.27630637079456
3.1033567905E9	58.98635477582846
3.103357843E9	58.32692307692308
3.1033588935E9	38.29820788530466
3.1033599435E9	0.0
3.103360993E9	57.85100286532951
3.1033620415E9	57.82082324455206
3.103363089E9	0.0
3.1033641355E9	0.0
3.1033651815E9	53.937282229965156
3.1033662275E9	58.37837837837838
3.103367273E9	58.43402609956501
3.103368318E9	0.9679144385026738
3.103369363E9	58.20652173913044
3.1033704075E9	0.0
3.1033714505E9	0.0
3.103372492E9	0.0
3.103373532E9	0.0
3.103374571E9	56.69053208137715
3.1033756095E9	0.0
3.1033766465E9	0.7382953181272509
3.1033776825E9	0.0
3.103378718E9	59.50819672131148
3.103379753E9	8.453038674033149
3.103380787E9	0.0
3.1033818195E9	51.86752095577609
3.103382851E9	0.0
3.103383882E9	54.15436777024332
3.103384913E9	58.01980198019802
3.103385942E9	47.838517840805125
3.103386969E9	0.0
3.1033879955E9	0.0
3.1033890215E9	0.0
3.1033900465E9	0.8778280542986425
3.1033910705E9	0.0
3.1033920935E9	44.356153846153845
3.1033931155E9	58.770114942528735
3.103394137E9	54.527472527472526
3.1033951575E9	0.0
3.103396177E9	0.0
3.1033971955E9	0.0
3.1033982135E9	2.910891089108911
3.1033992315E9	59.46015424164524
3.1034002485E9	0.0
3.1034012615E9	57.97235023041475
3.1034022715E9	58.94463024897807
3.103403281E9	58.94273127753304
3.1034042895E9	0.0
3.103405297E9	0.0
3.1034063035E9	0.0
3.103407309E9	0.0
3.103408314E9	0.0
3.1034093185E9	0.0
3.1034103225E9	0.0
3.103411326E9	0.0
3.103412329E9	0.0
3.103413332E9	59.421186749180926
3.103414335E9	18.0
3.1034153375E9	58.54140914709518
3.1034163395E9	0.0
3.1034173405E9	0.0
3.1034183405E9	0.0
3.1034230195E9	58.35627057621511
3.1034311645E9	53.41112594068588
3.1034385535E9	0.0
3.103444272E9	6.194268857985672
3.103448588E9	56.819877081472924
3.103452529E9	18.231571804224277
3.1034563265E9	58.493557406820216
3.103460075E9	33.38007554296506
3.1034637975E9	59.29384965831435
3.103467461E9	42.31355603029714
3.103471038E9	54.75030757124015
3.1034745565E9	49.23771322411755
3.10347799E9	58.553124676814306
3.1034813295E9	54.521661796468045
3.103484605E9	47.06746721440986
3.1034878305E9	45.159977609851666
3.1034910465E9	49.43045882641602
3.1034942485E9	36.95440586880491
3.1034973905E9	36.92934782608695
3.10350048E9	56.289491923015404
3.1035035475E9	57.106482515573425
3.103506574E9	53.54762780433983
3.1035095785E9	55.96648378701555
3.10351256E9	45.05174886902792
3.1035155065E9	44.77404990403071
3.10351844E9	43.95613393771019
3.10352132E9	35.68062015503876
3.1035241305E9	36.73621219472748
3.103526902E9	56.68540829986613
3.103529649E9	54.31185060660685
3.103532388E9	36.77461896228884
3.1035351035E9	57.819002852012254
3.103537785E9	52.14685510669816
3.1035404345E9	52.916096489037606
3.1035429975E9	54.55508112724167
3.103545488E9	29.067285659728853
3.1035479665E9	57.32684966973147
3.1035504075E9	52.7251611983898
3.103552812E9	25.575321494182486
3.1035551875E9	54.201467583132086
3.103557535E9	52.074882199345716
3.1035598595E9	41.51152438421209
3.1035621585E9	41.88919275745002
3.103564445E9	54.44953662900943
3.103566722E9	49.69047619047619
3.103568983E9	0.0
3.103571211E9	55.32789784975955
3.1035734005E9	0.0
3.103575568E9	58.42646051472747
3.103577725E9	59.03317535545024
3.103579877E9	58.56188605108055
3.103582016E9	41.738216810683426
3.1035841385E9	58.61041045631736
3.103586253E9	0.0
3.1035883585E9	50.004893123873295
3.1035904405E9	53.97273526824978
3.1035925065E9	47.743347453024874
3.103594569E9	0.0
3.103596622E9	45.556176634991616
3.1035986655E9	53.30465502909393
3.1036007005E9	17.01096379398266
3.1036027275E9	0.0
3.10360474E9	0.0
3.1036067365E9	35.58658058565829
3.103608723E9	0.0
3.103610703E9	0.0
3.103612671E9	14.651545036160421
3.103614626E9	51.95028389419748
3.1036165745E9	0.0
3.1036185145E9	50.51233144693635
3.1036204485E9	58.569787478460654
3.1036223555E9	0.0
3.1036242355E9	36.87880666942262
3.1036261095E9	42.50106458481192
3.103627955E9	0.0
3.103629772E9	0.0
3.103631583E9	0.0
3.1036333895E9	50.1184457906831
3.10363519E9	0.0
3.103636984E9	0.0
3.10363877E9	0.0
3.1036405435E9	58.729637471373636
3.1036423085E9	0.0
3.103644062E9	0.0
3.103645804E9	57.22868217054263
3.103647529E9	56.1003861003861
3.1036492365E9	54.628975265017665
3.10365094E9	51.64513572419259
3.103652635E9	43.24518796021186
3.1036543025E9	0.0
3.103655946E9	57.7881589525669
3.103657586E9	0.0
3.1036592235E9	58.544208139911476
3.1036608575E9	46.53328402366864
3.103662488E9	30.147804576376004
3.103664114E9	0.0
3.1036657365E9	51.773139403097844
3.1036673585E9	42.878360511238434
3.103668979E9	58.36835599505562
3.1036705915E9	0.0
3.103672191E9	0.0
3.1036737835E9	54.58237877484493
3.1036753585E9	0.990506329113924
3.10367691E9	50.57950026707817
3.1036784535E9	56.68239818213599
3.1036799945E9	48.684573002754824
3.103681529E9	58.52682631100333
3.1036830525E9	51.391600454029515
3.103684569E9	58.29499323410013
3.103686083E9	0.0
3.103687593E9	53.74036751630113
3.1036890985E9	58.719543805080356
3.1036906E9	38.67991775188485
3.103692097E9	47.3465811965812
3.103693592E9	0.0
3.1036950855E9	14.607843137254902
3.1036965775E9	48.58362088796871
3.103698068E9	0.0
3.103699555E9	29.43899066712755
3.103701039E9	52.591283863368666
3.103702517E9	0.0
3.1037039885E9	0.0
3.103705455E9	54.67562630981908
3.1037069165E9	23.198467966573816
3.1037083755E9	59.29342492639843
3.1037098325E9	0.0
3.103711287E9	57.05400981996727
3.103712735E9	0.0
3.103714177E9	0.0
3.1037156105E9	0.0
3.103717036E9	37.15709120128566
3.1037184575E9	0.90646492434663
3.103719873E9	0.0
3.103721286E9	0.0
3.1037226985E9	58.78599221789883
3.103724108E9	0.0
3.1037255145E9	0.0
3.1037269155E9	2.64021164021164
3.1037283085E9	55.2317880794702
3.1037296945E9	48.126680980901796
3.1037310735E9	49.51715328467153
3.103732449E9	35.36963190184049
3.103733822E9	50.70891265597148
3.103735191E9	0.0
3.1037365565E9	51.22529644268775
3.1037379165E9	13.09047355813525
3.103739272E9	0.0
3.1037406255E9	57.41734248284467
3.1037419765E9	0.0
3.1037433245E9	31.601165695253954
3.10374467E9	46.47693399574166
3.1037460125E9	58.80943466866342
3.1037473475E9	10.934911242603551
3.103748677E9	0.0
3.1037500035E9	14.166889185580775
3.1037513235E9	0.9674185463659147
3.103752635E9	35.8490648107873
3.1037539405E9	55.14450867052023
3.1037552445E9	57.328664332166085
3.103756548E9	0.0
3.10375785E9	0.0
3.1037591505E9	59.11118678699132
3.103760449E9	52.79527559055118
3.1037617455E9	0.0
3.1037630385E9	51.270692053555905
3.1037643255E9	0.0
3.1037656085E9	0.0
3.10376689E9	55.888778550148956
3.1037681705E9	30.079182630906768
3.10376945E9	0.0
3.1037707255E9	53.564835164835166
3.103771995E9	0.0
3.103773262E9	0.0
3.1037745285E9	0.0
3.1037757935E9	0.9127962085308057
3.1037770575E9	0.9421157684630739
3.1037783215E9	0.0
3.103779585E9	0.0
3.103780841E9	46.31086142322097
3.1037820855E9	0.0
3.103783325E9	51.08140376266281
3.103784562E9	44.02468113301308
3.103785797E9	58.417234557045504
3.103787031E9	0.0
3.1037882635E9	58.99159663865546
3.1037894945E9	58.44597927972373
3.1037907225E9	11.260504201680673
3.103791947E9	0.0
3.1037931655E9	0.9810996563573883
3.103794379E9	0.0
3.103795591E9	16.196217494089833
3.103796801E9	0.0
3.1037980065E9	60.0
3.103799207E9	58.80952380952381
3.103800405E9	1.5986261040235525
3.1038016E9	29.73805532271584
3.103802792E9	0.0
3.103803981E9	0.0
3.1038051675E9	35.71028987057439
3.1038063525E9	0.0
3.1038075365E9	31.17106773823192
3.1038087195E9	0.0
3.1038099E9	4.088809946714032
3.103811076E9	0.0
3.103812247E9	0.0
3.103813415E9	39.63915765509391
3.1038145815E9	48.604320203303686
3.103815747E9	0.0
3.1038169115E9	0.0
3.103818075E9	0.0
3.1038192355E9	0.0
3.1038203935E9	0.0
3.103821551E9	0.0
3.103822708E9	0.8790228770841412
3.103823865E9	30.720396350436573
3.103825021E9	0.0
3.1038261755E9	19.697560975609758
3.103827327E9	47.29064039408867
3.1038284755E9	58.75
3.1038296235E9	27.68906381782401
3.1038307705E9	5.0
3.1038319155E9	32.083333333333336
3.1038330575E9	49.694685743484925
3.1038341955E9	15.746922024623803
3.1038353305E9	0.0
3.103836464E9	46.21853425385024
3.103837595E9	38.27851433027881
3.103838723E9	0.0
3.10383985E9	0.0
3.1038409725E9	50.895875621779574
3.1038420865E9	56.80716150690041
3.1038431935E9	0.0
3.1038442975E9	58.89393534597916
3.1038454E9	53.66564673157163
3.1038464995E9	0.0
3.1038475965E9	0.0
3.1038486915E9	0.984149855907781
3.103849784E9	58.89502762430939
3.103850874E9	0.0
3.1038519615E9	58.84584980237154
3.103853047E9	16.40818858560794
3.1038541315E9	43.0092899800929
3.103855215E9	54.65531514581374
3.103856298E9	0.0
3.103857379E9	44.128975265017665
3.1038584565E9	0.0
3.103859529E9	0.0
3.1038605975E9	0.0
3.103861665E9	0.0
3.103862732E9	36.54037267080745
3.103863799E9	10.75
3.103864864E9	0.0
3.1038659265E9	46.27191235059761
3.103866987E9	34.53645266594124
3.1038680455E9	42.82666666666667
3.1038691035E9	58.942133815551536
3.10387016E9	0.0
3.1038712145E9	0.0
3.1038722685E9	0.0
3.103873322E9	0.0
3.103874375E9	0.0
3.1038754275E9	54.54388196387688
3.103876479E9	0.0
3.103877529E9	51.85595567867036
3.103878577E9	0.0
3.1038796225E9	0.0
3.103880666E9	0.0
3.103881709E9	41.43492898474487
3.1038827515E9	42.70993914807302
3.1038837935E9	0.9787849566055931
3.103884835E9	0.0
3.1038858755E9	58.66851595006935
3.103886915E9	0.0
3.1038879535E9	0.0
3.103888991E9	0.0
3.103890028E9	0.0
3.103891064E9	11.301282051282051
3.103892095E9	56.21047503045067
3.103893119E9	56.70857142857143
3.10389414E9	49.236132218844986
3.10389516E9	35.21087602727749
3.103896179E9	58.25097475887544
3.1038971965E9	0.0
3.1038982115E9	0.0
3.103899225E9	0.0
3.103900236E9	0.0
3.1039012445E9	0.0
3.103902252E9	0.0
3.1039032575E9	0.0
3.1039042615E9	0.9692307692307692
3.103905265E9	47.69690605470751
3.103906267E9	54.021186440677965
3.1039072675E9	0.0
3.1039082675E9	52.614
3.1039092675E9	0.0
3.103918732E9	57.43874812463763
3.103932571E9	0.0
3.103941472E9	37.973270440251575
3.1039494115E9	0.0
3.1039572085E9	58.72128989551756
3.103963938E9	0.0
3.1039695055E9	45.25512456638285
3.103974766E9	0.0
3.1039797995E9	59.274971075973774
3.103984567E9	57.76453628063431
3.1039891115E9	0.0
3.1039934845E9	0.0
3.103997683E9	57.36792074880723
3.104001684E9	58.988129704690216
3.104005458E9	43.68815995950392
3.104009178E9	0.0
3.1040128475E9	57.75739899828946
3.104016433E9	57.306345628087676
3.104019926E9	0.0
3.104023359E9	58.88564760793466
3.104026758E9	0.0
3.1040301305E9	26.550289855072464
3.104033452E9	57.8748830177813
3.104036731E9	27.096392030156167
3.1040399985E9	0.0
3.104043259E9	57.92711604930478
3.1040464995E9	0.0
3.104049674E9	58.91982321655971
3.1040527925E9	0.0
3.1040558995E9	0.0
3.104058987E9	0.0
3.104062054E9	0.0
3.104065115E9	56.229166666666664
3.1040681395E9	0.0
3.1040711275E9	59.068426328098894
3.1040740845E9	0.0
3.1040770095E9	29.784178668336462
3.104079908E9	59.70113972140143
3.104082775E9	58.06409575751726
3.1040856295E9	58.86703117073446
3.104088461E9	45.32250765644284
3.10409126E9	58.05910826020227
3.1040940205E9	0.0
3.1040967325E9	0.0
3.1040994055E9	58.55800662322402
3.104102056E9	52.032509752925876
3.1041046865E9	0.0
3.104107298E9	0.0
3.104109892E9	46.50201648600264
3.1041124505E9	59.289780428300354
3.1041149735E9	0.0
3.1041174795E9	0.0
3.10411997E9	31.04851330203443
3.1041224495E9	38.6686460807601
3.104124925E9	0.0
3.104127395E9	55.99784253215719
3.1041298495E9	36.20755729697815
3.1041322855E9	57.51497005988024
3.104134709E9	56.27153931339978
3.1041371215E9	58.85382059800664
3.104139523E9	20.47366713384751
3.1041418965E9	50.32743329146207
3.104144241E9	19.519656832913647
3.1041465705E9	0.0
3.104148885E9	42.581882214830756
3.1041511915E9	0.0
3.1041534905E9	58.9192330040674
3.104155772E9	59.42857142857143
3.10415804E9	46.79985914591203
3.1041603025E9	57.517648990313575
3.1041625525E9	0.0
3.1041647915E9	49.69712005177435
3.1041670245E9	58.08909468305924
3.104169246E9	58.80561296638747
3.104171456E9	0.0
3.104173654E9	6.171627191032295
3.104175845E9	58.60886507549927
3.1041780355E9	58.858195211786374
3.1041802225E9	59.3607252178008
3.1041823975E9	24.306074666529945
3.104184563E9	28.551161765305253
3.1041867265E9	56.428308145963875
3.1041888805E9	58.74368231046932
3.1041910115E9	0.0
3.1041931255E9	0.0
3.1041952355E9	0.9185761047463176
3.1041973425E9	54.138317644942745
3.1041994485E9	57.352808988764046
3.1042015545E9	41.80970512562486
3.104203656E9	59.496855345911946
3.104205745E9	59.28873143480038
3.1042078145E9	55.36563771237138
3.104209871E9	57.24510019819423
3.1042119255E9	0.0
3.104213971E9	59.13868869748638
3.1042160055E9	0.0
3.1042180375E9	54.41775877776999
3.1042200635E9	52.32120750404724
3.1042220825E9	0.9264150943396227
3.1042240985E9	58.75723830734967
3.104226106E9	0.0
3.104228107E9	58.01407713338375
3.104230103E9	0.0
3.1042320935E9	53.95988337019907
3.10423408E9	0.0
3.104236062E9	57.62888177882935
3.104238043E9	56.08376288659794
3.104240023E9	58.87966804979253
3.104241994E9	51.78643206406653
3.1042439415E9	0.0
3.104245872E9	55.52325581395349
3.104247777E9	57.531460044809556
3.1042496545E9	57.61344537815126
3.104251516E9	0.0
3.104253365E9	32.897796684118674
3.104255206E9	59.063270336894
3.1042570385E9	34.18699450016176
3.1042588675E9	48.639620190957594
3.1042606875E9	13.572928588833836
3.1042625015E9	55.77173867668545
3.104264304E9	56.0614638091387
3.104266094E9	0.0
3.1042678815E9	0.0
3.1042696635E9	0.0
3.1042714405E9	21.69167621229477
3.1042732095E9	37.30581205866377
3.1042749695E9	0.0
3.104276727E9	0.0
3.1042784825E9	42.96611909650924
3.1042802355E9	57.89298974215987
3.104281987E9	41.864234653353
3.104283737E9	47.133136094674555
3.1042854805E9	0.0
3.104287214E9	17.19634322981001
3.1042889415E9	51.768020757317764
3.1042906625E9	57.05734616994558
3.1042923765E9	58.76667275717157
3.104294088E9	23.84108843712417
3.104295795E9	58.65182696346073
3.1042974975E9	0.0
3.104299198E9	2.9141299936220793
3.1043008905E9	38.96506087877184
3.1043025755E9	22.075947622329426
3.1043042575E9	57.71565113500597
3.1043059365E9	59.369061193462564
3.1043076145E9	0.0
3.104309292E9	56.48145668764226
3.1043109685E9	58.62393721386527
3.1043126425E9	20.675834128528532
3.104314313E9	58.087319824524755
3.1043159815E9	0.0
3.104317647E9	0.0
3.1043193085E9	0.0
3.1043209685E9	59.41997851772288
3.1043226275E9	58.011866114407255
3.1043242845E9	0.0
3.1043259405E9	40.98550724637681
3.1043275945E9	1.0
3.104329244E9	0.0
3.10433089E9	0.0
3.104332533E9	32.96217264791465
3.1043341725E9	0.0
3.104335808E9	0.0
3.1043374375E9	0.0
3.1043390575E9	0.0
3.1043406705E9	0.0
3.104342279E9	57.59725400457666
3.104343883E9	41.402838074256465
3.104345484E9	47.07417397167903
3.104347078E9	0.0
3.1043486665E9	58.918578270733555
3.104350253E9	0.0
3.1043518375E9	57.02337023370234
3.1043534215E9	38.94155995565009
3.1043550035E9	0.0
3.1043565795E9	57.43339587242026
3.1043581505E9	35.52740129640542
3.10435972E9	0.0
3.1043612885E9	43.303309183473665
3.104362856E9	0.0
3.104364422E9	49.87648746281343
3.104365984E9	60.0
3.104367543E9	42.774761555392516
3.1043691005E9	0.0
3.1043706555E9	0.0
3.104372207E9	0.0
3.1043737525E9	0.0
3.104375294E9	59.03170028818444
3.1043768335E9	0.0
3.104378371E9	50.24111852311511
3.104379907E9	0.0
3.1043814395E9	59.078812691914024
3.1043829685E9	0.0
3.1043844935E9	0.0
3.1043860115E9	0.0
3.104387523E9	58.089171974522294
3.104389031E9	15.121255642183012
3.1043905345E9	54.11877286799887
3.104392034E9	0.0
3.104393533E9	7.864693446088795
3.104395031E9	58.589781021897814
3.1043965275E9	0.0
3.1043980195E9	50.96592433592702
3.1043995065E9	39.73037272006344
3.104400992E9	0.0
3.104402475E9	35.0
3.104403955E9	0.0
3.1044054305E9	53.42253521126761
3.1044069025E9	40.68485198023122
3.1044083735E9	58.54360943499726
3.1044098415E9	0.0
3.104411307E9	0.0
3.10441277E9	39.62520325203252
3.1044142295E9	58.75441145941458
3.104415687E9	23.901543026706232
3.1044171395E9	42.7006993006993
3.104418587E9	0.0
3.1044200325E9	30.588976377952754
3.104421476E9	22.893287691620777
3.104422919E9	0.0
3.1044243595E9	59.743589743589745
3.1044257945E9	28.305371843307583
3.1044272255E9	19.776223776223777
3.1044286555E9	37.740950226244344
3.104430085E9	0.0
3.104431514E9	0.0
3.104432943E9	0.0
3.1044343705E9	0.0
3.1044357965E9	0.0
3.1044372195E9	58.97375820056232
3.1044386375E9	58.17215958369471
3.1044400535E9	0.0
3.104441469E9	34.83302684810592
3.104442884E9	50.579202385389486
3.1044442985E9	0.0
3.104445712E9	0.0
3.1044471235E9	8.922905027932961
3.104448531E9	56.83158896289248
3.1044499345E9	59.191144641642445
3.1044513345E9	0.0
3.104452732E9	0.9534883720930233
3.104454128E9	59.27085067421342
3.1044555215E9	0.0
3.1044569115E9	0.9123783031988874
3.1044582985E9	59.43941109852775
3.1044596825E9	0.0
3.104461064E9	58.80743194584473
3.104462444E9	0.0
3.1044638215E9	22.595414308518357
3.1044651965E9	28.476524629228983
3.1044665705E9	59.166877051249685
3.104467944E9	0.0
3.104469317E9	59.02379796017484
3.1044706895E9	55.627486113599716
3.1044720605E9	0.0
3.104473429E9	39.03581213366703
3.104474795E9	57.77777777777778
3.1044761595E9	36.49722856211282
3.104477522E9	59.11864406779661
3.104478883E9	0.0
3.104480241E9	59.58
3.104481596E9	0.0
3.1044829505E9	0.0
3.104484304E9	46.8806992250856
3.104485655E9	0.9021406727828746
3.104487002E9	0.0
3.1044883465E9	56.542893725992315
3.10448969E9	0.0
3.1044910305E9	59.24050632911393
3.1044923685E9	0.0
3.1044937065E9	0.0
3.1044950435E9	0.0
3.104496378E9	35.29501463506751
3.104497711E9	0.0
3.1044990435E9	0.0
3.1045003715E9	27.4688618468146
3.104501695E9	0.0
3.104503018E9	45.58169038230756
3.1045043395E9	0.0
3.1045056595E9	0.0
3.104506978E9	0.0
3.1045082945E9	0.0
3.1045096045E9	46.97944504384873
3.1045109085E9	0.0
3.104512212E9	52.46674727932285
3.1045135145E9	0.0
3.104514816E9	0.0
3.1045161165E9	58.5974025974026
3.1045174155E9	28.82004464997608
3.104518713E9	0.0
3.104520009E9	0.0
3.1045212985E9	0.0
3.104522582E9	23.658458967429954
3.104523865E9	47.23205479452055
3.104525146E9	59.09233176838811
3.1045264245E9	0.0
3.104527699E9	26.61376309286917
3.10452897E9	0.0
3.1045302395E9	0.0
3.1045315055E9	49.556255946717414
3.104532769E9	47.946475459503134
3.1045340315E9	59.13811280969953
3.104535293E9	1.7880041365046535
3.1045365535E9	59.01970954356847
3.104537813E9	9.024053452115814
3.104539072E9	0.0
3.1045403305E9	59.62343096234309
3.1045415875E9	0.0
3.104542842E9	59.67914438502674
3.1045440925E9	0.0
3.1045453405E9	0.0
3.1045465875E9	0.0
3.1045478335E9	0.0
3.1045490785E9	0.0
3.1045503195E9	58.61547619047619
3.1045515575E9	0.0
3.1045527945E9	0.0
3.1045540295E9	41.669037813552976
3.1045552635E9	51.46459330143541
3.104556496E9	0.0
3.104557727E9	46.08931698774081
3.1045589575E9	57.091471939285
3.1045601875E9	0.0
3.1045614165E9	53.045016077170416
3.104562644E9	59.50819672131148
3.1045638685E9	0.0
3.1045650905E9	0.9541108986615678
3.104566312E9	48.11165048543689
3.104567533E9	43.58705701078583
3.1045687535E9	57.95191716218987
3.1045699725E9	7.858658948383985
3.1045711905E9	0.0
3.1045724075E9	59.244226731980405
3.1045736235E9	0.0
3.1045748375E9	59.319236719958745
3.1045760485E9	57.56962025316456
3.104577258E9	0.0
3.1045784665E9	58.65741341289402
3.1045796745E9	0.0
3.1045808815E9	0.0
3.104582087E9	0.0
3.104583292E9	0.0
3.1045844955E9	58.914027149321264
3.1045856965E9	0.0
3.104586896E9	0.0
3.1045880945E9	55.68306010928962
3.1045892925E9	56.92814632022064
3.1045904905E9	24.07550137632717
3.104591687E9	58.759231905465285
3.1045928815E9	0.0
3.104594074E9	0.0
3.104595264E9	39.87991498405951
3.1045964525E9	59.4238683127572
3.1045976365E9	0.0
3.1045988165E9	58.871377732587696
3.104599996E9	0.0
3.1046011715E9	20.096388482186434
3.1046023415E9	0.0
3.1046035085E9	1.323045267489712
3.10460467E9	59.14599430662871
3.1046058265E9	0.0
3.1046069825E9	58.50622406639004
3.104608138E9	57.578392065836674
3.1046092925E9	0.0
3.1046104465E9	56.90731194108364
3.104611598E9	58.25136612021858
3.104612744E9	0.0
3.104613887E9	0.0
3.1046150285E9	59.51186440677966
3.104616167E9	44.61513336962439
3.104617303E9	0.0
3.104618438E9	0.9575371549893843
3.104619573E9	0.848
3.104620704E9	44.86784986209378
3.104621831E9	49.76243377200478
3.1046229575E9	54.292130554762586
3.104624082E9	30.73267326732673
3.104625205E9	57.20338983050848
3.104626328E9	0.0
3.1046274505E9	24.982827476038338
3.1046285725E9	58.87698799091204
3.104629694E9	59.6228150873965
3.104630815E9	20.971939562133826
3.104631935E9	19.20265003897116
3.104633054E9	1.4425907752698723
3.104634173E9	0.0
3.1046352915E9	58.36575875486381
3.104636408E9	0.0
3.1046375185E9	10.981220657276996
3.1046386245E9	0.0
3.1046397295E9	0.0
3.1046408325E9	0.0
3.104641934E9	57.75273105600832
3.1046430335E9	0.9134419551934827
3.1046441315E9	0.0
3.1046452285E9	0.0
3.1046463245E9	0.0
3.10464742E9	0.0
3.104648514E9	0.0
3.1046496055E9	17.74976830398517
3.104650695E9	0.0
3.104651783E9	0.0
3.10465287E9	0.0
3.104653956E9	59.395509499136445
3.104655041E9	58.11288963774221
3.104656126E9	0.9362795477903392
3.10465721E9	0.0
3.1046582915E9	59.550561797752806
3.1046593715E9	2.8990384615384617
3.104660451E9	46.71320303151177
3.10466153E9	0.0
3.104662609E9	53.28071040947213
3.104663686E9	24.45312027773688
3.1046647605E9	57.701532311792135
3.104665834E9	0.0
3.1046669055E9	0.0
3.1046679745E9	37.60880077369439
3.104669042E9	0.0
3.1046701085E9	15.61863173216885
3.1046711745E9	43.5506241331484
3.1046722405E9	34.85919655734992
3.104673305E9	37.44075829383886
3.104674368E9	36.357637474541754
3.104675431E9	29.564244326893082
3.1046764935E9	20.428571428571427
3.1046775535E9	0.0
3.1046786105E9	59.320388349514566
3.1046796645E9	54.243438130948945
3.104680716E9	0.0
3.104681767E9	0.0
3.1046828175E9	0.0
3.1046838665E9	59.713740458015266
3.1046849135E9	0.0
3.1046859595E9	3.373114754098361
3.104687005E9	0.0
3.104688049E9	4.6890606420927465
3.1046890895E9	0.0
3.1046901265E9	58.94845360824742
3.104691162E9	0.912568306010929
3.104692197E9	59.31708364651562
3.104693232E9	59.245960502692995
3.104694266E9	56.73323388247503
3.1046952985E9	2.099956159579132
3.10469633E9	14.323225806451612
3.1046973585E9	47.785544460294815
3.1046983845E9	59.45069317290086
3.1046994105E9	0.0
3.104700435E9	4.516385302879841
3.1047014575E9	41.75897571277719
3.1047024785E9	0.0
3.1047034985E9	5.376106194690266
3.1047045185E9	53.66648822269807
3.104705538E9	58.38356164383562
3.1047065565E9	47.55641941584366
3.1047075745E9	37.83406113537118
3.104708592E9	0.0
3.104709608E9	59.359145527369826
3.104710623E9	0.0
3.104711638E9	0.9625167336010709
3.1047126525E9	58.682766190998905
3.1047136665E9	0.0
3.10471468E9	13.78001387925052
3.104715693E9	28.369195922989807
3.104716706E9	0.0
3.1047177185E9	0.0
3.10471873E9	0.0
3.104719741E9	0.0
3.104720751E9	26.150523301737756
3.1047217595E9	0.0
3.1047227675E9	33.2520325203252
3.104723775E9	0.0
3.104724782E9	57.52730883813307
3.104725789E9	18.637096228076114
3.1047267955E9	0.0
3.104727801E9	1.61284046692607
3.104728805E9	0.0
3.104729807E9	58.06255198802196
3.1047308075E9	0.9398797595190381
3.104740963E9	0.0
3.104756475E9	52.17392287801442
3.104767963E9	1.4907967752067846
3.104778484E9	57.025838602956576
3.1047881575E9	16.89405389681848
3.1047976135E9	50.67005415597799
3.1048068795E9	46.03818322780721
3.1048160235E9	56.01683713694593
3.104824959E9	43.78634280398399
3.1048336895E9	36.297207156820996
3.1048423175E9	12.754891929914312
3.1048506295E9	53.72059343949911
3.104858538E9	53.14392244593587
3.10486621E9	19.016508918293106
3.104873738E9	0.0
3.104881204E9	45.66816337208949
3.1048886055E9	53.06182386356113
3.104895888E9	51.515809206415334
3.1049030315E9	44.15852251548661
3.1049100215E9	48.202977522623335
3.104916928E9	25.048457353552514
3.1049238165E9	36.17168653201056
3.104930685E9	38.953999655943576
3.1049375335E9	54.69050130035017
3.1049443175E9	3.439588470368166
3.1049510255E9	58.40302817072283
3.104957646E9	57.80209193503991
3.1049641205E9	1.1301306290821589
3.104970491E9	10.540273344283634
3.104976811E9	54.728061264358836
3.1049830915E9	26.747552518866
3.104989311E9	38.67254687286164
3.104995483E9	28.003724600803924
3.1050016285E9	47.39559475707105
3.105007741E9	10.399424049951556
3.105013843E9	41.8012299915754
3.105019839E9	56.974042688176915
3.1050257E9	53.73772722714836
3.105031511E9	37.73130518714475
3.1050372955E9	0.0
3.105043063E9	0.0
3.1050488005E9	59.13298119817182
3.1050545125E9	56.55659728795321
3.1050601615E9	45.084457744409114
3.1050657395E9	46.0396082790449
3.1050713015E9	31.15247452485359
3.1050767895E9	26.725901812244565
3.105082186E9	48.82657903857947
3.1050875235E9	56.91419598974751
3.105092801E9	44.27142802111021
3.105098007E9	48.881960774180214
3.1051031505E9	51.45817572921494
3.1051082045E9	57.34389538538916
3.105113172E9	53.840168243953734
3.105118124E9	48.0176379991956
3.105123046E9	56.27113658334484
3.105127928E9	0.0
3.105132784E9	54.443479437562274
3.1051375455E9	42.2332068633558
3.105142205E9	50.784489811096236
3.1051468215E9	37.28010883724839
3.105151389E9	42.787848203471945
3.1051559265E9	30.527586889511042
3.105160444E9	57.627045532351936
3.105164943E9	41.98024235809751
3.1051694125E9	0.9768518518518519
3.1051738415E9	50.41718135236527
3.105178253E9	32.49458958107899
3.1051826085E9	45.74975486762852
3.1051869095E9	55.62908002159651
3.105191198E9	58.17478946823153
3.105195423E9	0.0
3.105199594E9	44.88275869785344
3.1052037465E9	0.0
3.105207865E9	0.0
3.10521196E9	0.9616724738675958
3.105216012E9	47.88687000325806
3.1052200195E9	0.0
3.105224006E9	36.88868019033308
3.1052278585E9	51.38729682720566
3.105231579E9	53.16591788708015
3.1052352765E9	40.3180987524161
3.1052389575E9	49.79890665225821
3.105242632E9	11.521493902439024
3.1052463045E9	43.327823196478306
3.105249957E9	55.774118932116814
3.10525359E9	54.916010396865424
3.105257213E9	16.63411836156286
3.105260822E9	8.843783248339877
3.1052644205E9	44.772844019349854
3.1052680095E9	32.000582988398534
3.1052715945E9	0.0
3.105275175E9	52.49966528648997
3.105278732E9	15.695919508105087
3.1052822555E9	37.36680764619688
3.105285765E9	47.18282792665726
3.1052892635E9	50.22640489164344
3.105292744E9	0.8560700876095119
3.105296203E9	0.0
3.105299639E9	59.04882171821859
3.10530305E9	48.917006847511196
3.105306431E9	55.563650252256096
3.105309783E9	57.153137634030585
3.1053131135E9	59.257638098573054
3.105316433E9	55.874199434684606
3.105319747E9	35.26483233018057
3.105323045E9	0.0
3.1053263115E9	0.972635954277797
3.10532956E9	1.7044830741079597
3.105332802E9	55.11750224953736
3.105336038E9	0.0
3.1053392555E9	54.80067480627913
3.105342453E9	57.688060192242816
3.105345638E9	32.651256044344855
3.1053488045E9	54.42195916524207
3.105351955E9	45.17380975467856
3.105355096E9	46.33385186071557
3.1053582345E9	56.7439459127228
3.1053613715E9	0.0
3.1053645055E9	0.0
3.1053676375E9	24.391852207806075
3.105370751E9	47.51139240506329
3.1053738455E9	53.23626768260313
3.105376939E9	48.89299355454762
3.105380015E9	0.0
3.105383037E9	51.03655562600595
3.105386017E9	0.0
3.105388988E9	34.47788668145101
3.105391952E9	2.974526453298498
3.10539491E9	49.54283032152077
3.105397855E9	56.01929427672465
3.105400789E9	17.518471220180103
3.10540371E9	0.9435751541014699
3.1054066165E9	48.998865965891746
3.1054095145E9	54.68329286327205
3.1054124035E9	33.608802849831235
3.105415289E9	0.9772058823529411
3.1054181705E9	3.58898847631242
3.105421047E9	39.743637279596975
3.105423915E9	53.71227111232577
3.1054267735E9	44.72534409266912
3.1054296205E9	34.910922587486745
3.10543244E9	37.459910414333706
3.105435239E9	47.054936846394135
3.1054380315E9	0.0
3.105440812E9	47.434533488192024
3.105443576E9	55.85563161169882
3.1054463305E9	52.530761874402295
3.105449079E9	55.49653294763262
3.105451813E9	47.70280723897156
3.1054545365E9	45.569809315780155
3.1054572385E9	36.62561120655478
3.105459914E9	34.28911095796003
3.10546258E9	16.533478208791774
3.1054652375E9	38.78841935955549
3.105467887E9	58.23653105377025
3.105470528E9	54.16732197466143
3.105473162E9	0.9416255051638976
3.105475793E9	39.44873868695106
3.1054784135E9	40.73202170963365
3.105481019E9	25.08097165991903
3.1054836015E9	54.313528539026926
3.1054861625E9	54.52240999265246
3.105488716E9	56.26124769398743
3.105491267E9	27.158758121762727
3.1054938115E9	0.0
3.1054963495E9	41.846774193548384
3.105498881E9	0.946912013536379
3.1055013925E9	10.348639455782314
3.1055038895E9	0.9774685222001326
3.105506379E9	38.59210891914421
3.105508858E9	23.664713300200283
3.10551133E9	57.14577802617484
3.105513792E9	50.880429080990346
3.1055162415E9	0.0
3.105518682E9	53.26938849667774
3.105521118E9	42.679126649623434
3.105523549E9	52.148085088493715
3.105525972E9	45.431167639487164
3.105528388E9	32.46994481864776
3.1055308005E9	35.48135444151275
3.1055332065E9	46.56711863430924
3.105535606E9	48.9224802431611
3.1055380035E9	46.23462956911442
3.105540398E9	22.623857495496697
3.1055427875E9	58.4078766600519
3.1055451725E9	20.556010420543355
3.1055475555E9	56.65366778038199
3.1055499375E9	21.965403235328846
3.105552312E9	49.31628030908607
3.1055546785E9	0.0
3.1055570425E9	54.233010056185805
3.105559404E9	44.94900808229243
3.105561761E9	50.51082861196456
3.105564112E9	21.54820595366318
3.1055664605E9	3.2025316455696204
3.1055688045E9	40.295643818065344
3.105571144E9	28.536806342015854
3.1055734815E9	57.224383916990924
3.105575816E9	39.698157355952034
3.1055781475E9	0.9772951628825272
3.105580476E9	36.88985048600123
3.1055827985E9	50.79670472012573
3.105585104E9	40.40470454867508
3.1055873965E9	56.37184272198594
3.105589686E9	45.46400945183798
3.1055919665E9	19.591642563556096
3.1055942405E9	51.99609902475619
3.105596511E9	56.171398650221086
3.1055987745E9	26.63095238095238
3.105601033E9	31.744373437065853
3.1056032815E9	54.22562586062891
3.105605521E9	38.7425684079602
3.1056077565E9	39.76750165892501
3.1056099875E9	40.27901885945218
3.1056122175E9	0.0
3.1056144435E9	0.9704016913319239
3.1056166625E9	0.0
3.1056188775E9	33.09440887402634
3.1056210895E9	15.720652011365337
3.105623296E9	21.83917297979798
3.105625496E9	34.79273199221285
3.1056276925E9	51.573727735368955
3.1056298885E9	51.423073451087774
3.105632076E9	36.260162086868434
3.1056342545E9	41.93719178696315
3.1056364325E9	25.08265496763862
3.1056386075E9	12.289398280802292
3.1056407785E9	55.991135356290485
3.105642947E9	36.06847811170578
3.105645114E9	0.0
3.105647276E9	39.900903041825096
3.105649431E9	59.172413793103445
3.105651583E9	14.828160484481453
3.105653732E9	49.55681075888569
3.105655878E9	22.81301466157863
3.1056580215E9	46.61610985857758
3.1056601635E9	44.08147047645372
3.1056623025E9	20.53668618670341
3.1056644355E9	37.104433589128156
3.1056665645E9	46.08771821981805
3.1056686915E9	58.28660730081972
3.1056708175E9	0.0
3.10567294E9	45.28586238882523
3.105675053E9	34.30653985354768
3.105677152E9	54.918212771041155
3.105679241E9	30.875711141545327
3.1056813275E9	33.971958158108635
3.105683412E9	58.421775570386465
3.105685491E9	20.002853380158033
3.105687566E9	52.25091530388089
3.1056896395E9	30.594551388796376
3.1056917095E9	31.844370634056418
3.105693777E9	36.06079797340089
3.105695838E9	0.0
3.105697891E9	39.84856312560542
3.1056999415E9	35.786990240501915
3.105701983E9	42.772521120498
3.1057040115E9	55.02120061858569
3.1057060315E9	9.744556113902847
3.105708045E9	36.52124517155192
3.105710055E9	35.127357272022735
3.105712061E9	30.968881697772428
3.105714063E9	26.037403716901018
