#Position (bp)	mapping quality
3882144.5	56.48528401723725
1.16464325E7	58.62280996167502
1.94107205E7	59.16668167325527
2.71750085E7	59.84702376167263
3.49392965E7	59.88495793153909
4.27035845E7	59.89205089005138
5.04678725E7	59.904677245467404
5.82321605E7	59.859528133132926
6.59964485E7	59.8493406123174
7.37607365E7	59.888069821108665
8.15250245E7	59.81147366634079
8.92893125E7	59.830445536427476
9.70536005E7	59.89952468120558
1.048178885E8	58.298719693264246
1.125821765E8	59.83845535428818
1.203464645E8	22.126912317315174
1.281107525E8	8.177007793151507
1.358750405E8	0.0
1.436393285E8	31.25886768293949
1.514036165E8	54.16399796186871
1.591679045E8	59.25975820296233
1.669321925E8	59.883711047947166
1.746964805E8	59.862243946205965
1.824607685E8	59.878726484684506
1.902250565E8	59.86984968544246
1.979893445E8	59.8201456924337
2.057536325E8	59.600914894854895
2.135179205E8	59.88854167472021
2.212822085E8	59.793026599808705
2.290464965E8	59.21996606333958
2.368107845E8	59.8272733053107
2.445750725E8	59.77917030800782
2.487068195E8	54.363147461543925
2.525889635E8	59.69848671312078
2.601036485E8	59.88518641623655
2.678679365E8	59.870266633505594
2.756322245E8	59.88918949210214
2.833965125E8	59.78855239855943
2.911608005E8	59.844266220143595
2.989250885E8	59.89672254867
3.066893765E8	59.88431639103944
3.144536645E8	59.899981551188105
3.222179525E8	59.8533764605369
3.299822405E8	59.905793948596475
3.377465285E8	41.54238441288778
3.455108165E8	52.31782096745441
3.532751045E8	59.64405310905123
3.610393925E8	54.56924766734537
3.688036805E8	59.87909449625589
3.765679685E8	58.314032172831624
3.843322565E8	59.761278536862854
3.920965445E8	59.886805798389936
3.998608325E8	59.84307101865979
4.076251205E8	59.8661701914425
4.153894085E8	59.85502877689078
4.231536965E8	59.85248061084246
4.309179845E8	59.89708693413683
4.386822725E8	59.88765732466855
4.464465605E8	59.84948320832823
4.542108485E8	59.83622820899741
4.619751365E8	59.846881701686364
4.697394245E8	59.86194848791262
4.775037125E8	59.83958243425318
4.852680005E8	59.82866160242753
4.90150048E8	59.28031703785391
4.94032192E8	59.607047640445856
5.007965765E8	59.894516249178245
5.085608645E8	59.88691860444432
5.163251525E8	59.85702755411612
5.240894405E8	59.86818441308188
5.318537285E8	59.877313426013245
5.396180165E8	59.878630932549875
5.473823045E8	59.903583960103596
5.551465925E8	59.88225070768839
5.629108805E8	59.757515209827936
5.706751685E8	59.62519248052186
5.784394565E8	55.166501346719365
5.862037445E8	43.33969290453022
5.939680325E8	59.823200523774055
6.017323205E8	59.889834587814
6.094966085E8	59.89262040112709
6.172608965E8	59.80961287087745
6.250251845E8	59.83474292621079
6.327894725E8	59.88044702543678
6.405537605E8	59.8651067036282
6.483180485E8	59.893575278448466
6.560823365E8	59.8712892314943
6.638466245E8	59.90165829216228
6.716109125E8	59.85879311046783
6.793752005E8	59.653847036671564
6.863514275E8	59.08106904913179
6.902335715E8	58.27791968818749
6.949037765E8	58.08665592223896
7.026680645E8	59.33698532243696
7.104323525E8	59.733628593974146
7.181966405E8	59.87607120189524
7.259609285E8	59.87951323952712
7.337252165E8	59.876845049566796
7.414895045E8	30.543639899411783
7.492537925E8	59.81731939674417
7.570180805E8	59.820727362224225
7.647823685E8	59.87043096494976
7.725466565E8	59.83762501172647
7.803109445E8	59.8291968710251
7.880752325E8	59.86124013877737
7.958395205E8	59.86064484370401
8.036038085E8	59.84539395369968
8.113680965E8	59.85760886623997
8.191323845E8	59.785134947698104
8.268966725E8	59.79525115550818
8.346609605E8	59.87365625631107
8.424252485E8	59.88387395888943
8.501895365E8	59.846212354274705
8.579538245E8	59.811359402626245
8.657181125E8	59.85424205143432
8.734824005E8	59.80428275178864
8.78512305E8	57.59854662559444
8.82394449E8	59.68197781471752
8.890109765E8	59.84453619550378
8.967752645E8	59.32666665639063
9.045395525E8	59.85536879839759
9.123038405E8	59.76021717301858
9.200681285E8	59.88504452358525
9.278324165E8	43.46269347479736
9.355967045E8	59.82404636554467
9.433609925E8	59.872756367772084
9.511252805E8	50.63454370449845
9.588895685E8	59.875739996168726
9.666538565E8	59.88403499706455
9.744181445E8	59.886366355400895
9.821824325E8	59.76891154590307
9.899467205E8	59.8647464115153
9.977110085E8	59.86874102141196
1.0054752965E9	59.88010337795736
1.0132395845E9	59.8852676036759
1.0210038725E9	59.87747860733926
1.0287681605E9	59.81736638057446
1.0365324485E9	59.83203418131269
1.0442967365E9	59.88667185811277
1.0520610245E9	59.37073293897239
1.0585707465E9	57.490531345805344
1.0624528905E9	59.515692191489904
1.0675896005E9	59.850357802194026
1.0753538885E9	59.88024323092971
1.0831181765E9	59.82023069084551
1.0908824645E9	58.22888141138972
1.0986467525E9	59.88610935917932
1.1064110405E9	59.861672341567825
1.1141753285E9	59.869351846837
1.1219396165E9	39.099827418845315
1.1297039045E9	59.88029211720685
1.1374681925E9	59.84487823528608
1.1452324805E9	59.80143453492068
1.1529967685E9	59.88784348283031
1.1607610565E9	59.81440910749654
1.1685253445E9	59.87971599554961
1.1762896325E9	59.88762442053137
1.1840539205E9	59.89487775119416
1.1918182085E9	59.85236610280064
1.1995824965E9	59.90383489983697
1.2073467845E9	59.91100147603975
1.2151110725E9	59.833930944262654
1.2228753605E9	59.42464012341293
1.229380904E9	59.14520685248069
1.233263048E9	59.489521727729915
1.2384039365E9	59.37812006439883
1.2461682245E9	59.85988697765315
1.2539325125E9	59.85626581918651
1.2616968005E9	59.77935032337103
1.2694610885E9	59.888725932520856
1.2772253765E9	59.889160953344415
1.2849896645E9	59.52199895964026
1.2927539525E9	27.75952330969116
1.3005182405E9	58.9630293954122
1.3082825285E9	56.168785938005996
1.3160468165E9	59.87332924400382
1.3238111045E9	59.85319011138198
1.3315753925E9	57.002648389377875
1.3393396805E9	59.87215905739002
1.3471039685E9	59.855800555836545
1.3548682565E9	59.84822841295309
1.3626325445E9	59.87079507900533
1.3703968325E9	59.87718882527093
1.3781611205E9	57.1608432944736
1.3859254085E9	59.71252906024192
1.3905789145E9	59.371141104240515
1.3944610585E9	57.75777994881068
1.4014539845E9	52.864315581241534
1.4092182725E9	59.88133227270327
1.4169825605E9	59.876423233496205
1.4247468485E9	59.86864322610728
1.4325111365E9	48.88816807605977
1.4402754245E9	54.62682131718018
1.4480397125E9	59.872980691149685
1.4558040005E9	59.895612758335055
1.4635682885E9	59.775709792911
1.4713325765E9	59.89275364436189
1.4790968645E9	53.62198597986979
1.4868611525E9	59.864354815564425
1.4946254405E9	59.88634504929111
1.5023897285E9	59.890741590634434
1.5101540165E9	59.89155471130136
1.5179183045E9	59.82768652347907
1.5256825925E9	59.81385541950622
1.5330268245E9	59.76758640171203
1.5369089685E9	59.07035031113957
1.5412111685E9	59.89776636825669
1.5489754565E9	59.86434873854499
1.5567397445E9	59.88846612795913
1.5645040325E9	59.8893289498466
1.5722683205E9	57.41153528551502
1.5800326085E9	26.338001321547516
1.5877968965E9	0.0
1.5955611845E9	17.768525384318618
1.6033254725E9	39.89156671401137
1.6110897605E9	59.868868230593996
1.6188540485E9	59.7774974991478
1.6266183365E9	59.84237520659988
1.6343826245E9	59.82328359203235
1.6421469125E9	59.84179453690621
1.6499112005E9	59.7543097725715
1.6576754885E9	59.902696881322214
1.6654397765E9	59.81804393032469
1.672102775E9	58.96522512177205
1.675984919E9	58.693646686637315
1.6809683525E9	59.79396011194639
1.6887326405E9	59.85704883668414
1.6964969285E9	59.88315443882732
1.7042612165E9	59.78462987623417
1.7120255045E9	45.21582860888421
1.7197897925E9	42.612417097014976
1.7275540805E9	59.721518547037924
1.7353183685E9	59.86205421265121
1.7430826565E9	59.86209981675987
1.7508469445E9	59.83963912752049
1.7586112325E9	59.42698976672091
1.7663755205E9	59.863697855216124
1.7741398085E9	59.87219212095404
1.7819040965E9	59.85141890707388
1.7896683845E9	59.88431073759477
1.7974326725E9	59.872468087977516
1.804997934E9	58.54718651788087
1.808880078E9	42.63783014349104
1.8129612485E9	59.224240222775165
1.8207255365E9	59.88044005534662
1.8284898245E9	59.88495717006008
1.8362541125E9	59.81782544586676
1.8440184005E9	59.885098377208706
1.8517826885E9	59.87791470573707
1.8595469765E9	33.18425357790627
1.8673112645E9	59.79862161261164
1.8750755525E9	59.84967152542836
1.8828398405E9	59.88352389166584
1.8906041285E9	59.892750638088984
1.8983684165E9	58.707837140627056
1.9061327045E9	59.87333267569825
1.9138969925E9	59.86005942594209
1.9216612805E9	59.90023446848237
1.9294255685E9	59.882376298959166
1.9371898565E9	59.891220090254244
1.942419837E9	59.80460207301071
1.946301981E9	59.71742818404342
1.9527184325E9	59.674178995171054
1.9604827205E9	59.88623943755047
1.9682470085E9	59.883177775935756
1.9760112965E9	44.757101561845246
1.9837755845E9	51.31664025083152
1.9915398725E9	59.8675454144097
1.9993041605E9	59.89077586861801
2.0070684485E9	59.87307702340733
2.0148327365E9	59.83712986485482
2.0225970245E9	59.9008595886295
2.0303613125E9	59.86964281354755
2.0381256005E9	59.859511048524546
2.0458898885E9	59.89030119445969
2.0536541765E9	59.891871202898685
2.0614184645E9	59.893691400639476
2.0691827525E9	59.85032899083002
2.0750539395E9	59.68017848397775
2.0789360835E9	0.0
2.0847113285E9	0.0
2.0924756165E9	8.113572133637776
2.1002399045E9	59.848243942801496
2.1080041925E9	59.85307244981606
2.1157684805E9	59.870993626365596
2.1235327685E9	59.84427409513592
2.1312970565E9	59.42935601630579
2.1390613445E9	59.81365987937482
2.1468256325E9	59.865202236292994
2.1545899205E9	59.89902107139263
2.1623542085E9	59.8577820623752
2.1701184965E9	59.900493507182496
2.1778827845E9	59.868611315336125
2.1856470725E9	59.72496196492428
2.1904682635E9	59.58723030229534
2.1943504075E9	0.0
2.2011756485E9	0.0
2.2089399365E9	42.55954499910069
2.2167042245E9	59.85703979843222
2.2244685125E9	59.82147415087113
2.2322328005E9	59.83733220283032
2.2399970885E9	59.88411039708733
2.2477613765E9	59.87276336030299
2.2555256645E9	59.86084530493427
2.2632899525E9	59.8628030026316
2.2710542405E9	59.842236778730765
2.2788185285E9	59.866925539438526
2.2865828165E9	59.88777435022637
2.2943471045E9	59.73954012846814
2.2983401385E9	59.90941896783233
2.3022222825E9	0.0
2.3098756805E9	0.0
2.3176399685E9	25.509834016307707
2.3254042565E9	55.473145670378244
2.3331685445E9	57.449341366708424
2.3409328325E9	59.63176978835889
2.3486971205E9	59.85314159605884
2.3564614085E9	59.84855732706887
2.3642256965E9	59.85541713496141
2.3719899845E9	59.38244458145679
2.3797542725E9	58.40118149379204
2.3875185605E9	59.671209847315126
2.3952828485E9	59.86151159005991
2.399803605E9	57.775375542267305
2.403685749E9	59.53194811533602
2.4108114245E9	59.857920738291384
2.4185757125E9	53.611505846975405
2.4263400005E9	57.08767710421667
2.4341042885E9	39.15227846436437
2.4418685765E9	1.6568791902506281
2.4496328645E9	51.22956030157191
2.4573971525E9	59.87488419192932
2.4651614405E9	59.90126946218115
2.4729257285E9	59.382797464614875
2.4806900165E9	59.83085942680291
2.4876763615E9	58.845005929992745
2.4915585055E9	58.86150311126768
2.4962185925E9	59.76854329773306
2.5039828805E9	59.82259998857919
2.5117471685E9	46.477257213953635
2.5195114565E9	42.74392334274679
2.5272757445E9	57.73205599726379
2.5350400325E9	57.26056291575737
2.5428043205E9	59.86963000144732
2.5505686085E9	59.82539695309969
2.5583328965E9	59.67649235511836
2.5660971845E9	59.84714402195675
2.572008666E9	59.41831283132954
2.57589081E9	58.65014218240113
2.5816257605E9	59.87987025016192
2.5893900485E9	28.46937596117899
2.5971543365E9	52.594104044038446
2.6049186245E9	59.89156662901977
2.6126829125E9	59.85908227638089
2.6204472005E9	59.82458582493321
2.6282114885E9	59.84611395645233
2.6359757765E9	59.890903158314885
2.6437400645E9	59.86621752093435
2.6510167485E9	59.73103224362109
2.6548988925E9	47.50298525570927
2.6592686405E9	59.73890394601565
2.6670329285E9	59.331187692090495
2.6747972165E9	59.840280161938296
2.6825615045E9	58.6846633344747
2.6903257925E9	58.09866354939606
2.6980900805E9	59.84057586227352
2.7058543685E9	58.295086310588594
2.7113827085E9	59.76573029419435
2.7152648525E9	59.759456239632975
2.7213829445E9	59.870762541974734
2.7291472325E9	59.88282642653654
2.7369115205E9	41.258950564712315
2.7446758085E9	46.065518115875335
2.7524400965E9	59.90573923687938
2.7602043845E9	59.84605241674118
2.7679686725E9	59.88880484765532
2.774661944E9	59.644204294706505
2.778544088E9	0.0
2.7834972485E9	26.009828087914745
2.7912615365E9	55.75896319504871
2.7990258245E9	59.8940996121344
2.8067901125E9	59.892123295177704
2.8145544005E9	59.69846480897131
2.8213097995E9	58.173602548680066
2.8251919435E9	0.0
2.8300829765E9	0.0
2.8378472645E9	40.76701186712725
2.8456115525E9	56.6379634634755
2.8533758405E9	59.88150983992869
2.8611401285E9	59.813655996931274
2.8689044165E9	59.850477375451575
2.8738940415E9	59.46480060504781
2.8777761855E9	58.576966948630634
2.8844329925E9	59.82777589674959
2.8921972805E9	59.881075321047454
2.8999615685E9	59.87105475466321
2.9077258565E9	59.90370727140902
2.9154901445E9	59.817418195502704
2.9232544325E9	58.01315839474353
2.9310187205E9	47.65527731241778
2.9387830085E9	41.006601671471934
2.9465472965E9	57.57721534660378
2.9543115845E9	59.87373671005587
2.9620758725E9	59.85247262124062
2.9698401605E9	59.84652920275646
2.9776044485E9	57.78805486024722
2.9853687365E9	59.89396759737444
2.9931330245E9	58.36234909097721
3.0008973125E9	59.869231851963924
3.0086616005E9	58.615268227220426
3.0164258885E9	58.18273257912643
3.0241901765E9	59.29406430302132
3.029557369E9	55.79633444142771
3.033439513E9	59.69290995631143
3.0397187525E9	40.173858373252386
3.0474830405E9	47.952551114353554
3.0552473285E9	21.07381206328693
3.0630116165E9	0.0
3.0707759045E9	0.0
3.0785401925E9	0.0
3.0853460845E9	4.076884152185244
3.088278117E9	59.750344941773825
3.088373929E9	54.97262669569709
3.0884774725E9	53.29272635664342
3.0885573295E9	58.85272938262531
3.0886546005E9	29.65703336800832
3.0887081185E9	42.508634207817444
3.0887493115E9	45.91971695865768
3.088858438E9	37.80585564227588
3.088966832E9	56.64013839382445
3.089008063E9	52.049456141362974
3.089109657E9	13.76645353857331
3.089267292E9	18.219753977673637
3.08942189E9	12.16422194557585
3.089604443E9	43.72971979195043
3.089755642E9	52.02289654943417
3.0898220175E9	11.728279267080566
3.0898610755E9	18.392483844465996
3.089968525E9	35.64134253571632
3.0900764725E9	36.57236738236192
3.090141311E9	2.6121815858721855
3.090191469E9	1.0
3.090297168E9	40.760171468549025
3.090503609E9	30.52139595155292
3.0907062205E9	55.83614487543039
3.09089898E9	44.537473336566315
3.091013772E9	52.46380279033982
3.091052607E9	58.73888110505049
3.0911587895E9	50.74690975094201
3.091267064E9	30.58552036199095
3.0915130575E9	12.450801522834054
3.092673561E9	29.219786801053555
3.093702736E9	46.8638781855796
3.093935951E9	39.82498964640136
3.094132646E9	30.666772388204777
3.0942642985E9	17.971409113164995
3.094360447E9	51.598969646319404
3.0944711045E9	23.657237000351756
3.0946435155E9	17.816442134726557
3.094747446E9	40.84231697591976
3.0948598115E9	11.84066651423167
3.0950026905E9	42.45558353142401
3.095104297E9	46.45530361810688
3.095190977E9	19.457618368511124
3.0952465895E9	53.52512334017424
3.0952663465E9	0.0
3.095268566E9	15.327705758215254
3.0952706195E9	0.9970489038785835
3.0952723265E9	0.0
3.0952838005E9	14.907692307692308
3.0952967465E9	0.0
3.095299555E9	1.7993544447352352
3.0953008775E9	0.9983695652173913
3.0953027375E9	0.9982425307557118
3.0953043745E9	7.693778178539224
3.095311073E9	1.6526258630051973
3.0953361175E9	1.5856039632813639
3.095355552E9	0.0
3.0953574645E9	1.7772517255148024
3.095360032E9	0.9965694682675815
3.095361791E9	16.055667092535135
3.095363378E9	9.771368874256046
3.095365611E9	22.543029969755292
3.0953678415E9	59.86486486486486
3.095369933E9	59.41747572815534
3.095371677E9	5.2338395638629285
3.09537289E9	12.226496435085393
3.0953743225E9	44.0
3.095375945E9	0.9980544747081712
3.095572656E9	48.5285091393398
3.095769303E9	51.34188135061869
3.0957708065E9	30.369276525107207
3.0957736535E9	54.90868052851855
3.095822105E9	50.86262942362865
3.095924849E9	18.942531951865416
3.095983129E9	58.48489442433272
3.095986364E9	21.675055826459463
3.0959887305E9	55.6913680781759
3.0959909825E9	30.300005869233477
3.095993051E9	57.41401971522453
3.0959946765E9	59.1495810938982
3.096006671E9	43.68557844430569
3.0960870785E9	42.34790211756966
3.0961589785E9	58.132839641616386
3.096165879E9	54.17786344466152
3.096173123E9	54.29772388067117
3.09617898E9	53.60166720102597
3.096183283E9	49.65206832625307
3.096185859E9	9.667369689665563
3.0961883E9	10.849992924194538
3.0961908755E9	3.9261463073153657
3.096192456E9	0.0
3.096238607E9	47.9227894165036
3.0962848625E9	3.127813504823151
3.096286263E9	0.0
3.0962877625E9	0.0
3.096289947E9	38.255313722156096
3.096292208E9	0.0
3.0962965075E9	0.0
3.096315547E9	20.35595681370322
3.0963533005E9	45.489294286009645
3.09637788E9	49.322863574790716
3.096382479E9	50.9313303518911
3.0963879875E9	45.65813168261114
3.0963943185E9	39.965538388157334
3.096398918E9	0.9906914893617021
3.0964033365E9	46.74542737989689
3.0964070605E9	57.78232583355923
3.0964084065E9	0.0
3.0964096105E9	17.114402317008953
3.096411644E9	25.394050172343054
3.0964135175E9	54.955844155844154
3.0964147555E9	0.998849252013809
3.0964161835E9	59.95735607675906
3.0964174105E9	18.431059506531206
3.096418484E9	25.61694176853886
3.096419946E9	0.0
3.096422275E9	0.0
3.0964254675E9	0.0
3.0964313925E9	0.0
3.0964360765E9	0.0
3.096437123E9	0.0
3.0964382945E9	0.0
3.096440137E9	9.478796169630643
3.096442099E9	5.994525547445256
3.096443439E9	7.400462962962963
3.0964449505E9	6.0601569311246735
3.0964464985E9	0.0
3.0964475915E9	0.99609375
3.0964489705E9	1.9951597289448209
3.0964506065E9	6.061479991057456
3.0964522235E9	0.0
3.0964537525E9	4.857142857142857
3.0964552355E9	5.021499949530635
3.09645655E9	8.500506072874494
3.0964580005E9	0.0
3.0964594605E9	1.142713314875409
3.096462063E9	13.281071835803877
3.0964647385E9	0.0
3.0964666345E9	0.0
3.0964687875E9	0.0
3.096470338E9	0.0
3.0964722525E9	0.0
3.096474844E9	0.0
3.0964802425E9	58.98749604230364
3.0964880595E9	59.487123552328484
3.0965833285E9	38.02822278090277
3.0967643755E9	57.38318460196624
3.0969348755E9	16.367705309581712
3.097105623E9	44.363518560272645
3.0972741855E9	18.766375397669567
3.0973604055E9	4.873866556761441
3.097450029E9	14.986689748578842
3.0976374775E9	45.17873309164405
3.0978270425E9	38.998786265402025
3.0979310955E9	50.83091574061991
3.097952041E9	0.0
3.0979864125E9	57.53878793568657
3.098119023E9	14.145916464842744
3.098265051E9	13.239307563346298
3.098391091E9	54.481479475315155
3.0985448955E9	42.870651542625794
3.0986946915E9	37.00872138134725
3.098783935E9	0.0
3.0988292795E9	29.303782397388535
3.098880847E9	25.518313537830835
3.098919304E9	48.974576546069066
3.0989774605E9	36.428339978308095
3.099052881E9	42.514140310845626
3.0991573655E9	37.592162852780625
3.099319594E9	30.211603333735265
3.0995012675E9	20.595807547433946
3.099670145E9	47.92306727406708
3.09983663E9	0.0
3.0999236415E9	0.0
3.099926258E9	0.0
3.0999293305E9	59.92356687898089
3.0999317075E9	0.0
3.099933225E9	0.0
3.099934473E9	0.0
3.099935544E9	0.0
3.099936873E9	59.189421260518635
3.0999392435E9	59.811552547401604
3.0999417715E9	59.89597544338336
3.099944294E9	59.9533674981177
3.099947122E9	0.9806017418844022
3.099949542E9	0.0
3.099951465E9	0.0
3.0999532635E9	60.0
3.0999548975E9	59.67432150313152
3.099956276E9	15.221362229102168
3.0999589355E9	59.839797891510365
3.099961492E9	0.0
3.0999627755E9	0.0
3.099966206E9	56.01062020858795
3.099971928E9	59.94198093659345
3.0999763185E9	59.88210879547863
3.0999787225E9	0.0
3.099980804E9	0.0
3.099982934E9	60.0
3.0999846185E9	20.54871794871795
3.0999859675E9	57.32912507339988
3.099987108E9	0.0
3.0999883185E9	0.9895022011513714
3.099989888E9	0.0
3.0999934275E9	59.68194622154544
3.099997199E9	51.9459049544995
3.0999989405E9	0.0
3.100000503E9	0.0
3.100002242E9	0.0
3.100004537E9	59.9707488299532
3.100007437E9	0.0
3.1000093805E9	0.0
3.1000104305E9	0.0
3.100011833E9	0.0
3.1000136915E9	58.959236773634
3.1000154645E9	0.0
3.100017134E9	0.0
3.1000187915E9	0.0
3.100020568E9	0.0
3.1000221625E9	0.0
3.1000236955E9	0.0
3.1000264625E9	57.53429976702045
3.100029677E9	59.00131756700412
3.100031578E9	0.0
3.1000326205E9	0.0
3.100033658E9	0.0
3.100035464E9	53.81011425054617
3.1000409715E9	39.75974566916999
3.1000479435E9	23.188430814909438
3.100051797E9	58.0096356038223
3.100053416E9	58.629893238434164
3.10005829E9	51.038910097012575
3.1000639665E9	38.919963746000036
3.1000665115E9	19.36211251435132
3.100068816E9	0.0
3.100070957E9	51.15971834134347
3.1000725955E9	58.597904915390814
3.10007379E9	42.92915358847888
3.1000757855E9	59.920012797952324
3.1000785755E9	59.935424354243544
3.1000897445E9	59.929566759564224
3.1001009405E9	59.967878710008996
3.1001076425E9	59.93351960689854
3.1001174535E9	0.0
3.10012562E9	59.94725541697523
3.1001304845E9	59.872494908650864
3.1001326025E9	46.41537881643423
3.100134138E9	32.48653846153846
3.100136976E9	59.92663692923976
3.1001412695E9	59.93010322953691
3.1001454075E9	0.0
3.1001489115E9	0.0
3.1001523505E9	59.948321269441635
3.1001553555E9	56.034170153417016
3.1001569595E9	53.22271468144044
3.1001596515E9	59.90283877616115
3.100164687E9	59.93265993265993
3.100169456E9	59.903534823482126
3.100173756E9	59.88999025955423
3.100178605E9	0.0
3.100182461E9	59.914248430994846
3.1001845245E9	0.9937888198757764
3.100186698E9	59.89609652235628
3.1001901715E9	59.880309354284314
3.1001926785E9	43.17815283638068
3.1001942255E9	0.0
3.100196577E9	59.923242983929
3.100199826E9	59.93626707132018
3.1002050385E9	59.942666684060164
3.1002116325E9	59.80105213724272
3.100215983E9	59.94477172312224
3.100218536E9	0.0
3.1002222875E9	0.0
3.100226716E9	0.0
3.100230998E9	59.939052080594664
3.10023432E9	59.98687759714223
3.100237109E9	56.8876387359146
3.100241596E9	59.929778729851876
3.1002465235E9	0.0
3.100249222E9	0.0
3.1002504975E9	59.973185356225095
3.1002526125E9	59.934603755010194
3.1002555955E9	59.53223348572186
3.1002585615E9	59.91649716304464
3.1002608765E9	59.93933265925177
3.100264232E9	0.0
3.1002683515E9	0.0
3.1002730005E9	57.2308961076813
3.100276567E9	0.0
3.1002785615E9	59.9304903250047
3.1002805655E9	35.99838719311869
3.1002818545E9	0.0
3.100283864E9	0.0
3.100286221E9	0.0
3.1002886105E9	4.268097643097643
3.100297238E9	0.0
3.100308266E9	0.0
3.1003148695E9	28.494189799870885
3.1003201675E9	59.701903205651945
3.100323191E9	38.011166253101734
3.100327556E9	59.927320266218096
3.1003361335E9	59.811455421400105
3.100341505E9	35.827946895534396
3.100343284E9	59.86810849140223
3.1003451525E9	59.78984959824188
3.10034797E9	59.87361769352291
3.1003522945E9	59.94552476455044
3.1003595775E9	59.055133525897034
3.100367519E9	59.80163089060479
3.1003726985E9	59.920251163003876
3.1003758895E9	59.86557518311073
3.1003787135E9	59.94897236002835
3.1003813635E9	0.0
3.100384543E9	59.931919350615345
3.100388122E9	52.644570707070706
3.100390936E9	59.92253403987358
3.1003962175E9	59.83999193660153
3.1004020815E9	59.9372510816309
3.1004062135E9	41.671582619727246
3.100409423E9	0.0
3.1004119315E9	59.87425260432719
3.100414125E9	0.0
3.100417918E9	59.898398232745016
3.100423028E9	59.85198941977601
3.1004269835E9	59.92543796148834
3.1004299135E9	59.96209728363866
3.100431937E9	0.0
3.100433132E9	0.0
3.100434876E9	0.0
3.1004377605E9	56.988944736876824
3.1004408225E9	59.937137330754354
3.1004441155E9	0.0
3.1004490815E9	59.73362329547524
3.100453243E9	59.974804031354985
3.1004556705E9	59.9910394265233
3.1004587745E9	0.0
3.100461398E9	20.194835680751172
3.100462798E9	30.260761589403973
3.1004649905E9	59.9458413926499
3.100471036E9	0.0
3.1004779445E9	59.94504236317838
3.1004820575E9	42.37990474030392
3.100486718E9	59.93324255206085
3.1004910255E9	0.0
3.10049749E9	0.0
3.1005038655E9	0.0
3.1005113075E9	0.0
3.100520375E9	59.929708692062746
3.100524579E9	59.967923015236565
3.100528576E9	59.97040712620314
3.100533401E9	59.94032365640468
3.1005371995E9	59.89134269385451
3.100540127E9	59.959349593495936
3.100544135E9	0.0
3.1005486665E9	59.93689429794907
3.1005512115E9	58.1306793595846
3.100552639E9	59.9716880972042
3.1005539095E9	0.0
3.1005560785E9	59.95996377675039
3.100558656E9	59.87626055193387
3.100561947E9	59.26792932068237
3.10056789E9	0.0
3.100573138E9	0.0
3.100576513E9	59.93526344182701
3.100580371E9	59.68238352891575
3.100591292E9	26.76079255736419
3.100602639E9	0.0
3.100606305E9	59.96044639073315
3.100608874E9	59.90915761803472
3.1006116575E9	59.89908982983775
3.1006156585E9	59.95323671934125
3.100620518E9	59.96803008932769
3.1006254325E9	59.928507287421425
3.1006312815E9	0.0
3.1006367155E9	59.944503735325505
3.100640534E9	59.90130580018221
3.100643878E9	58.835850156307956
3.100647993E9	0.0
3.1006508345E9	23.37121212121212
3.100653317E9	59.858442871587464
3.1006563755E9	59.94478442920904
3.1006598935E9	59.95036013237298
3.1006649805E9	59.95313284606372
3.1006712605E9	59.879057979574526
3.1006757165E9	0.0
3.100677201E9	42.225705329153605
3.10067847E9	0.0
3.100683289E9	59.87513007284079
3.1006885805E9	59.91457237292445
3.100691006E9	59.48540861479864
3.1006942785E9	0.0
3.1006969395E9	0.0
3.1006991355E9	53.58969984607491
3.1007016905E9	42.0949098621421
3.100704182E9	0.0
3.100706833E9	46.71350255172462
3.100708945E9	0.0
3.100712266E9	0.0
3.10071577E9	0.0
3.100717503E9	54.98034515819751
3.100719116E9	59.94236065153812
3.1007206285E9	0.0
3.1007221265E9	0.0
3.100724699E9	59.928260176426825
3.1007268945E9	59.942434210526315
3.1007289465E9	57.760294659300186
3.1007309285E9	0.0
3.1007330965E9	59.908861973857775
3.1007392415E9	0.0
3.1007470865E9	59.917342563413754
3.1007528755E9	0.0
3.1007561985E9	59.898173105720275
3.1007588475E9	59.89825447440695
3.100761762E9	31.734475374732334
3.1007635275E9	0.0
3.100764747E9	41.351440717997164
3.1007667445E9	45.689371573175876
3.1007691425E9	59.61290322580645
3.100772442E9	59.978470509082754
3.100775528E9	54.49119653148628
3.100781116E9	59.932364841662064
3.10079114E9	59.927829110472516
3.100797975E9	59.897281501815286
3.1008007345E9	59.91002117148906
3.100804877E9	59.818523217457496
3.100809349E9	0.0
3.1008114985E9	0.0
3.1008137425E9	19.246786928358045
3.1008164375E9	12.421470812320864
3.100825815E9	15.922449625175055
3.100837982E9	4.576002579301108
3.100842972E9	0.0
3.1008451085E9	12.88556338028169
3.10084822E9	58.37435245821523
3.1008510465E9	59.82116244411326
3.100852321E9	0.0
3.1008571395E9	0.0
3.1008619615E9	0.0
3.1008648315E9	59.952052127942956
3.100868278E9	59.89586681236742
3.100873156E9	57.81556031456754
3.1008795525E9	53.05595996360328
3.100884274E9	50.47778180549761
3.10088846E9	18.353414555497917
3.1008916615E9	21.862130479102955
3.10089384E9	0.0
3.1008970555E9	59.60711393869288
3.1008998325E9	50.869211700545364
3.100902708E9	45.87883138579069
3.1009063655E9	52.969122268079914
3.1009089965E9	54.19428122332946
3.1009125255E9	48.04713093238135
3.1009156975E9	58.474415493266655
3.100917935E9	54.63576922285267
3.1009210515E9	56.77311265773195
3.1009240305E9	54.55445434669212
3.100926116E9	49.98341232227488
3.1009275335E9	25.127648839556006
3.100928649E9	51.42622950819672
3.1009304855E9	53.5781429391504
3.100935775E9	59.92751217352811
3.1009404825E9	0.0
3.1009433075E9	55.513671504196594
3.100962012E9	12.271471773717446
3.100979643E9	4.736439267886856
3.1009826315E9	57.34973938306417
3.100986095E9	54.86080310880829
3.100988659E9	46.772138228941685
3.1009913515E9	59.444493631406324
3.100994484E9	8.432835820895523
3.100999235E9	52.02316412025628
3.1010045095E9	58.24690103637472
3.101007663E9	0.0
3.101009454E9	0.0
3.1010139635E9	59.92699997491408
3.10102777E9	59.95471631100719
3.101038557E9	46.62347042828008
3.1010399745E9	0.0
3.10104147E9	0.0
3.101043057E9	0.0
3.101044461E9	0.0
3.101046252E9	0.0
3.101048543E9	59.88926663428849
3.101051444E9	59.939430465571796
3.101053714E9	0.0
3.101055658E9	0.0
3.1010593945E9	59.852497832753244
3.1010636115E9	59.94037681850703
3.101066684E9	0.0
3.101069485E9	0.0
3.10107171E9	0.0
3.1010747125E9	59.90333420281405
3.101082788E9	59.94885248501589
3.1010891985E9	59.93329627570873
3.101090371E9	0.0
3.101091454E9	0.0
3.1010926105E9	0.0
3.101093789E9	0.0
3.101094954E9	0.0
3.1010960955E9	0.0
3.1010976565E9	59.84607491021036
3.1010992105E9	40.74050632911393
3.1011004015E9	0.0
3.101103073E9	59.79932073814843
3.101108811E9	59.84451482867838
3.1011134185E9	31.375261716862617
3.1011171035E9	59.75443222289998
3.1011208445E9	31.598198198198197
3.1011223705E9	59.78802196398927
3.1011236055E9	59.858823529411765
3.101126918E9	59.939810467002474
3.101130602E9	40.68614766897167
3.1011321595E9	0.0
3.101133927E9	56.44243070362474
3.1011356635E9	0.0
3.1011368845E9	58.186548574591754
3.1011381815E9	0.0
3.10113931E9	59.7037037037037
3.1011404165E9	0.0
3.101141667E9	59.81799797775531
3.101143503E9	59.71095945403452
3.1011454715E9	59.9634547447923
3.101147397E9	59.939632042928324
3.1011501335E9	37.876716090060405
3.101157518E9	57.54969430060172
3.1011645045E9	59.93899577663069
3.1011668885E9	20.742973858796333
3.1011686545E9	0.0
3.1011709785E9	59.461794019933556
3.101173445E9	0.0
3.101205684E9	43.10149586921806
3.1012403025E9	46.82266815310294
3.1012453615E9	34.895357376788866
3.1012505225E9	57.4098024225547
3.1012614495E9	35.67675109895226
3.1012739195E9	49.88345146072396
3.101281912E9	58.80305645166208
3.1012871705E9	57.5175796602758
3.101295694E9	56.34170910057834
3.1013044905E9	56.22608691019706
3.1013083555E9	52.166473626545624
3.1013114625E9	53.74801540012833
3.101316135E9	52.61641632626805
3.1013198035E9	0.0
3.101320917E9	0.0
3.101322018E9	60.0
3.1013238925E9	29.473312987453372
3.101326703E9	40.38960585978375
3.1013294495E9	47.8499714774672
3.1013318685E9	13.345791642142437
3.1013343305E9	40.54459574798262
3.101336736E9	43.42111750205423
3.101339303E9	57.555218504123616
3.101342702E9	48.01794905034353
3.101345195E9	60.0
3.1013472335E9	0.0
3.101349218E9	0.0
3.1013517465E9	59.91743119266055
3.101354867E9	0.0
3.1013568785E9	58.87096774193548
3.101370363E9	59.34296259699497
3.1013921985E9	59.92419001415467
3.1014090845E9	59.9704365783007
3.101423574E9	57.64617536972557
3.101436092E9	59.2154802341548
3.1014467775E9	0.0
3.10145676E9	59.88559806787848
3.1014665925E9	59.88871868011903
3.101476343E9	59.89152668732381
3.1014858855E9	57.829751610411165
3.1014950245E9	0.0
3.101503724E9	0.0
3.1015121195E9	51.69647731027718
3.101520406E9	0.0
3.101528602E9	59.92975850810365
3.101536693E9	59.95591149273448
3.1015446345E9	59.85453168848911
3.1015524055E9	59.61213317261022
3.1015601115E9	0.0
3.101567702E9	59.92411897025744
3.1015751255E9	0.0
3.1015823905E9	59.9391930136654
3.101589504E9	59.92067202031689
3.101596546E9	0.0
3.101603554E9	0.0
3.1016105495E9	59.97285067873303
3.101617536E9	3.7988452618433644
3.101624424E9	0.0
3.101631085E9	59.28306356336246
3.1016374705E9	59.12713468093356
3.1016435565E9	59.92854339870593
3.1016494765E9	0.0
3.1016553825E9	59.95741214801024
3.101661271E9	0.0
3.1016671275E9	0.0
3.101672916E9	0.0
3.101678576E9	0.0
3.101684071E9	0.0
3.1016894025E9	59.965091112197165
3.1016946505E9	59.892675363198165
3.1016998325E9	59.91721953618946
3.1017049205E9	0.0
3.101709929E9	0.0
3.101714835E9	59.10541432606557
3.1017196755E9	59.76374081884954
3.101724499E9	59.95475539636158
3.101729313E9	0.0
3.1017340725E9	59.947279455434234
3.1017387675E9	0.0
3.10174343E9	58.46928191045838
3.1017480095E9	0.0
3.101752486E9	58.543414443212214
3.1017569135E9	59.94342587742273
3.101761326E9	58.93566014938489
3.1017657265E9	0.0
3.101770102E9	0.0
3.101774441E9	0.0
3.1017787455E9	49.634733480717266
3.1017830115E9	59.93703296286462
3.1017872465E9	59.929660773092046
3.1017914715E9	59.959148936170216
3.1017956905E9	0.0
3.1017999035E9	59.92304840981541
3.1018041115E9	59.7564731490205
3.1018082655E9	0.0
3.101812367E9	59.81934711185201
3.101816459E9	0.0
3.101820484E9	57.56589812252449
3.101824445E9	0.0
3.101828395E9	0.0
3.1018323325E9	55.29134489989004
3.101836262E9	55.74824164782718
3.1018401885E9	0.0
3.10184411E9	17.890802312848304
3.1018480235E9	0.0
3.1018519235E9	0.0
3.1018558145E9	58.36991875071299
3.101859689E9	0.0
3.1018635415E9	59.94565498680193
3.101867382E9	0.0
3.1018712145E9	59.842144558609164
3.1018750435E9	0.0
3.10187887E9	59.97667033892813
3.101882693E9	0.0
3.101886508E9	0.0
3.101890313E9	0.0
3.101894113E9	45.94150997559925
3.101897881E9	0.0
3.1019016E9	0.0
3.1019052995E9	53.42896518375242
3.1019089945E9	0.0
3.1019126835E9	59.90419033329761
3.101916365E9	59.507019874806524
3.1019200355E9	0.0
3.101923674E9	52.1941230911615
3.101927286E9	58.26763488169866
3.1019308945E9	59.90770414049481
3.1019344895E9	46.479288575113706
3.101938072E9	59.96299411269975
3.101941634E9	0.0
3.1019451695E9	56.89613142554319
3.101948697E9	35.19477434679335
3.1019522085E9	59.96186359880506
3.101955703E9	59.71974626226365
3.1019591915E9	59.80637165560983
3.101962651E9	59.990640355666486
3.101966064E9	57.78873832987552
3.1019694465E9	59.9585121602289
3.101972819E9	59.99189517763069
3.101976185E9	59.922053552096614
3.101979541E9	58.91864863689726
3.1019828865E9	58.299366509537165
3.1019862165E9	59.95974718406836
3.1019895175E9	59.97141223556318
3.1019927975E9	59.94684082624544
3.1019960665E9	55.617373678876504
3.1019993255E9	59.90486836702103
3.102002581E9	57.966895398790896
3.102005831E9	59.93521937785567
3.1020090695E9	0.0
3.1020122965E9	0.0
3.1020155165E9	0.0
3.1020187305E9	59.665646576108074
3.1020219335E9	54.87449965722374
3.102025125E9	59.942438256420346
3.102028308E9	59.03692710328099
3.1020314845E9	43.84262077049661
3.102034659E9	0.0
3.1020378305E9	53.12772029753536
3.1020409985E9	59.976717112922
3.102044163E9	0.0
3.102047316E9	58.20369697520211
3.102050456E9	58.50723234987556
3.1020535825E9	59.2816216342014
3.1020566935E9	56.46063563170835
3.102059793E9	57.456682601008445
3.102062879E9	59.73106646058733
3.102065945E9	0.0
3.102068997E9	0.0
3.10207203E9	42.97268157392963
3.1020750435E9	59.70728307585085
3.102078054E9	0.0
3.102081057E9	0.0
3.102084054E9	57.522208725911824
3.102087044E9	58.987830230921766
3.102090025E9	58.99930663412469
3.102092998E9	0.0
3.102095965E9	60.0
3.1020989315E9	0.0
3.1021018915E9	59.21166406464703
3.1021048445E9	59.515500159795465
3.1021077875E9	59.94751517139577
3.1021107135E9	48.71959880495092
3.10211362E9	59.94172515530796
3.102116511E9	59.85595597755719
3.102119394E9	59.92656361736069
3.1021222725E9	59.89486834206726
3.1021251475E9	55.79229827425373
3.1021280175E9	56.754862642871466
3.1021308845E9	0.0
3.10213375E9	59.95552355133853
3.1021366145E9	59.93503857084856
3.102139476E9	59.94170096021948
3.1021423325E9	44.23738418975723
3.1021451745E9	59.936793717678604
3.1021480035E9	0.0
3.1021508295E9	59.95861543208756
3.102153651E9	59.93690588982477
3.102156467E9	21.6829689795213
3.102159278E9	0.0
3.1021620835E9	0.0
3.10216488E9	0.0
3.102167667E9	59.823440850403756
3.1021704475E9	46.373624330755504
3.102173225E9	59.91895086396128
3.1021759985E9	0.0
3.102178768E9	0.0
3.102181536E9	59.44031364066513
3.102184301E9	46.92646432897882
3.102187055E9	58.506919801277505
3.1021897985E9	57.96828304465044
3.1021925375E9	59.83154758494242
3.10219527E9	37.17347187271694
3.1021979975E9	0.0
3.10220072E9	56.60864817645774
3.102203437E9	59.9573055028463
3.1022061485E9	59.95128072636008
3.1022088545E9	59.82765585027602
3.1022115525E9	0.0
3.102214244E9	59.941364531125664
3.1022169345E9	51.77594117277355
3.102219623E9	59.9625
3.102222305E9	0.0
3.1022249775E9	58.12700656234225
3.1022276455E9	59.59839217056973
3.102230311E9	59.94890225547801
3.10223297E9	0.0
3.1022356195E9	0.0
3.1022382625E9	59.94017946161515
3.1022408995E9	59.9031484442258
3.1022435315E9	0.0
3.1022461615E9	59.941750714632434
3.102248787E9	59.90943396226415
3.1022514095E9	59.93406485263002
3.10225403E9	59.86797359471895
3.102256642E9	59.90029703175955
3.102259246E9	58.07758491974617
3.102261848E9	59.68833671748632
3.1022644475E9	0.0
3.102267045E9	59.95112237509051
3.1022696415E9	0.0
3.1022722365E9	0.7810750279955208
3.1022748265E9	0.0
3.102277412E9	25.679455445544555
3.102279996E9	59.78857085868156
3.1022825765E9	59.925731084635615
3.10228515E9	58.263888888888886
3.102287719E9	55.43196264309475
3.102290279E9	0.0
3.1022928285E9	0.0
3.1022953765E9	55.1042223024179
3.1022979235E9	17.102161100196465
3.102300469E9	54.27742044425341
3.1023030085E9	0.0
3.102305542E9	58.73412190878687
3.1023080695E9	59.861680327868854
3.1023105915E9	49.71882177865485
3.10231311E9	59.944162825579994
3.102315624E9	0.0
3.102318134E9	39.011098779134294
3.1023206395E9	12.0
3.10232314E9	59.882493743879884
3.102325624E9	0.0
3.102328092E9	0.0
3.1023305565E9	0.0
3.102333018E9	0.0
3.102335476E9	59.884393063583815
3.1023379295E9	0.0
3.102340372E9	59.50614892998935
3.1023428065E9	60.0
3.1023452395E9	57.522076790188784
3.102347669E9	0.0
3.102350093E9	50.061250986482015
3.1023525135E9	59.899615191567676
3.1023549305E9	59.972343858031806
3.1023573395E9	59.950644365231696
3.102359743E9	0.0
3.1023621455E9	59.786501909297634
3.102364545E9	58.8120185425046
3.102366941E9	0.0
3.1023693355E9	59.97067027058113
3.1023717265E9	0.0
3.1023741115E9	59.95100222717149
3.102376493E9	59.78639926435171
3.1023788735E9	0.0
3.1023812475E9	0.0
3.1023836135E9	0.0
3.102385977E9	57.36007481380047
3.1023883325E9	0.0
3.102390676E9	59.97747465899136
3.102393013E9	0.0
3.1023953465E9	55.69905956112853
3.102397678E9	57.63456071476919
3.1024000085E9	0.0
3.102402335E9	0.0
3.102404656E9	59.84404332129964
3.1024069725E9	59.91951873831396
3.1024092835E9	59.94120409121532
3.1024115905E9	42.50757381258023
3.1024138915E9	59.88384371700106
3.102416183E9	59.97904735298226
3.102418466E9	0.0
3.1024207435E9	46.90163377185052
3.102423018E9	59.86361009439415
3.1024252855E9	0.0
3.1024275435E9	0.0
3.1024297965E9	58.6489653496285
3.102432045E9	0.0
3.102434287E9	0.0
3.102436518E9	21.787435456110156
3.1024387395E9	56.15615257888734
3.1024409585E9	0.0
3.102443175E9	0.0
3.102445389E9	59.93480871504546
3.102447597E9	57.84235994788759
3.1024497985E9	59.63488843813388
3.102451997E9	60.0
3.1024541925E9	47.60256061018796
3.102456381E9	0.0
3.102458562E9	59.98112495281238
3.10246074E9	59.920753720172584
3.102462917E9	59.90202177293935
3.102465094E9	59.97198879551821
3.1024672665E9	59.93929173693086
3.1024694305E9	54.014162339998975
3.102471588E9	0.0
3.1024737375E9	0.0
3.102475881E9	59.94286923402454
3.1024780205E9	59.97116770783277
3.1024801555E9	0.0
3.102482287E9	0.0
3.1024844155E9	56.776790103227924
3.102486542E9	58.64109589041096
3.102488667E9	0.0
3.1024907905E9	59.90639625585023
3.102492907E9	48.49244775501759
3.1024950155E9	59.9400898652022
3.1024971155E9	59.7877596855699
3.102499209E9	59.96450834963826
3.1025012995E9	59.637462235649544
3.1025033865E9	0.0
3.1025054725E9	59.67503820682629
3.1025075575E9	59.84549356223176
3.1025096395E9	0.0
3.102511719E9	58.666666666666664
3.1025137965E9	59.969355565570076
3.10251587E9	59.43113940454639
3.1025179385E9	59.93222336820392
3.102520002E9	59.80163756446214
3.10252206E9	59.98595176773589
3.102524114E9	59.94239354807738
3.1025261605E9	59.95873452544704
3.1025281985E9	58.88235408825881
3.102530234E9	15.094961240310077
3.1025322685E9	59.94507462686567
3.1025343015E9	45.51090248334343
3.102536332E9	0.0
3.102538359E9	0.0
3.102540382E9	56.922326742177
3.1025424015E9	0.0
3.102544418E9	0.0
3.10254643E9	59.95737425404945
3.102548438E9	0.0
3.102550444E9	59.86577794010226
3.102552448E9	0.0
3.10255445E9	59.98638220608262
3.102556451E9	59.91653786707882
3.1025584515E9	0.0
3.1025604495E9	0.0
3.1025624435E9	0.0
3.102564432E9	0.0
3.102566415E9	0.0
3.102568394E9	24.329365938108634
3.102570368E9	59.954653422586915
3.1025723375E9	54.26037906137184
3.1025743025E9	57.41361929668211
3.102576264E9	59.937276899541054
3.1025782245E9	50.97450811431854
3.1025801845E9	50.00583474496518
3.1025821415E9	59.91035856573705
3.1025840945E9	0.0
3.102586044E9	59.844100625959605
3.1025879895E9	59.89355040701315
3.102589933E9	59.923488905891354
3.102591875E9	0.0
3.102593814E9	0.0
3.1025957495E9	54.198800654188624
3.102597681E9	59.631449631449634
3.1025996075E9	0.0
3.1026015315E9	59.81017279143344
3.102603455E9	55.04323048494542
3.102605377E9	0.0
3.1026072965E9	0.0
3.102609213E9	0.0
3.102611128E9	59.945155393053014
3.1026130425E9	58.66113370404183
3.1026149555E9	0.0
3.1026168665E9	59.928994082840234
3.102618775E9	59.97621407333994
3.1026206805E9	0.0
3.102622581E9	59.81649258468463
3.102624475E9	0.0
3.1026263655E9	0.0
3.1026282545E9	0.0
3.1026301425E9	0.0
3.102632029E9	59.933573207860505
3.102633912E9	60.0
3.102635792E9	59.94369561508275
3.10263767E9	0.0
3.1026395465E9	59.945611119504456
3.1026414225E9	59.90831080286823
3.1026432975E9	0.0
3.1026451705E9	41.476093591047814
3.102647041E9	0.0
3.1026489085E9	59.954075774971294
3.102650774E9	59.93067590987868
3.102652639E9	59.40548780487805
3.102654504E9	0.0
3.1026563675E9	0.0
3.1026582295E9	59.9275438412265
3.10266009E9	0.0
3.1026619475E9	0.0
3.1026638035E9	0.0
3.1026656585E9	59.80667316742273
3.1026675105E9	53.58188452457609
3.10266936E9	52.84754211694502
3.102671209E9	58.874937717987045
3.102673057E9	60.0
3.1026749E9	43.04891304347826
3.1026767365E9	0.0
3.102678564E9	0.0
3.102680382E9	0.0
3.102682195E9	59.838100377765784
3.1026840045E9	59.883804218066054
3.1026858125E9	59.965807095027785
3.10268762E9	0.0
3.102689427E9	59.97394608286593
3.1026912315E9	0.0
3.102693033E9	59.93562231759657
3.1026948335E9	52.84130019120459
3.102696631E9	51.4016570278649
3.1026984255E9	59.95375277001638
3.1027002185E9	0.0
3.1027020085E9	0.0
3.1027037955E9	0.0
3.1027055795E9	0.0
3.1027073615E9	46.37788754903385
3.102709143E9	50.98204857444562
3.102710924E9	59.911429776465624
3.102712704E9	59.15731067666565
3.102714482E9	0.0
3.1027162525E9	0.0
3.1027180155E9	59.61863917842994
3.102719774E9	59.95087719298245
3.102721526E9	44.40952184666117
3.102723274E9	54.563855843247026
3.1027250205E9	0.0
3.102726766E9	0.0
3.1027285105E9	53.3767021078157
3.1027302535E9	60.0
3.1027319945E9	0.0
3.1027337345E9	0.0
3.1027354725E9	0.0
3.102737208E9	60.0
3.1027389415E9	0.0
3.1027406735E9	26.896153846153847
3.1027424045E9	59.97014925373134
3.102744133E9	60.0
3.1027458575E9	0.0
3.1027475775E9	0.0
3.1027492945E9	59.91680322702634
3.1027510075E9	1.2381546134663342
3.1027527165E9	46.19448584202683
3.102754424E9	59.983117613956104
3.1027561305E9	59.87437843496467
3.102757836E9	0.0
3.1027595405E9	59.953416149068325
3.102761242E9	0.0
3.1027629405E9	59.90438939591482
3.102764638E9	60.0
3.102766335E9	59.86276954672143
3.102768031E9	60.0
3.102769726E9	0.0
3.10277142E9	59.883363788344155
3.10277311E9	59.98138091543832
3.1027747965E9	38.74815724815725
3.1027764795E9	0.0
3.102778159E9	59.86784140969163
3.102779838E9	47.77124183006536
3.1027815165E9	58.3570699857172
3.1027831925E9	30.1316737635113
3.1027848665E9	0.0
3.102786539E9	0.0
3.102788209E9	0.0
3.102789876E9	58.29501915708812
3.10279154E9	45.0
3.1027932E9	59.96694214876033
3.102794855E9	0.0
3.1027965075E9	0.0
3.1027981585E9	0.0
3.102799808E9	3.7369565217391303
3.102801457E9	0.0
3.1028031015E9	0.0
3.1028047405E9	0.0
3.1028063775E9	59.979796279148076
3.1028080115E9	59.97334517992004
3.102809643E9	59.584175570314756
3.1028112735E9	0.0
3.102812902E9	0.0
3.1028145275E9	39.857847976307994
3.102816148E9	0.0
3.1028177645E9	59.930394431554525
3.10281938E9	0.0
3.102820993E9	59.91266375545852
3.102822604E9	59.96652719665272
3.1028242125E9	0.0
3.102825818E9	0.0
3.102827423E9	0.0
3.1028290255E9	60.0
3.1028306245E9	0.0
3.1028322225E9	59.960752248569094
3.10283382E9	59.09830932999374
3.1028354165E9	0.0
3.102837012E9	0.0
3.1028386055E9	0.0
3.102840196E9	0.0
3.102841783E9	0.0
3.102843365E9	59.917355371900825
3.1028449435E9	59.156355455568054
3.102846521E9	0.0
3.102848098E9	0.0
3.102849675E9	28.0
3.1028512515E9	0.0
3.102852827E9	0.0
3.1028544015E9	59.961579509071505
3.1028559745E9	58.83227964181681
3.102857546E9	0.0
3.102859113E9	0.0
3.102860675E9	0.9916142557651991
3.102862236E9	59.245922957341044
3.1028637965E9	59.969712266532056
3.1028653565E9	59.80232193285221
3.1028669135E9	59.79120930449811
3.1028684665E9	0.0
3.1028700165E9	0.0
3.1028715635E9	0.0
3.102873107E9	44.0
3.1028746455E9	59.96718621821165
3.10287618E9	59.817629179331306
3.1028777125E9	51.738212180746565
3.1028792445E9	0.0
3.1028807755E9	0.0
3.102882304E9	51.25573394495413
3.1028838305E9	59.967724583109195
3.1028853555E9	0.0
3.102886879E9	54.290894930269914
3.102888402E9	50.81111111111111
3.1028899245E9	0.0
3.1028914465E9	59.89451476793249
3.102892967E9	58.207818581824334
3.102894483E9	0.0
3.1028959935E9	0.0
3.1028975015E9	0.0
3.102899008E9	0.0
3.102900512E9	0.0
3.1029020115E9	59.95375467958599
3.102903505E9	45.221967963386724
3.1029049955E9	58.06771109930961
3.1029064855E9	55.95288652952887
3.102907974E9	0.0
3.1029094605E9	0.0
3.102910946E9	59.92187942258704
3.1029124305E9	14.220015515903802
3.102913914E9	46.30118694362018
3.102915395E9	59.874161073825505
3.102916874E9	59.96387718242023
3.1029183515E9	59.97457165344796
3.102919827E9	43.909057772917805
3.1029213005E9	0.0
3.102922771E9	59.85134255845226
3.1029242395E9	0.0
3.102925707E9	0.0
3.102927173E9	55.851225296442685
3.1029286375E9	59.97084193901106
3.102930101E9	0.0
3.102931564E9	58.40315802877881
3.102933025E9	40.56410888647795
3.102934484E9	59.95675156174916
3.1029359425E9	41.549642218246866
3.1029374005E9	59.605077574047954
3.1029388565E9	59.937746420419174
3.102940308E9	0.0
3.102941757E9	0.0
3.1029432055E9	53.776471089522346
3.1029446525E9	0.0
3.1029460965E9	59.67984934086629
3.102947538E9	59.63122311001844
3.1029489785E9	57.05948372615039
3.102950418E9	0.0
3.102951856E9	0.0
3.1029532925E9	59.94298384542287
3.102954725E9	54.61092715231788
3.102956154E9	0.0
3.102957582E9	0.0
3.1029590085E9	0.0
3.102960434E9	60.0
3.1029618585E9	0.0
3.1029632825E9	0.0
3.102964706E9	0.0
3.102966129E9	0.0
3.102967552E9	59.845360824742265
3.1029689705E9	0.0
3.1029703845E9	0.0
3.102971798E9	0.0
3.102973211E9	14.969199178644764
3.1029746225E9	0.0
3.102976032E9	0.0
3.102977441E9	0.0
3.1029788485E9	57.0
3.102980254E9	59.89160781737559
3.102981659E9	57.59092613423322
3.1029830635E9	59.97755331088664
3.1029844675E9	40.153026568063545
3.1029858705E9	22.602960969044414
3.1029872725E9	60.0
3.1029886745E9	56.27061631944444
3.1029900765E9	59.3984962406015
3.1029914775E9	0.0
3.1029928765E9	0.0
3.1029942735E9	59.9290780141844
3.102995669E9	59.02964959568733
3.1029970635E9	57.99752329284114
3.102998457E9	59.94928148774303
3.102999849E9	60.0
3.103001239E9	60.0
3.103002628E9	59.85230769230769
3.1030040165E9	58.4379829984544
3.103005404E9	0.0
3.1030067895E9	59.81707317073171
3.103008172E9	59.93160054719562
3.103009553E9	0.0
3.103010933E9	55.09768637532134
3.103012311E9	58.783088235294116
3.1030136875E9	59.80570734669095
3.1030150635E9	59.71615720524017
3.103016439E9	0.0
3.1030178135E9	0.0
3.1030191865E9	59.79746051409105
3.103020558E9	60.0
3.1030219285E9	0.0
3.1030232985E9	58.61715749039693
3.1030246665E9	0.0
3.103026031E9	0.0
3.1030273925E9	0.0
3.1030287505E9	0.0
3.103030106E9	0.0
3.103031461E9	0.0
3.1030328145E9	52.79503105590062
3.103034163E9	58.64819522114896
3.1030355075E9	0.0
3.1030368515E9	60.0
3.1030381945E9	59.97476871320438
3.1030395365E9	59.88940092165899
3.1030408755E9	59.75840547614254
3.1030422105E9	0.0
3.1030435445E9	0.0
3.103044878E9	31.05391255129475
3.1030462105E9	4.976340694006309
3.1030475405E9	59.93502770877126
3.1030488685E9	59.64705882352941
3.1030501965E9	60.0
3.103051524E9	59.90077177508269
3.10305285E9	0.0
3.1030541735E9	0.0
3.1030554945E9	59.92409867172675
3.103056814E9	0.0
3.1030581325E9	0.0
3.103059449E9	59.94076999012833
3.1030607635E9	0.0
3.103062077E9	33.31688111168297
3.10306339E9	59.986338797814206
3.1030647025E9	56.5810502283105
3.1030660135E9	0.0
3.103067323E9	0.0
3.103068632E9	59.880159786950735
3.10306994E9	59.95617238860482
3.103071247E9	49.28393890522721
3.103072553E9	0.0
3.1030738575E9	0.0
3.103075161E9	58.25900324877307
3.1030764635E9	59.8407018353919
3.1030777655E9	59.894551845342704
3.103079067E9	59.959420616581184
3.103080368E9	0.0
3.1030816685E9	58.94078947368421
3.103082968E9	50.02053701015965
3.103084266E9	21.509933774834437
3.103085562E9	0.0
3.1030868565E9	0.0
3.10308815E9	59.91969663171983
3.103089442E9	0.0
3.103090733E9	0.0
3.103092023E9	60.0
3.1030933115E9	0.0
3.1030945995E9	29.726138032305432
3.103095887E9	0.0
3.103097174E9	0.0
3.103098461E9	0.0
3.1030997475E9	0.0
3.103101032E9	0.0
3.103102314E9	49.883967260471834
3.103103593E9	41.34478808705613
3.1031048685E9	0.0
3.1031061405E9	60.0
3.103107409E9	59.4375
3.1031086755E9	59.77667493796526
3.1031099385E9	0.0
3.103111198E9	7.409102213379756
3.1031124565E9	0.0
3.1031137145E9	0.0
3.1031149725E9	59.931904161412355
3.1031162295E9	41.55281690140845
3.103117485E9	0.0
3.1031187395E9	59.830795262267344
3.1031199935E9	0.0
3.103121247E9	0.0
3.1031224985E9	0.0
3.103123748E9	0.0
3.1031249965E9	0.0
3.1031262445E9	0.0
3.103127492E9	59.935518538420204
3.1031287365E9	60.0
3.1031299785E9	60.0
3.10313122E9	60.0
3.103132461E9	0.0
3.103133702E9	0.0
3.103134942E9	56.52411519777932
3.1031361805E9	0.0
3.103137418E9	59.9492385786802
3.1031386545E9	0.0
3.10313989E9	0.0
3.1031411245E9	0.0
3.1031423585E9	0.0
3.1031435925E9	59.87711213517665
3.103144826E9	59.970443349753694
3.1031460585E9	0.0
3.1031472905E9	56.26714801444043
3.103148522E9	0.0
3.1031497525E9	47.9542530378842
3.1031509815E9	0.0
3.103152209E9	59.8430004361099
3.103153436E9	59.7632357777047
3.1031546625E9	51.067671196017756
3.1031558875E9	0.0
3.1031571115E9	0.0
3.1031583335E9	0.0
3.1031595535E9	0.0
3.103160773E9	0.0
3.103161991E9	60.0
3.1031632075E9	59.63288537549407
3.103164423E9	0.0
3.1031656375E9	0.0
3.1031668515E9	58.42300018900813
3.1031680655E9	57.27272727272727
3.103169279E9	0.0
3.1031704915E9	60.0
3.103171702E9	57.77103666578739
3.1031729105E9	59.21142857142857
3.103174118E9	0.0
3.103175325E9	0.0
3.103176532E9	0.0
3.1031777385E9	0.0
3.1031789445E9	0.0
3.10318015E9	0.0
3.103181355E9	0.0
3.1031825595E9	59.8406374501992
3.1031837635E9	0.0
3.1031849675E9	59.95020746887967
3.103186171E9	45.70625
3.103187373E9	52.17426108374384
3.103188574E9	60.0
3.1031897745E9	59.93248945147679
3.1031909745E9	0.0
3.103192174E9	59.40217391304348
3.1031933725E9	0.0
3.10319457E9	59.824817518248175
3.1031957665E9	59.90286771507863
3.103196962E9	0.0
3.1031981565E9	59.8549556809025
3.1031993505E9	0.0
3.103200543E9	59.90896004357468
3.103201733E9	45.91434585492228
3.1032029205E9	0.0
3.1032041065E9	0.0
3.1032052915E9	23.428571428571427
3.103206475E9	60.0
3.103207658E9	0.0
3.1032088405E9	0.0
3.103210022E9	0.0
3.103211203E9	41.7940074906367
3.103212384E9	59.96635514018691
3.103213565E9	59.88063660477454
3.103214745E9	0.0
3.1032159235E9	60.0
3.1032171015E9	0.0
3.103218279E9	0.0
3.103219456E9	0.0
3.10322063E9	0.0
3.103221801E9	0.0
3.103222972E9	59.91561181434599
3.1032241425E9	0.0
3.1032253125E9	57.06178489702517
3.103226481E9	39.82255639097745
3.103227648E9	47.00680431722196
3.103228815E9	0.0
3.103229981E9	0.0
3.103231146E9	0.0
3.1032323095E9	0.0
3.103233469E9	59.968144411998935
3.1032346255E9	0.0
3.1032357815E9	47.000203832042395
3.1032369365E9	59.95782444424919
3.1032380905E9	0.9642857142857143
3.103239243E9	0.0
3.103240394E9	41.0
3.1032415445E9	59.76190476190476
3.1032426945E9	59.89817564700891
3.103243843E9	59.87536352305775
3.10324499E9	43.0
3.1032461365E9	0.0
3.1032472815E9	56.81577825159915
3.1032484255E9	5.951871657754011
3.103249569E9	59.680851063829785
3.1032507115E9	59.98451612903226
3.103251853E9	0.0
3.103252994E9	2.0
3.1032541345E9	0.0
3.1032552735E9	53.15327963176065
3.1032564095E9	59.17001338688085
3.1032575435E9	0.0
3.1032586765E9	59.9757966922146
3.103259808E9	0.0
3.103260939E9	54.431916738941894
3.1032620695E9	0.0
3.103263198E9	0.0
3.1032643245E9	59.09090909090909
3.1032654495E9	60.0
3.1032665725E9	59.817629179331306
3.1032676945E9	0.0
3.103268816E9	0.0
3.103269936E9	0.0
3.103271055E9	0.0
3.103272174E9	60.0
3.103273293E9	25.420698924731184
3.1032744115E9	53.191489361702125
3.1032755285E9	59.79142526071843
3.1032766445E9	0.9278350515463918
3.10327776E9	0.0
3.103278875E9	59.88139362490734
3.10327999E9	59.94750656167979
3.1032811045E9	60.0
3.103282218E9	59.933481152993345
3.103283331E9	0.0
3.1032844425E9	60.0
3.1032855525E9	59.97683397683398
3.103286662E9	59.968093592129755
3.1032877705E9	53.60328317373461
3.103288878E9	59.87410071942446
3.103289985E9	43.92880613362541
3.103291092E9	0.0
3.103292199E9	49.649615806805706
3.1032933055E9	0.0
3.10329441E9	51.12301166489926
3.103295513E9	30.230473751600513
3.103296616E9	59.94870542256962
3.1032977175E9	59.068268582977765
3.103298817E9	0.0
3.1032999155E9	59.95539696699375
3.103301013E9	0.0
3.1033021095E9	54.44918541505043
3.1033032055E9	60.0
3.1033043005E9	0.0
3.103305394E9	0.0
3.1033064855E9	0.0
3.1033075745E9	59.94788650839606
3.103308662E9	0.0
3.1033097485E9	0.0
3.103310834E9	0.0
3.1033119185E9	0.0
3.1033130025E9	56.91271347248577
3.1033140865E9	59.569377990430624
3.1033151705E9	59.86143187066975
3.103316254E9	0.0
3.103317337E9	0.0
3.1033184195E9	0.0
3.1033195015E9	60.0
3.103320583E9	27.17338282078473
3.103321664E9	60.0
3.103322744E9	60.0
3.1033238215E9	0.0
3.1033248965E9	60.0
3.10332597E9	22.92361111111111
3.103327043E9	0.0
3.103328115E9	59.96423248882265
3.103329185E9	8.830985915492958
3.103330253E9	46.21731050046462
3.10333132E9	0.0
3.103332387E9	7.4875
3.1033334535E9	0.0
3.103334519E9	0.9851485148514851
3.103335584E9	0.0
3.103336649E9	59.95073891625616
3.103337714E9	0.0
3.103338779E9	0.0
3.1033398435E9	58.34544032980311
3.1033409075E9	0.9954853273137697
3.1033419715E9	0.0
3.103343035E9	0.0
3.1033440975E9	0.0
3.1033451595E9	0.0
3.1033462215E9	59.96541288370082
3.103347283E9	59.95614435815441
3.1033483435E9	59.60618846694796
3.103349402E9	0.0
3.103350459E9	0.0
3.1033515155E9	36.4519427402863
3.103352571E9	60.0
3.103353626E9	60.0
3.103354681E9	57.200461104740064
3.103355736E9	0.0
3.1033567905E9	59.685670261941446
3.103357843E9	57.258880926970576
3.1033588935E9	0.0
3.1033599435E9	0.0
3.103360993E9	60.0
3.1033620415E9	45.617051013277425
3.103363089E9	0.0
3.1033641355E9	0.0
3.1033651815E9	0.0
3.1033662275E9	54.439655172413794
3.103367273E9	0.0
3.103368318E9	0.0
3.103369363E9	59.900299102691925
3.1033704075E9	0.0
3.1033714505E9	0.0
3.103372492E9	0.0
3.103373532E9	0.0
3.103374571E9	59.880319148936174
3.1033756095E9	0.0
3.1033766465E9	0.0
3.1033776825E9	0.0
3.103378718E9	17.93103448275862
3.103379753E9	0.0
3.103380787E9	0.0
3.1033818195E9	45.78442211055276
3.103382851E9	0.0
3.103383882E9	0.0
3.103384913E9	0.0
3.103385942E9	0.0
3.103386969E9	0.0
3.1033879955E9	0.0
3.1033890215E9	0.0
3.1033900465E9	0.0
3.1033910705E9	0.0
3.1033920935E9	54.8816914080072
3.1033931155E9	59.9766081871345
3.103394137E9	47.52409448818898
3.1033951575E9	0.0
3.103396177E9	0.0
3.1033971955E9	0.0
3.1033982135E9	0.0
3.1033992315E9	60.0
3.1034002485E9	0.0
3.1034012615E9	59.9234368353892
3.1034022715E9	59.943996855963846
3.103403281E9	39.63470319634703
3.1034042895E9	0.0
3.103405297E9	0.0
3.1034063035E9	0.0
3.103407309E9	0.0
3.103408314E9	0.0
3.1034093185E9	0.0
3.1034103225E9	0.0
3.103411326E9	0.0
3.103412329E9	0.0
3.103413332E9	59.939350180505414
3.103414335E9	7.186951066499373
3.1034153375E9	59.8638769851273
3.1034163395E9	0.0
3.1034173405E9	0.0
3.1034183405E9	3.0
3.1034230195E9	59.922162468157374
3.1034311645E9	59.26395403559035
3.1034385535E9	59.58592789434022
3.103444272E9	39.29920379941333
3.103448588E9	59.93787135425655
3.103452529E9	0.0
3.1034563265E9	58.64672900512784
3.103460075E9	58.72125419086745
3.1034637975E9	59.883940620782724
3.103467461E9	58.25260188553188
3.103471038E9	59.59641270448394
3.1034745565E9	53.811997463019416
3.10347799E9	54.25235958358295
3.1034813295E9	57.98324115505406
3.103484605E9	57.52984651253157
3.1034878305E9	54.60130343109066
3.1034910465E9	52.28241642731369
3.1034942485E9	59.15549233274285
3.1034973905E9	58.87110187110187
3.10350048E9	59.77396563860573
3.1035035475E9	59.90694905244559
3.103506574E9	59.39819867549669
3.1035095785E9	56.27882424267765
3.10351256E9	51.806031933767
3.1035155065E9	47.5637992673346
3.10351844E9	41.02199957591179
3.10352132E9	28.599559528436327
3.1035241305E9	58.111407992565056
3.103526902E9	59.975124378109456
3.103529649E9	40.21844241402298
3.103532388E9	36.414051786722595
3.1035351035E9	56.393516167259186
3.103537785E9	14.83600157147768
3.1035404345E9	56.333362738179254
3.1035429975E9	59.88476312419974
3.103545488E9	18.501881886483456
3.1035479665E9	58.6247038382562
3.1035504075E9	57.76837212931126
3.103552812E9	0.0
3.1035551875E9	57.00854700854701
3.103557535E9	58.058231671439216
3.1035598595E9	17.661830357142858
3.1035621585E9	43.678584217049995
3.103564445E9	50.517124781849915
3.103566722E9	30.131394443001817
3.103568983E9	0.0
3.103571211E9	54.431977261301675
3.1035734005E9	0.9985486211901307
3.103575568E9	59.94817160955946
3.103577725E9	46.62020202020202
3.103579877E9	0.0
3.103582016E9	0.9920318725099602
3.1035841385E9	46.34916618746406
3.103586253E9	0.9876325088339223
3.1035883585E9	44.6735731448271
3.1035904405E9	59.69792287392526
3.1035925065E9	47.584034212401995
3.103594569E9	60.0
3.103596622E9	40.87941045109424
3.1035986655E9	59.24577739281074
3.1036007005E9	18.142613333333333
3.1036027275E9	41.64182509505704
3.10360474E9	0.0
3.1036067365E9	0.9975278121137207
3.103608723E9	0.0
3.103610703E9	0.0
3.103612671E9	59.96926229508197
3.103614626E9	57.18706406424008
3.1036165745E9	1.0
3.1036185145E9	55.36532977148839
3.1036204485E9	59.698492462311556
3.1036223555E9	0.0
3.1036242355E9	47.725767131273514
3.1036261095E9	60.0
3.103627955E9	5.980676328502415
3.103629772E9	1.0
3.103631583E9	0.9949748743718593
3.1036333895E9	0.0
3.10363519E9	59.42739166743992
3.103636984E9	0.0
3.10363877E9	0.0
3.1036405435E9	59.54040855629685
3.1036423085E9	0.0
3.103644062E9	0.9287925696594427
3.103645804E9	54.663316582914575
3.103647529E9	0.0
3.1036492365E9	59.937629937629936
3.10365094E9	18.082348145128414
3.103652635E9	50.10624803767661
3.1036543025E9	0.0
3.103655946E9	58.69026004000615
3.103657586E9	0.0
3.1036592235E9	59.81632612259587
3.1036608575E9	0.957471264367816
3.103662488E9	29.264390631202858
3.103664114E9	58.06807584706248
3.1036657365E9	57.63199978093595
3.1036673585E9	27.0
3.103668979E9	0.0
3.1036705915E9	0.0
3.103672191E9	0.0
3.1036737835E9	54.73114408094854
3.1036753585E9	0.0
3.10367691E9	57.932090147586756
3.1036784535E9	56.306328168751165
3.1036799945E9	56.42629952744456
3.103681529E9	55.420649233543735
3.1036830525E9	56.28520732162869
3.103684569E9	15.752314814814815
3.103686083E9	5.0
3.103687593E9	0.0
3.1036890985E9	59.95313720385316
3.1036906E9	24.82013161101633
3.103692097E9	52.0
3.103693592E9	0.0
3.1036950855E9	60.0
3.1036965775E9	58.18586368200632
3.103698068E9	0.9967105263157895
3.103699555E9	32.57921548650025
3.103701039E9	59.97454391175223
3.103702517E9	0.0
3.1037039885E9	0.0
3.103705455E9	59.11410195620722
3.1037069165E9	43.00743667208924
3.1037083755E9	0.0
3.1037098325E9	1.976878612716763
3.103711287E9	17.872340425531913
3.103712735E9	59.86813186813187
3.103714177E9	0.0
3.1037156105E9	0.0
3.103717036E9	60.0
3.1037184575E9	0.0
3.103719873E9	0.0
3.103721286E9	0.0
3.1037226985E9	49.05742935278031
3.103724108E9	0.0
3.1037255145E9	58.25582743824655
3.1037269155E9	0.0
3.1037283085E9	0.0
3.1037296945E9	44.74648406313333
3.1037310735E9	0.0
3.103732449E9	0.0
3.103733822E9	52.527347531461764
3.103735191E9	0.0
3.1037365565E9	58.12572944297082
3.1037379165E9	4.842952493129172
3.103739272E9	0.9969650986342944
3.1037406255E9	59.65969387755102
3.1037419765E9	0.0
3.1037433245E9	0.0
3.10374467E9	31.387173396674584
3.1037460125E9	0.0
3.1037473475E9	0.0
3.103748677E9	0.0
3.1037500035E9	41.91300675675676
3.1037513235E9	59.88454137267479
3.103752635E9	0.0
3.1037539405E9	59.67391304347826
3.1037552445E9	59.680851063829785
3.103756548E9	0.0
3.10375785E9	0.0
3.1037591505E9	58.974894790306195
3.103760449E9	59.817567567567565
3.1037617455E9	0.0
3.1037630385E9	56.239180916191685
3.1037643255E9	0.0
3.1037656085E9	0.0
3.10376689E9	0.0
3.1037681705E9	0.0
3.10376945E9	0.0
3.1037707255E9	36.60682492581602
3.103771995E9	16.99852616064849
3.103773262E9	0.0
3.1037745285E9	0.0
3.1037757935E9	0.0
3.1037770575E9	0.0
3.1037783215E9	0.0
3.103779585E9	0.0
3.103780841E9	52.63279445727483
3.1037820855E9	59.87987987987988
3.103783325E9	45.93911486313635
3.103784562E9	54.76889244302279
3.103785797E9	57.73242258103386
3.103787031E9	0.0
3.1037882635E9	54.562653562653566
3.1037894945E9	59.75443383356071
3.1037907225E9	34.80348652931854
3.103791947E9	0.0
3.1037931655E9	0.0
3.103794379E9	6.52549889135255
3.103795591E9	41.863695937090434
3.103796801E9	0.0
3.1037980065E9	0.0
3.103799207E9	55.56421830118999
3.103800405E9	7.0
3.1038016E9	0.0
3.103802792E9	0.0
3.103803981E9	0.0
3.1038051675E9	20.95352069178505
3.1038063525E9	18.0
3.1038075365E9	0.0
3.1038087195E9	0.0
3.1038099E9	35.192242833052276
3.103811076E9	0.0
3.103812247E9	0.0
3.103813415E9	15.509789875835722
3.1038145815E9	1.5736607142857142
3.103815747E9	0.0
3.1038169115E9	0.0
3.103818075E9	0.0
3.1038192355E9	59.0807447973713
3.1038203935E9	3.9482439926062844
3.103821551E9	0.0
3.103822708E9	17.456909003370246
3.103823865E9	31.48771047029224
3.103825021E9	0.0
3.1038261755E9	0.0
3.103827327E9	0.0
3.1038284755E9	0.0
3.1038296235E9	8.093023255813954
3.1038307705E9	44.0
3.1038319155E9	0.0
3.1038330575E9	45.943883277216614
3.1038341955E9	43.85806451612903
3.1038353305E9	0.0
3.103836464E9	40.36610263012691
3.103837595E9	46.3848295059151
3.103838723E9	0.0
3.10383985E9	0.0
3.1038409725E9	48.142831303508984
3.1038420865E9	53.33654463712267
3.1038431935E9	42.898595943837755
3.1038442975E9	57.90636862083509
3.1038454E9	59.14915218200181
3.1038464995E9	0.0
3.1038475965E9	57.66990291262136
3.1038486915E9	0.0
3.103849784E9	13.79607467687889
3.103850874E9	0.0
3.1038519615E9	59.94310639104874
3.103853047E9	0.0
3.1038541315E9	60.0
3.103855215E9	53.729088639200995
3.103856298E9	57.2020725388601
3.103857379E9	0.0
3.1038584565E9	0.0
3.103859529E9	38.889830508474574
3.1038605975E9	0.0
3.103861665E9	0.0
3.103862732E9	60.0
3.103863799E9	60.0
3.103864864E9	0.0
3.1038659265E9	0.0
3.103866987E9	14.234248788368337
3.1038680455E9	35.48390410958904
3.1038691035E9	60.0
3.10387016E9	0.0
3.1038712145E9	0.0
3.1038722685E9	0.0
3.103873322E9	0.0
3.103874375E9	0.0
3.1038754275E9	50.61122881355932
3.103876479E9	0.0
3.103877529E9	33.36437847866419
3.103878577E9	0.0
3.1038796225E9	0.0
3.103880666E9	0.0
3.103881709E9	49.821892393320965
3.1038827515E9	0.0
3.1038837935E9	0.0
3.103884835E9	0.0
3.1038858755E9	59.84084880636605
3.103886915E9	0.0
3.1038879535E9	59.76833976833977
3.103888991E9	15.497175141242938
3.103890028E9	43.0
3.103891064E9	41.159977064220186
3.103892095E9	21.0
3.103893119E9	0.0
3.10389414E9	58.01912433415617
3.10389516E9	37.90958524362939
3.103896179E9	57.476543209876546
3.1038971965E9	0.0
3.1038982115E9	0.0
3.103899225E9	0.0
3.103900236E9	0.0
3.1039012445E9	0.0
3.103902252E9	0.0
3.1039032575E9	0.0
3.1039042615E9	57.3418043202033
3.103905265E9	53.545803585594165
3.103906267E9	27.89459815546772
3.1039072675E9	0.0
3.1039082675E9	30.141557128412536
3.1039092675E9	0.0
3.103918732E9	58.70748489663042
3.103932571E9	0.0
3.103941472E9	58.06347217511093
3.1039494115E9	59.94674926910761
3.1039572085E9	0.0
3.103963938E9	58.58032378580324
3.1039695055E9	59.660377358490564
3.103974766E9	0.0
3.1039797995E9	59.87532976910326
3.103984567E9	59.91487225381165
3.1039891115E9	0.0
3.1039934845E9	0.0
3.103997683E9	59.912621965173614
3.104001684E9	59.94478657889148
3.104005458E9	46.77145177096458
3.104009178E9	0.0
3.1040128475E9	59.97936726272352
3.104016433E9	59.96282143963648
3.104019926E9	59.758551307847085
3.104023359E9	0.0
3.104026758E9	0.0
3.1040301305E9	0.0
3.104033452E9	59.96753143402833
3.104036731E9	18.537144604096607
3.1040399985E9	0.0
3.104043259E9	59.42570033121877
3.1040464995E9	0.0
3.104049674E9	59.94570764653506
3.1040527925E9	0.0
3.1040558995E9	0.0
3.104058987E9	0.0
3.104062054E9	59.73870505886096
3.104065115E9	0.0
3.1040681395E9	59.938681655595296
3.1040711275E9	58.80601335881474
3.1040740845E9	0.0
3.1040770095E9	51.762694512694516
3.104079908E9	59.896030245746694
3.104082775E9	59.919993797968836
3.1040856295E9	59.92513646997661
3.104088461E9	54.16395643315498
3.10409126E9	59.89092424807494
3.1040940205E9	0.0
3.1040967325E9	0.0
3.1040994055E9	59.90976157245123
3.104102056E9	0.0
3.1041046865E9	0.0
3.104107298E9	59.927329905231396
3.104109892E9	52.54643447433349
3.1041124505E9	59.847588209021886
3.1041149735E9	0.0
3.1041174795E9	0.0
3.10411997E9	0.0
3.1041224495E9	17.0
3.104124925E9	0.0
3.104127395E9	59.248202308044824
3.1041298495E9	45.5136849737176
3.1041322855E9	59.77828108236977
3.104134709E9	59.94208494208494
3.1041371215E9	59.5514950166113
3.104139523E9	33.38889132985214
3.1041418965E9	56.73352401941247
3.104144241E9	8.146613455246605
3.1041465705E9	52.08694578238854
3.104148885E9	57.20491090830074
3.1041511915E9	0.0
3.1041534905E9	59.933670246367654
3.104155772E9	0.0
3.10415804E9	59.827900912646676
3.1041603025E9	59.89171452009844
3.1041625525E9	59.75268138801262
3.1041647915E9	55.576292801122236
3.1041670245E9	58.2114722368851
3.104169246E9	60.0
3.104171456E9	28.87020558453513
3.104173654E9	9.27632199914897
3.104175845E9	59.8228978341881
3.1041780355E9	0.0
3.1041802225E9	59.91145064675753
3.1041823975E9	46.34073986426525
3.104184563E9	46.72157524215459
3.1041867265E9	59.94120721191534
3.1041888805E9	0.0
3.1041910115E9	60.0
3.1041931255E9	0.0
3.1041952355E9	0.0
3.1041973425E9	28.546733049325052
3.1041994485E9	59.883700440528635
3.1042015545E9	46.26433699207273
3.104203656E9	59.56389214536929
3.104205745E9	59.97164684571158
3.1042078145E9	59.817156426239244
3.104209871E9	59.947512823571515
3.1042119255E9	60.0
3.104213971E9	59.944564213119804
3.1042160055E9	0.0
3.1042180375E9	50.387240551731416
3.1042200635E9	60.0
3.1042220825E9	60.0
3.1042240985E9	59.98250218722659
3.104226106E9	0.0
3.104228107E9	57.89184333453108
3.104230103E9	0.0
3.1042320935E9	59.96370235934664
3.10423408E9	5.170953101361573
3.104236062E9	59.85589294904786
3.104238043E9	59.90818030050084
3.104240023E9	0.0
3.104241994E9	59.80143408714837
3.1042439415E9	0.0
3.104245872E9	0.0
3.104247777E9	59.88977342314758
3.1042496545E9	59.7857397928818
3.104251516E9	0.0
3.104253365E9	58.72174552586418
3.104255206E9	59.76626240352812
3.1042570385E9	51.09712837837838
3.1042588675E9	54.86024225263489
3.1042606875E9	54.105183407687804
3.1042625015E9	59.82848975702716
3.104264304E9	55.441628444206366
3.104266094E9	0.0
3.1042678815E9	0.0
3.1042696635E9	0.0
3.1042714405E9	29.0
3.1042732095E9	46.7424861394806
3.1042749695E9	0.0
3.104276727E9	0.0
3.1042784825E9	0.0
3.1042802355E9	59.92261952316279
3.104281987E9	48.66329676331725
3.104283737E9	0.0
3.1042854805E9	0.0
3.104287214E9	32.997151205529825
3.1042889415E9	55.101256098029424
3.1042906625E9	59.96990721390956
3.1042923765E9	59.9571313744753
3.104294088E9	37.64051478280809
3.104295795E9	59.90796460176991
3.1042974975E9	59.951586874663796
3.104299198E9	0.0
3.1043008905E9	50.72257258819857
3.1043025755E9	29.495887691435055
3.1043042575E9	59.968831168831166
3.1043059365E9	59.94011976047904
3.1043076145E9	0.0
3.104309292E9	59.59717012487536
3.1043109685E9	59.935111751982696
3.1043126425E9	34.34739298252438
3.104314313E9	0.0
3.1043159815E9	0.0
3.104317647E9	0.0
3.1043193085E9	0.0
3.1043209685E9	59.952614120991946
3.1043226275E9	59.957978288782535
3.1043242845E9	0.0
3.1043259405E9	0.0
3.1043275945E9	0.0
3.104329244E9	0.0
3.10433089E9	0.0
3.104332533E9	0.0
3.1043341725E9	0.0
3.104335808E9	0.0
3.1043374375E9	0.0
3.1043390575E9	0.0
3.1043406705E9	0.0
3.104342279E9	0.0
3.104343883E9	44.555689968029036
3.104345484E9	0.0
3.104347078E9	0.0
3.1043486665E9	59.98456393105223
3.104350253E9	0.0
3.1043518375E9	59.95432921027593
3.1043534215E9	54.52508286100073
3.1043550035E9	0.0
3.1043565795E9	0.0
3.1043581505E9	55.14097290382346
3.10435972E9	59.90981512099805
3.1043612885E9	54.61980741929511
3.104362856E9	59.79202772963605
3.104364422E9	47.70654261448508
3.104365984E9	0.0
3.104367543E9	58.6144964720975
3.1043691005E9	0.0
3.1043706555E9	0.0
3.104372207E9	0.0
3.1043737525E9	57.993920972644375
3.104375294E9	60.0
3.1043768335E9	0.9518599562363238
3.104378371E9	45.62016914082571
3.104379907E9	0.0
3.1043814395E9	55.35151515151515
3.1043829685E9	0.0
3.1043844935E9	59.98298837538985
3.1043860115E9	0.0
3.104387523E9	59.374965113033774
3.104389031E9	9.595238095238095
3.1043905345E9	59.872
3.104392034E9	0.0
3.104393533E9	17.934624697336563
3.104395031E9	59.733108567388996
3.1043965275E9	0.0
3.1043980195E9	59.793763115514125
3.1043995065E9	0.0
3.104400992E9	7.942652329749104
3.104402475E9	0.0
3.104403955E9	59.946587537091986
3.1044054305E9	59.872430900070874
3.1044069025E9	50.49128756870542
3.1044083735E9	59.97798972853999
3.1044098415E9	59.9812030075188
3.104411307E9	0.0
3.10441277E9	0.9929577464788732
3.1044142295E9	60.0
3.104415687E9	19.470087548638134
3.1044171395E9	49.25145945945946
3.104418587E9	0.0
3.1044200325E9	45.997054825555054
3.104421476E9	39.14171199541941
3.104422919E9	0.0
3.1044243595E9	0.0
3.1044257945E9	38.525690646564826
3.1044272255E9	0.0
3.1044286555E9	0.0
3.104430085E9	0.0
3.104431514E9	0.0
3.104432943E9	59.93823387485926
3.1044343705E9	60.0
3.1044357965E9	0.0
3.1044372195E9	59.735329501403555
3.1044386375E9	59.04867256637168
3.1044400535E9	0.0
3.104441469E9	57.25091078210991
3.104442884E9	43.1541790466348
3.1044442985E9	0.0
3.104445712E9	0.0
3.1044471235E9	0.0
3.104448531E9	59.94174757281554
3.1044499345E9	59.80329505741388
3.1044513345E9	0.0
3.104452732E9	0.0
3.104454128E9	59.812540400775696
3.1044555215E9	0.0
3.1044569115E9	38.150426921145154
3.1044582985E9	0.0
3.1044596825E9	0.0
3.104461064E9	59.96261682242991
3.104462444E9	0.0
3.1044638215E9	51.141094661283084
3.1044651965E9	45.37324747163996
3.1044665705E9	59.91867163673331
3.104467944E9	0.0
3.104469317E9	60.0
3.1044706895E9	59.84700973574409
3.1044720605E9	0.0
3.104473429E9	33.54884203996466
3.104474795E9	59.824175824175825
3.1044761595E9	60.0
3.104477522E9	59.65714285714286
3.104478883E9	0.0
3.104480241E9	0.0
3.104481596E9	0.0
3.1044829505E9	0.0
3.104484304E9	33.19855471438403
3.104485655E9	4.5905172413793105
3.104487002E9	0.0
3.1044883465E9	59.87158908507223
3.10448969E9	0.0
3.1044910305E9	0.0
3.1044923685E9	0.0
3.1044937065E9	0.0
3.1044950435E9	0.0
3.104496378E9	42.6422894825837
3.104497711E9	0.0
3.1044990435E9	0.0
3.1045003715E9	44.60235956562542
3.104501695E9	0.0
3.104503018E9	0.0
3.1045043395E9	0.0
3.1045056595E9	0.0
3.104506978E9	0.0
3.1045082945E9	0.0
3.1045096045E9	52.16331991063426
3.1045109085E9	0.0
3.104512212E9	59.85154639175258
3.1045135145E9	0.0
3.104514816E9	0.0
3.1045161165E9	59.977077363896846
3.1045174155E9	42.87674787372063
3.104518713E9	0.0
3.104520009E9	0.0
3.1045212985E9	0.0
3.104522582E9	47.59711050771043
3.104523865E9	0.9351081530782029
3.104525146E9	59.98372219207813
3.1045264245E9	0.0
3.104527699E9	57.817471736896195
3.10452897E9	0.0
3.1045302395E9	0.0
3.1045315055E9	59.62879029684009
3.104532769E9	60.0
3.1045340315E9	59.975579975579976
3.104535293E9	39.95542635658915
3.1045365535E9	60.0
3.104537813E9	16.91247264770241
3.104539072E9	0.0
3.1045403305E9	59.88937093275488
3.1045415875E9	60.0
3.104542842E9	0.0
3.1045440925E9	0.0
3.1045453405E9	0.0
3.1045465875E9	0.0
3.1045478335E9	0.0
3.1045490785E9	0.0
3.1045503195E9	59.893182998293895
3.1045515575E9	0.0
3.1045527945E9	0.0
3.1045540295E9	0.0
3.1045552635E9	0.0
3.104556496E9	0.0
3.104557727E9	0.0
3.1045589575E9	59.89667829791091
3.1045601875E9	59.40298507462686
3.1045614165E9	3.0
3.104562644E9	60.0
3.1045638685E9	0.0
3.1045650905E9	0.0
3.104566312E9	59.7609561752988
3.104567533E9	59.91617770326907
3.1045687535E9	0.9585547290116897
3.1045699725E9	29.279983626688498
3.1045711905E9	47.919642857142854
3.1045724075E9	60.0
3.1045736235E9	0.0
3.1045748375E9	59.88088044885628
3.1045760485E9	0.0
3.104577258E9	0.0
3.1045784665E9	59.816631815988416
3.1045796745E9	0.0
3.1045808815E9	0.0
3.104582087E9	0.0
3.104583292E9	0.0
3.1045844955E9	0.0
3.1045856965E9	0.0
3.104586896E9	0.0
3.1045880945E9	59.87398609501738
3.1045892925E9	59.489732420659614
3.1045904905E9	26.580309734513275
3.104591687E9	59.06666666666667
3.1045928815E9	0.0
3.104594074E9	14.879032258064516
3.104595264E9	59.08200734394125
3.1045964525E9	59.95103182931095
3.1045976365E9	0.0
3.1045988165E9	60.0
3.104599996E9	0.0
3.1046011715E9	47.79191808374474
3.1046023415E9	0.0
3.1046035085E9	5.5011372251705835
3.10460467E9	0.0
3.1046058265E9	59.592233009708735
3.1046069825E9	59.91607739529101
3.104608138E9	59.90809879379667
3.1046092925E9	59.94671403197158
3.1046104465E9	59.57839960726559
3.104611598E9	59.8488120950324
3.104612744E9	0.0
3.104613887E9	59.967123287671235
3.1046150285E9	0.0
3.104616167E9	54.82394366197183
3.104617303E9	0.0
3.104618438E9	42.76157046281851
3.104619573E9	0.0
3.104620704E9	57.161730545876885
3.104621831E9	58.63177138458578
3.1046229575E9	57.08887934735938
3.104624082E9	40.66171261358386
3.104625205E9	0.0
3.104626328E9	0.0
3.1046274505E9	58.25698324022346
3.1046285725E9	59.93419740777667
3.104629694E9	59.55515786782564
3.104630815E9	0.0
3.104631935E9	0.0
3.104633054E9	0.0
3.104634173E9	0.0
3.1046352915E9	23.326337169939066
3.104636408E9	0.0
3.1046375185E9	0.0
3.1046386245E9	59.94348762109796
3.1046397295E9	0.0
3.1046408325E9	0.0
3.104641934E9	59.829363668681125
3.1046430335E9	10.642790262172285
3.1046441315E9	0.0
3.1046452285E9	1.7233333333333334
3.1046463245E9	59.88258317025441
3.10464742E9	0.0
3.104648514E9	59.81057616416732
3.1046496055E9	0.0
3.104650695E9	0.0
3.104651783E9	55.88811188811189
3.10465287E9	10.97940074906367
3.104653956E9	59.88288874430709
3.104655041E9	59.930992736077485
3.104656126E9	0.0
3.10465721E9	0.0
3.1046582915E9	59.927501208313195
3.1046593715E9	0.0
3.104660451E9	54.56483126110124
3.10466153E9	0.0
3.104662609E9	57.30582524271845
3.104663686E9	47.754161507772736
3.1046647605E9	0.0
3.104665834E9	0.0
3.1046669055E9	0.0
3.1046679745E9	37.252808988764045
3.104669042E9	0.0
3.1046701085E9	0.0
3.1046711745E9	0.0
3.1046722405E9	41.07505428115328
3.104673305E9	0.0
3.104674368E9	50.35117056856188
3.104675431E9	22.685080300492714
3.1046764935E9	0.0
3.1046775535E9	0.0
3.1046786105E9	59.91596638655462
3.1046796645E9	59.72179289026275
3.104680716E9	0.0
3.104681767E9	0.0
3.1046828175E9	0.0
3.1046838665E9	48.87482014388489
3.1046849135E9	0.0
3.1046859595E9	0.0
3.104687005E9	0.0
3.104688049E9	0.0
3.1046890895E9	18.15655306178997
3.1046901265E9	59.97863247863248
3.104691162E9	37.73694646397885
3.104692197E9	59.9081889530579
3.104693232E9	59.9642644431209
3.104694266E9	59.73167588872887
3.1046952985E9	0.0
3.10469633E9	9.775670372792675
3.1046973585E9	41.47322970639033
3.1046983845E9	59.86950217496375
3.1046994105E9	0.0
3.104700435E9	58.30481952847903
3.1047014575E9	59.58342099726489
3.1047024785E9	59.4
3.1047034985E9	0.0
3.1047045185E9	60.0
3.104705538E9	60.0
3.1047065565E9	29.695986805937327
3.1047075745E9	0.0
3.104708592E9	0.0
3.104709608E9	59.92986557568673
3.104710623E9	0.0
3.104711638E9	0.0
3.1047126525E9	0.0
3.1047136665E9	0.0
3.10471468E9	0.0
3.104715693E9	39.99907876554583
3.104716706E9	59.83561643835616
3.1047177185E9	0.0
3.10471873E9	0.0
3.104719741E9	0.0
3.104720751E9	45.611223868479804
3.1047217595E9	8.966789667896679
3.1047227675E9	1.973474801061008
3.104723775E9	0.0
3.104724782E9	60.0
3.104725789E9	48.30626185958254
3.1047267955E9	0.0
3.104727801E9	25.64485981308411
3.104728805E9	0.973621103117506
3.104729807E9	59.89174017642342
3.1047308075E9	0.0
3.104740963E9	0.0
3.104756475E9	51.352370207249194
3.104767963E9	59.110398135445706
3.104778484E9	59.964198103825495
3.1047881575E9	52.02325841440233
3.1047976135E9	54.18886919489435
3.1048068795E9	36.138423645320195
3.1048160235E9	59.9154601992146
3.104824959E9	52.59819077300122
3.1048336895E9	49.4695522252909
3.1048423175E9	44.921295702373314
3.1048506295E9	56.33854672888149
3.104858538E9	59.79661016949152
3.10486621E9	33.293493989921394
3.104873738E9	0.0
3.104881204E9	53.39761835492729
3.1048886055E9	58.29616672339146
3.104895888E9	57.85483012109016
3.1049030315E9	56.261273159112044
3.1049100215E9	59.4177562704708
3.104916928E9	47.77206038698703
3.1049238165E9	54.08623703672285
3.104930685E9	49.74375842117777
3.1049375335E9	55.071254935859194
3.1049443175E9	7.422568578553616
3.1049510255E9	59.926695581187424
3.104957646E9	59.94398526190002
3.1049641205E9	0.9944723895859819
3.104970491E9	15.460339549123296
3.104976811E9	59.94488655816556
3.1049830915E9	54.032006774937535
3.104989311E9	51.61454868327082
3.104995483E9	54.73042906220306
3.1050016285E9	57.61918549695034
3.105007741E9	54.499534274486976
3.105013843E9	47.305235956438814
3.105019839E9	58.121841841656156
3.1050257E9	40.76127694452423
3.105031511E9	53.537730951473556
3.1050372955E9	1.4941431243232601
3.105043063E9	59.950273495773246
3.1050488005E9	59.910642206942626
3.1050545125E9	58.94350300687285
3.1050601615E9	54.525811342279866
3.1050657395E9	59.72907102469114
3.1050713015E9	41.86382042080907
3.1050767895E9	27.83369295444355
3.105082186E9	40.070087759262584
3.1050875235E9	59.91473886745118
3.105092801E9	58.55843287367984
3.105098007E9	54.12076567794947
3.1051031505E9	58.47276330308285
3.1051082045E9	55.76515740884809
3.105113172E9	53.951840865468505
3.105118124E9	53.10471404705463
3.105123046E9	55.64898163123085
3.105127928E9	0.9920382165605095
3.105132784E9	58.35860051030343
3.1051375455E9	56.76499534053537
3.105142205E9	59.55440541527624
3.1051468215E9	52.917474478853904
3.105151389E9	56.208572959457044
3.1051559265E9	50.60834472490444
3.105160444E9	59.094522802948106
3.105164943E9	57.622923958289405
3.1051694125E9	12.448145344436034
3.1051738415E9	44.534876304159646
3.105178253E9	48.91942500472858
3.1051826085E9	33.60055746140652
3.1051869095E9	53.96081786581847
3.105191198E9	58.44615384615385
3.105195423E9	0.0
3.105199594E9	56.389798056060016
3.1052037465E9	5.922077922077922
3.105207865E9	55.63756459520339
3.10521196E9	0.9686411149825784
3.105216012E9	58.21726395831867
3.1052200195E9	1.4631873252562908
3.105224006E9	51.8646114038263
3.1052278585E9	54.13608419509812
3.105231579E9	53.79759194834572
3.1052352765E9	59.88793465039218
3.1052389575E9	47.10719951650676
3.105242632E9	54.70661049481115
3.1052463045E9	44.01119648737651
3.105249957E9	59.90667272536614
3.10525359E9	58.649294502098336
3.105257213E9	21.076846750759305
3.105260822E9	10.323782867070195
3.1052644205E9	54.50105250232428
3.1052680095E9	47.657091922565094
3.1052715945E9	14.835577604535791
3.105275175E9	57.62624666732497
3.105278732E9	59.88326848249027
3.1052822555E9	47.80299145607788
3.105285765E9	59.94562402900052
3.1052892635E9	57.805177963279924
3.105292744E9	3.4393355087511126
3.105296203E9	60.0
3.105299639E9	59.94194255472507
3.10530305E9	55.7817688242905
3.105306431E9	59.26750497286167
3.105309783E9	55.4207661067303
3.1053131135E9	59.75074237675723
3.105316433E9	52.30659085756143
3.105319747E9	56.509442706523
3.105323045E9	0.0
3.1053263115E9	0.0
3.10532956E9	0.0
3.105332802E9	55.290187541862025
3.105336038E9	35.39364128885087
3.1053392555E9	58.7908634041852
3.105342453E9	59.92549811945715
3.105345638E9	26.819956442366205
3.1053488045E9	59.736884479907985
3.105351955E9	47.26529025435809
3.105355096E9	59.172844175491676
3.1053582345E9	58.11302760200494
3.1053613715E9	0.0
3.1053645055E9	0.0
3.1053676375E9	45.76728869374314
3.105370751E9	0.9927331449333872
3.1053738455E9	57.67530340799505
3.105376939E9	56.073498989997326
3.105380015E9	12.95984555984556
3.105383037E9	57.622078094563484
3.105386017E9	41.30241068835318
3.105388988E9	53.76362841912086
3.105391952E9	49.65263157894737
3.10539491E9	56.16102422708371
3.105397855E9	57.77039067055394
3.105400789E9	14.545319113598502
3.10540371E9	0.0
3.1054066165E9	54.87671908858804
3.1054095145E9	57.23122301333049
3.1054124035E9	35.30912615382056
3.105415289E9	15.815500835330864
3.1054181705E9	0.0
3.105421047E9	49.92237404644145
3.105423915E9	59.94140120070089
3.1054267735E9	44.75592406907486
3.1054296205E9	51.26506857933811
3.10543244E9	53.81071439188988
3.105435239E9	47.72504646074949
3.1054380315E9	0.9823576583801122
3.105440812E9	57.13501469612212
3.105443576E9	59.94227489395198
3.1054463305E9	59.75903614457831
3.105449079E9	59.66939647017487
3.105451813E9	47.132870905587666
3.1054545365E9	55.097239399630496
3.1054572385E9	6.953947368421052
3.105459914E9	59.79746835443038
3.10546258E9	32.54135944099703
3.1054652375E9	30.764690142352563
3.105467887E9	59.67053859209317
3.105470528E9	58.136451821513255
3.105473162E9	12.681444404719342
3.105475793E9	44.83952015994669
3.1054784135E9	36.204092084709735
3.105481019E9	54.49200010305825
3.1054836015E9	55.855201450965154
3.1054861625E9	45.19593998234775
3.105488716E9	54.71730159679445
3.105491267E9	27.865071015923515
3.1054938115E9	14.205733558178752
3.1054963495E9	59.818852733981885
3.105498881E9	0.0
3.1055013925E9	15.665846658466585
3.1055038895E9	0.0
3.105506379E9	57.753666402969635
3.105508858E9	44.220502426140904
3.10551133E9	59.90525237063654
3.105513792E9	56.94863446076151
3.1055162415E9	0.0
3.105518682E9	59.705762157744175
3.105521118E9	54.07607189476855
3.105523549E9	47.365838256549864
3.105525972E9	59.89250941191744
3.105528388E9	41.79587878322323
3.1055308005E9	56.21254182674433
3.1055332065E9	52.94922602078081
3.105535606E9	53.485647623272705
3.1055380035E9	38.804325042438556
3.105540398E9	16.811797235023043
3.1055427875E9	59.780381584404815
3.1055451725E9	7.024808786036478
3.1055475555E9	55.9237059210046
3.1055499375E9	36.23045822102426
3.105552312E9	0.0
3.1055546785E9	0.0
3.1055570425E9	35.506038945033275
3.105559404E9	55.18914905997311
3.105561761E9	53.843283739914774
3.105564112E9	25.988717405495954
3.1055664605E9	58.51830630280664
3.1055688045E9	37.448664852285724
3.105571144E9	0.0
3.1055734815E9	0.0
3.105575816E9	46.98670694864048
3.1055781475E9	0.0
3.105580476E9	29.162205391165262
3.1055827985E9	57.24714248177101
3.105585104E9	57.3010433715221
3.1055873965E9	59.13088065632611
3.105589686E9	55.28178615633629
3.1055919665E9	51.041853336477246
3.1055942405E9	42.086801896733405
3.105596511E9	59.09915665729619
3.1055987745E9	54.176753682368386
3.105601033E9	47.58323683976129
3.1056032815E9	59.47577538639182
3.105605521E9	52.40940499343801
3.1056077565E9	39.582472562943835
3.1056099875E9	49.014881996292026
3.1056122175E9	10.111530172413794
3.1056144435E9	32.74336762317271
3.1056166625E9	0.0
3.1056188775E9	20.55380375568801
3.1056210895E9	24.05735332807156
3.105623296E9	3.9779208831646735
3.105625496E9	38.09964637534731
3.1056276925E9	52.64178223136799
3.1056298885E9	58.84245858515383
3.105632076E9	31.77290976966965
3.1056342545E9	46.665962611519184
3.1056364325E9	30.818730811428782
3.1056386075E9	0.9915433403805497
3.1056407785E9	54.06469226470823
3.105642947E9	55.88606838883082
3.105645114E9	0.0
3.105647276E9	58.82101806239737
3.105649431E9	32.0
3.105651583E9	0.0
3.105653732E9	58.127804423291586
3.105655878E9	52.53691527977536
3.1056580215E9	0.0
3.1056601635E9	44.98877439468783
3.1056623025E9	21.648487320214628
3.1056644355E9	44.89811305766742
3.1056665645E9	53.775555271074694
3.1056686915E9	59.82168324864426
3.1056708175E9	0.0
3.10567294E9	54.34077285266848
3.105675053E9	38.43721923961871
3.105677152E9	57.901530730935654
3.105679241E9	40.694087484521475
3.1056813275E9	34.967110015193406
3.105683412E9	58.636987865344466
3.105685491E9	10.436323092170467
3.105687566E9	44.096362813160276
3.1056896395E9	49.191828354972095
3.1056917095E9	35.31835671744211
3.105693777E9	0.9994093325457767
3.105695838E9	0.0
3.105697891E9	50.09395807644883
3.1056999415E9	53.318501671423995
3.105701983E9	48.83856004616375
3.1057040115E9	54.66063985911359
3.1057060315E9	14.675757575757576
3.105708045E9	34.06706507304117
3.105710055E9	29.230407523510973
3.105712061E9	49.59985805535841
3.105714063E9	47.708349900596424
