#Position (bp)	mapping quality
3882144.5	55.08214715076895
1.16464325E7	56.952322209707866
1.94107205E7	57.33398927752551
2.71750085E7	58.2349402252059
3.49392965E7	58.20784205821563
4.27035845E7	58.22020423844139
5.04678725E7	58.19209321246816
5.82321605E7	58.138687496606885
6.59964485E7	58.172067865001424
7.37607365E7	58.20022239240554
8.15250245E7	58.08239067504053
8.92893125E7	58.1886396217021
9.70536005E7	58.26320102800565
1.048178885E8	56.646552411943276
1.125821765E8	58.0438204665515
1.203464645E8	19.012659700210456
1.281107525E8	10.152596711056866
1.358750405E8	0.0
1.436393285E8	29.75809493147242
1.514036165E8	52.87669959135467
1.591679045E8	57.352109979277124
1.669321925E8	58.13213329286792
1.746964805E8	58.16668121877789
1.824607685E8	58.202453094709945
1.902250565E8	58.15191462398777
1.979893445E8	58.143575962309974
2.057536325E8	57.51711859712978
2.135179205E8	58.231214010989746
2.212822085E8	58.01652479852902
2.290464965E8	57.37023972777299
2.368107845E8	58.1384561084429
2.445750725E8	58.02255495749816
2.487068195E8	53.6261832289647
2.525889635E8	58.011476308888746
2.601036485E8	58.07332697951964
2.678679365E8	58.12069409225893
2.756322245E8	58.1927635388464
2.833965125E8	57.549145021302124
2.911608005E8	58.219904112170944
2.989250885E8	58.201661322271065
3.066893765E8	58.21809603467197
3.144536645E8	58.24851329165124
3.222179525E8	58.09451081539441
3.299822405E8	58.13532925431531
3.377465285E8	39.08455060154934
3.455108165E8	52.96121211204595
3.532751045E8	57.70605819701351
3.610393925E8	51.381466536172965
3.688036805E8	58.14081110429322
3.765679685E8	56.293506602530876
3.843322565E8	58.03505247319628
3.920965445E8	58.157911835632284
3.998608325E8	58.12355861425823
4.076251205E8	58.090625091067416
4.153894085E8	58.11776494319949
4.231536965E8	58.15637230533416
4.309179845E8	58.2263781079252
4.386822725E8	58.193079493295826
4.464465605E8	58.16358205496614
4.542108485E8	58.255074194145784
4.619751365E8	58.16756984080754
4.697394245E8	58.13683724656379
4.775037125E8	58.13311493425634
4.852680005E8	58.07849552248804
4.90150048E8	57.14043429134592
4.94032192E8	58.03941463325624
5.007965765E8	58.18711943296738
5.085608645E8	58.15197431098135
5.163251525E8	58.216906379609476
5.240894405E8	58.19284886695597
5.318537285E8	58.1755070128161
5.396180165E8	58.23499842010984
5.473823045E8	58.22425886314603
5.551465925E8	58.1610782594402
5.629108805E8	58.14181856454715
5.706751685E8	57.99424542032422
5.784394565E8	51.89934749290545
5.862037445E8	39.38549307431536
5.939680325E8	58.136785364055974
6.017323205E8	58.155419600680794
6.094966085E8	58.11683920015223
6.172608965E8	57.98765347338854
6.250251845E8	58.10415688099854
6.327894725E8	58.222914468982985
6.405537605E8	58.187480304264966
6.483180485E8	58.15494995100608
6.560823365E8	58.255432748168694
6.638466245E8	58.21887183258176
6.716109125E8	58.235586613923296
6.793752005E8	58.04631125039734
6.863514275E8	57.488889179659324
6.902335715E8	56.64025740708881
6.949037765E8	56.27140970104462
7.026680645E8	57.67702080505695
7.104323525E8	58.016658688290825
7.181966405E8	58.172250499284445
7.259609285E8	58.21293037410325
7.337252165E8	58.23032734545085
7.414895045E8	29.75862671627443
7.492537925E8	58.14975241328567
7.570180805E8	58.05419438140855
7.647823685E8	58.15802843839734
7.725466565E8	58.12977097299677
7.803109445E8	58.18473737990409
7.880752325E8	58.20138676923025
7.958395205E8	58.18875672035882
8.036038085E8	58.16165356176526
8.113680965E8	58.010020559963806
8.191323845E8	58.03093368994828
8.268966725E8	58.10747308355622
8.346609605E8	58.184924422092195
8.424252485E8	58.241945077820354
8.501895365E8	58.1842821576046
8.579538245E8	58.12315836995304
8.657181125E8	58.16676139873568
8.734824005E8	58.09523218579811
8.78512305E8	54.25557403036471
8.82394449E8	57.787347692732574
8.890109765E8	58.15579678111335
8.967752645E8	57.41672512179397
9.045395525E8	58.11405945464321
9.123038405E8	58.036552749275515
9.200681285E8	58.19825993011091
9.278324165E8	40.365016686380855
9.355967045E8	58.21332117922781
9.433609925E8	58.1202041038355
9.511252805E8	47.87018889143489
9.588895685E8	58.24413661388699
9.666538565E8	58.24342302140157
9.744181445E8	58.16570533099264
9.821824325E8	58.08355842663515
9.899467205E8	58.19023912331748
9.977110085E8	58.18812904094916
1.0054752965E9	58.177323061135496
1.0132395845E9	58.20094136236942
1.0210038725E9	58.184401863738394
1.0287681605E9	58.16031984156186
1.0365324485E9	58.16065134961952
1.0442967365E9	58.25038183591443
1.0520610245E9	57.247400245885565
1.0585707465E9	55.74940702032683
1.0624528905E9	57.78146014780552
1.0675896005E9	58.13101896373846
1.0753538885E9	58.25805523986642
1.0831181765E9	58.173995868917444
1.0908824645E9	56.84321914374915
1.0986467525E9	58.1069790779054
1.1064110405E9	58.20274761736051
1.1141753285E9	58.202183742269604
1.1219396165E9	38.65798463760652
1.1297039045E9	58.199684266568774
1.1374681925E9	58.164424153532494
1.1452324805E9	58.091448458846166
1.1529967685E9	58.16127511233977
1.1607610565E9	58.24764289630856
1.1685253445E9	58.23523972950688
1.1762896325E9	58.17341489479747
1.1840539205E9	58.13647571631239
1.1918182085E9	58.105676441006715
1.1995824965E9	58.191997561620056
1.2073467845E9	58.27819929573873
1.2151110725E9	58.12608247814576
1.2228753605E9	57.62525373034601
1.229380904E9	57.29124174974767
1.233263048E9	57.63006450512429
1.2384039365E9	57.47337214250726
1.2461682245E9	58.16971953798928
1.2539325125E9	58.133502526676885
1.2616968005E9	57.98925321606654
1.2694610885E9	58.146404049206836
1.2772253765E9	58.06984828069357
1.2849896645E9	57.6224152488049
1.2927539525E9	25.49915202346381
1.3005182405E9	57.14781493013889
1.3082825285E9	53.34980619896188
1.3160468165E9	58.2344161634916
1.3238111045E9	58.1908204221032
1.3315753925E9	55.6118132898917
1.3393396805E9	58.19558096175909
1.3471039685E9	58.18749213485201
1.3548682565E9	58.14018242391034
1.3626325445E9	58.132479135896936
1.3703968325E9	58.2130294590985
1.3781611205E9	55.8680200184955
1.3859254085E9	57.77479337548989
1.3905789145E9	57.32736602140814
1.3944610585E9	56.16637287892175
1.4014539845E9	50.813975121952225
1.4092182725E9	58.16841389565844
1.4169825605E9	58.14765347608322
1.4247468485E9	58.18857237173964
1.4325111365E9	45.37391675822028
1.4402754245E9	54.76810396782155
1.4480397125E9	58.075310837534126
1.4558040005E9	58.18944312958994
1.4635682885E9	58.07982099509116
1.4713325765E9	58.19808458849658
1.4790968645E9	53.10777101353092
1.4868611525E9	58.221818054309786
1.4946254405E9	58.21830832352231
1.5023897285E9	58.24066674565345
1.5101540165E9	58.17059399807966
1.5179183045E9	58.16363028737276
1.5256825925E9	58.103151784579616
1.5330268245E9	58.024659894008316
1.5369089685E9	56.84534407789137
1.5412111685E9	58.15085191741614
1.5489754565E9	58.18341361706155
1.5567397445E9	58.16833033255507
1.5645040325E9	58.25384382819214
1.5722683205E9	55.56148440696078
1.5800326085E9	27.406097610377103
1.5877968965E9	0.0
1.5955611845E9	16.31107522785195
1.6033254725E9	36.5217665569986
1.6110897605E9	58.164881846704596
1.6188540485E9	57.97063057728056
1.6266183365E9	58.07765527465928
1.6343826245E9	58.03816740520107
1.6421469125E9	58.18786612655544
1.6499112005E9	57.95964166098862
1.6576754885E9	58.20323776896812
1.6654397765E9	58.15946849758642
1.672102775E9	57.259278863528756
1.675984919E9	56.4420412840011
1.6809683525E9	58.07496851891226
1.6887326405E9	58.22571222249768
1.6964969285E9	58.16984117517552
1.7042612165E9	58.18425512752761
1.7120255045E9	39.485300717895655
1.7197897925E9	41.98271623439197
1.7275540805E9	57.871008504143
1.7353183685E9	58.22221084701153
1.7430826565E9	58.24205090178862
1.7508469445E9	58.085218641515915
1.7586112325E9	57.66458661260943
1.7663755205E9	58.16228604930932
1.7741398085E9	58.195789766354956
1.7819040965E9	58.10718549032498
1.7896683845E9	58.17785060733514
1.7974326725E9	58.117415305577396
1.804997934E9	56.06354521132429
1.808880078E9	47.26765789755569
1.8129612485E9	57.155946293681346
1.8207255365E9	58.23445604092843
1.8284898245E9	58.16490433791481
1.8362541125E9	58.18281628082873
1.8440184005E9	58.177518921426234
1.8517826885E9	58.21340409714308
1.8595469765E9	33.35457657987231
1.8673112645E9	58.1196180774813
1.8750755525E9	58.10685795594609
1.8828398405E9	58.16075146356583
1.8906041285E9	58.212400595902665
1.8983684165E9	56.813816004519985
1.9061327045E9	58.1657085817426
1.9138969925E9	58.24135808691962
1.9216612805E9	58.16980664132257
1.9294255685E9	58.18340572638816
1.9371898565E9	58.20179244610953
1.942419837E9	58.00743579043648
1.946301981E9	57.86719280352618
1.9527184325E9	57.96139254592494
1.9604827205E9	58.145495809219526
1.9682470085E9	58.20058164880334
1.9760112965E9	41.217216310373814
1.9837755845E9	51.86377106562618
1.9915398725E9	58.2418363940951
1.9993041605E9	58.23335594946259
2.0070684485E9	58.15768089628183
2.0148327365E9	58.22095425540233
2.0225970245E9	58.113941257598654
2.0303613125E9	58.19240168690613
2.0381256005E9	58.175262568799724
2.0458898885E9	58.190275269324275
2.0536541765E9	58.252829111587886
2.0614184645E9	58.25278287386787
2.0691827525E9	58.181844135423695
2.0750539395E9	57.859308828537905
2.0789360835E9	0.0
2.0847113285E9	0.0
2.0924756165E9	10.681478125835616
2.1002399045E9	58.18298653356958
2.1080041925E9	58.11598755178609
2.1157684805E9	58.12314500359865
2.1235327685E9	58.1610435265854
2.1312970565E9	57.21853373593708
2.1390613445E9	58.033992056956635
2.1468256325E9	58.16911915985896
2.1545899205E9	58.20220321031894
2.1623542085E9	58.26808319387547
2.1701184965E9	58.21415335070959
2.1778827845E9	58.20208862929133
2.1856470725E9	57.989405540506496
2.1904682635E9	57.883624798625064
2.1943504075E9	0.0
2.2011756485E9	0.0
2.2089399365E9	40.28784141689129
2.2167042245E9	58.12680456138506
2.2244685125E9	58.21166235449544
2.2322328005E9	58.179495164255016
2.2399970885E9	58.18704457622432
2.2477613765E9	58.24610022653098
2.2555256645E9	58.2276185471754
2.2632899525E9	58.231056288510516
2.2710542405E9	58.16911253813639
2.2788185285E9	58.09591191148209
2.2865828165E9	58.17657457530474
2.2943471045E9	57.888119616167984
2.2983401385E9	57.66023329667287
2.3022222825E9	0.0
2.3098756805E9	0.0
2.3176399685E9	23.174227796658702
2.3254042565E9	53.361417105179086
2.3331685445E9	55.86232421723967
2.3409328325E9	57.90929130431905
2.3486971205E9	58.1823832088384
2.3564614085E9	58.20039948583896
2.3642256965E9	58.21069515761985
2.3719899845E9	57.65330972594523
2.3797542725E9	56.464384434763666
2.3875185605E9	57.93525977853875
2.3952828485E9	58.09354641034588
2.399803605E9	55.485340665434705
2.403685749E9	57.748692770766496
2.4108114245E9	58.154263794534636
2.4185757125E9	50.116414670963515
2.4263400005E9	54.29079923086901
2.4341042885E9	38.60010317094994
2.4418685765E9	1.8117045694674176
2.4496328645E9	46.676256039943354
2.4573971525E9	58.100461969281774
2.4651614405E9	58.20772126714869
2.4729257285E9	57.32423269216825
2.4806900165E9	58.084090605737345
2.4876763615E9	57.21262427823041
2.4915585055E9	57.463781029738826
2.4962185925E9	58.18373002469331
2.5039828805E9	57.99396143428174
2.5117471685E9	38.86974034644913
2.5195114565E9	46.280984355290464
2.5272757445E9	54.96655977469159
2.5350400325E9	55.93701116861083
2.5428043205E9	58.2227520611942
2.5505686085E9	58.046842223080496
2.5583328965E9	57.99701603001811
2.5660971845E9	58.16994649260505
2.572008666E9	57.78229266828723
2.57589081E9	56.41409399445622
2.5816257605E9	58.14335661305628
2.5893900485E9	24.67995376036021
2.5971543365E9	53.86027023005936
2.6049186245E9	58.19670620103737
2.6126829125E9	58.15623464004718
2.6204472005E9	57.97395457960767
2.6282114885E9	58.18531794787863
2.6359757765E9	58.20415534105519
2.6437400645E9	58.18051216868116
2.6510167485E9	57.890638950754
2.6548988925E9	50.039936127138894
2.6592686405E9	58.03197923095817
2.6670329285E9	57.67955287333263
2.6747972165E9	58.337140986755955
2.6825615045E9	56.80809493948596
2.6903257925E9	55.35964407173327
2.6980900805E9	58.17873923281196
2.7058543685E9	57.00062305626318
2.7113827085E9	58.05019047612824
2.7152648525E9	58.0853414807923
2.7213829445E9	58.18187324794226
2.7291472325E9	58.13158735715003
2.7369115205E9	38.87085594707109
2.7446758085E9	45.560968785865924
2.7524400965E9	58.274715722792166
2.7602043845E9	58.16272162289014
2.7679686725E9	58.12747213199024
2.774661944E9	57.74914503884436
2.778544088E9	0.0
2.7834972485E9	24.1106589301192
2.7912615365E9	52.156474497878655
2.7990258245E9	58.23684972598572
2.8067901125E9	58.24030746678443
2.8145544005E9	58.016382654651956
2.8213097995E9	56.0950688622821
2.8251919435E9	0.0
2.8300829765E9	0.0
2.8378472645E9	38.0930811088789
2.8456115525E9	53.52097259975573
2.8533758405E9	58.23363744010447
2.8611401285E9	58.17639596603183
2.8689044165E9	58.12495594997807
2.8738940415E9	57.55004929968764
2.8777761855E9	56.16891210102294
2.8844329925E9	58.10293140678447
2.8921972805E9	58.174426461103174
2.8999615685E9	58.236449200540854
2.9077258565E9	58.20835949988398
2.9154901445E9	58.17233615305252
2.9232544325E9	56.16823304110512
2.9310187205E9	43.45234909620838
2.9387830085E9	45.41346455480834
2.9465472965E9	56.287307123318286
2.9543115845E9	58.20290266415086
2.9620758725E9	57.90160053326678
2.9698401605E9	57.87852741410013
2.9776044485E9	56.41081700431515
2.9853687365E9	58.17197636234527
2.9931330245E9	56.43886998172598
3.0008973125E9	58.19174293354459
3.0086616005E9	56.99069858569577
3.0164258885E9	56.219503593685985
3.0241901765E9	57.31747094153551
3.029557369E9	53.04404191675779
3.033439513E9	51.36670846596572
3.0397187525E9	22.53628501865456
3.0474830405E9	5.663882126434038
3.0552473285E9	7.139533798324993
3.0630116165E9	0.0
3.0707759045E9	0.0
3.0785401925E9	0.0
3.0853460845E9	45.828967481921524
3.088278117E9	58.04197784079317
3.088373929E9	47.92186140497898
3.0884774725E9	50.46290132262553
3.0885573295E9	56.61641490187504
3.0886546005E9	26.45625621430577
3.0887081185E9	33.840860677112026
3.0887493115E9	37.03844772555982
3.088858438E9	30.753178977941605
3.088966832E9	47.07896011427532
3.089008063E9	53.14461056192142
3.089109657E9	12.267207674938799
3.089267292E9	9.444828641764563
3.08942189E9	8.774221074125704
3.089604443E9	35.73493373523591
3.089755642E9	46.90956559167099
3.0898220175E9	12.091343992437952
3.0898610755E9	22.704836584707692
3.089968525E9	30.255940079404574
3.0900764725E9	34.115755088911975
3.090141311E9	4.054668963314473
3.090191469E9	0.0
3.090297168E9	38.11456019834689
3.090503609E9	33.07918658169725
3.0907062205E9	48.42853906191702
3.09089898E9	44.25692824709659
3.091013772E9	51.905644706835716
3.091052607E9	53.42981186685962
3.0911587895E9	45.85887136432008
3.091267064E9	55.899908508691674
3.0915130575E9	8.446251557817174
3.092673561E9	13.362517032979836
3.093702736E9	45.69704588400268
3.093935951E9	34.02013422485605
3.094132646E9	30.761374161709977
3.0942642985E9	7.858907736052554
3.094360447E9	48.762405375151424
3.0944711045E9	14.609917767136169
3.0946435155E9	14.195461495491182
3.094747446E9	43.430671842333886
3.0948598115E9	8.074676272165986
3.0950026905E9	42.673220506701796
3.095104297E9	45.31651462494804
3.095190977E9	22.971462100602764
3.0952465895E9	0.0
3.0952663465E9	59.392872855257366
3.095268566E9	0.9973509933774835
3.0952706195E9	15.859938208032956
3.0952723265E9	1.3710247349823321
3.0952838005E9	20.755291688177593
3.0952967465E9	44.49701103617413
3.095299555E9	14.139889783806698
3.0953008775E9	52.48915662650602
3.0953027375E9	2.6069391634980987
3.0953043745E9	24.748490945674043
3.095311073E9	0.9934258582907232
3.0953361175E9	17.94884287454324
3.095355552E9	0.0
3.0953574645E9	0.9756838905775076
3.095360032E9	0.0
3.095361791E9	26.33177812337999
3.095363378E9	33.85271194528392
3.095365611E9	4.216888126875268
3.0953678415E9	0.0
3.095369933E9	0.0
3.095371677E9	15.358072358072357
3.09537289E9	0.9826530612244898
3.0953743225E9	0.0
3.095375945E9	0.0
3.095572656E9	43.7608250139678
3.095769303E9	51.5537933921556
3.0957708065E9	26.64367816091954
3.0957736535E9	51.381853053728825
3.095822105E9	45.45877766964908
3.095924849E9	22.6956267060841
3.095983129E9	38.607987646522076
3.095986364E9	22.82426389283023
3.0959887305E9	52.07139863803038
3.0959909825E9	38.36379511059371
3.095993051E9	52.0443240420393
3.0959946765E9	56.69464503423052
3.096006671E9	37.618960010626296
3.0960870785E9	40.23754140239919
3.0961589785E9	44.40973951847239
3.096165879E9	55.61036396172412
3.096173123E9	52.1103012963639
3.09617898E9	53.818832906850204
3.096183283E9	53.045110035613185
3.096185859E9	13.447490706319703
3.0961883E9	13.31595019967113
3.0961908755E9	0.9590889919865035
3.096192456E9	0.0
3.096238607E9	48.40743080181357
3.0962848625E9	0.9476145930776426
3.096286263E9	0.0
3.0962877625E9	0.0
3.096289947E9	17.517357222844346
3.096292208E9	43.10998062015504
3.0962965075E9	0.5799984870262501
3.096315547E9	7.401957121155509
3.0963533005E9	36.268607592405594
3.09637788E9	46.22194129820877
3.096382479E9	53.22049685199601
3.0963879875E9	13.274777933613839
3.0963943185E9	32.19974113622706
3.096398918E9	43.273671712674386
3.0964033365E9	41.42286481246738
3.0964070605E9	47.52688927943761
3.0964084065E9	0.0
3.0964096105E9	0.0
3.096411644E9	21.496702844483334
3.0964135175E9	0.0
3.0964147555E9	0.0
3.0964161835E9	0.0
3.0964174105E9	17.988680135209496
3.096418484E9	22.727406269822723
3.096419946E9	0.0
3.096422275E9	0.8988926336061628
3.0964254675E9	6.335260115606936
3.0964313925E9	1.5138258357408172
3.0964360765E9	0.0
3.096437123E9	0.0
3.0964382945E9	0.0
3.096440137E9	0.0
3.096442099E9	0.0
3.096443439E9	0.8742138364779874
3.0964449505E9	0.0
3.0964464985E9	0.0
3.0964475915E9	0.0
3.0964489705E9	0.0
3.0964506065E9	0.9857433808553971
3.0964522235E9	0.0
3.0964537525E9	0.0
3.0964552355E9	0.0
3.09645655E9	0.0
3.0964580005E9	0.9963503649635036
3.0964594605E9	0.9498787388843978
3.096462063E9	0.0
3.0964647385E9	0.0
3.0964666345E9	8.833406400701447
3.0964687875E9	5.985993775011116
3.096470338E9	0.0
3.0964722525E9	0.0
3.096474844E9	0.0
3.0964802425E9	58.33659260258269
3.0964880595E9	55.73838446228811
3.0965833285E9	32.44230407767237
3.0967643755E9	52.64136460690068
3.0969348755E9	16.763168096653523
3.097105623E9	37.82164325715301
3.0972741855E9	8.439670612226804
3.0973604055E9	2.976437922822528
3.097450029E9	1.220457144647585
3.0976374775E9	16.13966125689637
3.0978270425E9	31.91771892564265
3.0979310955E9	25.898387850317757
3.097952041E9	46.701822916666664
3.0979864125E9	51.343365179015755
3.098119023E9	19.585393467296168
3.098265051E9	14.607429372807907
3.098391091E9	50.92526426917389
3.0985448955E9	40.05570517589583
3.0986946915E9	33.99912217489532
3.098783935E9	0.0
3.0988292795E9	31.47984945350112
3.098880847E9	23.723461870672775
3.098919304E9	35.74917374724025
3.0989774605E9	29.63242239239048
3.099052881E9	40.789248832309184
3.0991573655E9	30.751386318705844
3.099319594E9	26.64778801607903
3.0995012675E9	21.5164428182682
3.099670145E9	36.05236207475272
3.09983663E9	0.0
3.0999236415E9	0.0
3.099926258E9	58.32669322709163
3.0999293305E9	55.16287158558642
3.0999317075E9	57.97338792221085
3.099933225E9	59.19463087248322
3.099934473E9	58.36363636363637
3.099935544E9	58.26589595375722
3.099936873E9	58.78196625945317
3.0999392435E9	58.64614465032875
3.0999417715E9	59.38588279348436
3.099944294E9	58.017111880347464
3.099947122E9	0.9373433583959899
3.099949542E9	13.883207750269106
3.099951465E9	0.0
3.0999532635E9	23.0739837398374
3.0999548975E9	51.852473498233216
3.099956276E9	0.9181818181818182
3.0999589355E9	57.391783843396745
3.099961492E9	0.0
3.0999627755E9	0.0
3.099966206E9	47.29614579485285
3.099971928E9	0.0
3.0999763185E9	59.264214046822744
3.0999787225E9	0.0
3.099980804E9	0.0
3.099982934E9	13.60625
3.0999846185E9	17.541794087665647
3.0999859675E9	14.961832061068701
3.099987108E9	0.0
3.0999883185E9	0.0
3.099989888E9	59.32935916542474
3.0999934275E9	53.73639257747818
3.099997199E9	51.42989974126779
3.0999989405E9	59.34146341463415
3.100000503E9	0.0
3.100002242E9	57.6045197740113
3.100004537E9	55.43345225027442
3.100007437E9	59.1895314478683
3.1000093805E9	0.0
3.1000104305E9	32.99294117647059
3.100011833E9	44.57348066298343
3.1000136915E9	33.05218012866333
3.1000154645E9	59.081908190819085
3.100017134E9	57.76727702303603
3.1000187915E9	37.63953488372093
3.100020568E9	0.0
3.1000221625E9	58.18365287588295
3.1000236955E9	46.60049833887043
3.1000264625E9	49.154170065477636
3.100029677E9	58.28147537605605
3.100031578E9	54.73684210526316
3.1000326205E9	0.0
3.100033658E9	0.0
3.100035464E9	47.324765263886874
3.1000409715E9	38.48817209979204
3.1000479435E9	21.381288127969412
3.100051797E9	55.36184736814037
3.100053416E9	3.7784037558685446
3.10005829E9	50.99491242649344
3.1000639665E9	31.23124892587955
3.1000665115E9	21.338355048859935
3.100068816E9	56.16
3.100070957E9	53.355822948001716
3.1000725955E9	53.86476510067114
3.10007379E9	38.180632704589335
3.1000757855E9	57.82309239420432
3.1000785755E9	58.8176946094413
3.1000897445E9	57.13723676721685
3.1001009405E9	59.0336669699727
3.1001076425E9	58.520249848881726
3.1001174535E9	0.0
3.10012562E9	58.4998920785668
3.1001304845E9	58.057178084303
3.1001326025E9	0.0
3.100134138E9	10.235328129517201
3.100136976E9	58.42346471127406
3.1001412695E9	56.49653612045491
3.1001454075E9	0.0
3.1001489115E9	0.0
3.1001523505E9	59.0941768511862
3.1001553555E9	34.46839826839827
3.1001569595E9	59.69104016477858
3.1001596515E9	56.881436396835056
3.100164687E9	58.11793960923623
3.100169456E9	57.868282929267686
3.100173756E9	58.361712617088244
3.100178605E9	0.0
3.100182461E9	58.171606293450424
3.1001845245E9	19.554846274101095
3.100186698E9	58.812142542894854
3.1001901715E9	58.78947864617705
3.1001926785E9	58.39315295416897
3.1001942255E9	0.0
3.100196577E9	56.168350168350166
3.100199826E9	58.3386378103119
3.1002050385E9	59.18947583871388
3.1002116325E9	58.65535643170052
3.100215983E9	55.27848837209302
3.100218536E9	0.0
3.1002222875E9	0.0
3.100226716E9	0.0
3.100230998E9	57.61633011413521
3.10023432E9	59.400977129505065
3.100237109E9	29.08037091771278
3.100241596E9	58.44705516221894
3.1002465235E9	0.0
3.100249222E9	0.0
3.1002504975E9	57.88990825688074
3.1002526125E9	58.5891425979132
3.1002555955E9	57.38398203592814
3.1002585615E9	56.797805309734514
3.1002608765E9	59.049429657794676
3.100264232E9	0.0
3.1002683515E9	0.0
3.1002730005E9	58.45934212240054
3.100276567E9	0.0
3.1002785615E9	56.87114821451986
3.1002805655E9	34.309129770992364
3.1002818545E9	0.0
3.100283864E9	0.0
3.100286221E9	0.0
3.1002886105E9	25.658844575397243
3.100297238E9	0.0
3.100308266E9	0.0
3.1003148695E9	0.0
3.1003201675E9	58.78060263653484
3.100323191E9	52.27476038338658
3.100327556E9	57.83791958444291
3.1003361335E9	58.625849476024136
3.100341505E9	16.59044178938594
3.100343284E9	59.22563585998489
3.1003451525E9	59.01894451962111
3.10034797E9	0.0
3.1003522945E9	56.68420156622404
3.1003595775E9	56.57383623562623
3.100367519E9	58.41581552069074
3.1003726985E9	59.14491850004453
3.1003758895E9	59.39799331103679
3.1003787135E9	0.0
3.1003813635E9	0.0
3.100384543E9	58.57522743177047
3.100388122E9	21.51988048724431
3.100390936E9	58.15442758910294
3.1003962175E9	58.60880482767
3.1004020815E9	58.909736990874094
3.1004062135E9	41.84993270524899
3.100409423E9	58.45626072041166
3.1004119315E9	57.72830531576556
3.100414125E9	59.063753901025414
3.100417918E9	58.79515424552921
3.100423028E9	58.170959055444314
3.1004269835E9	58.012072434607646
3.1004299135E9	58.361880675939766
3.100431937E9	0.0
3.100433132E9	0.0
3.100434876E9	0.0
3.1004377605E9	47.82744282744283
3.1004408225E9	59.379719525350595
3.1004441155E9	0.0
3.1004490815E9	59.44540350877193
3.100453243E9	59.21110993769141
3.1004556705E9	59.43869027731373
3.1004587745E9	57.97629127857748
3.100461398E9	53.6547433903577
3.100462798E9	58.28162291169451
3.1004649905E9	58.7305302962096
3.100471036E9	0.0
3.1004779445E9	58.20157301147606
3.1004820575E9	56.25
3.100486718E9	58.44711823555292
3.1004910255E9	0.0
3.10049749E9	0.0
3.1005038655E9	0.0
3.1005113075E9	0.0
3.100520375E9	58.38674582698704
3.100524579E9	56.03828382838284
3.100528576E9	57.34263541585012
3.100533401E9	58.38491414055058
3.1005371995E9	59.21925960794862
3.100540127E9	0.0
3.100544135E9	0.0
3.1005486665E9	57.82701432115962
3.1005512115E9	56.217952755905515
3.100552639E9	59.173228346456696
3.1005539095E9	0.0
3.1005560785E9	59.110469692993966
3.100558656E9	59.22359465591127
3.100561947E9	56.68426417243757
3.10056789E9	0.0
3.100573138E9	0.0
3.100576513E9	58.61529294935452
3.100580371E9	57.90137189469781
3.100591292E9	15.495803524075496
3.100602639E9	57.42169053990241
3.100606305E9	59.59767545820295
3.100608874E9	58.57290589451913
3.1006116575E9	57.56415099822731
3.1006156585E9	58.80146916682776
3.100620518E9	0.0
3.1006254325E9	58.3038304998929
3.1006312815E9	0.0
3.1006367155E9	51.65559298408642
3.100640534E9	57.1045104510451
3.100643878E9	57.29756863317757
3.100647993E9	0.0
3.1006508345E9	35.19282511210762
3.100653317E9	0.0
3.1006563755E9	0.0
3.1006598935E9	0.0
3.1006649805E9	0.0
3.1006712605E9	0.0
3.1006757165E9	0.0
3.100677201E9	27.455977155713235
3.10067847E9	44.97941359950094
3.100683289E9	58.565100870989355
3.1006885805E9	57.16641791044776
3.100691006E9	54.25005516328332
3.1006942785E9	0.0
3.1006969395E9	0.0
3.1006991355E9	52.747211730726505
3.1007016905E9	1.9171122994652405
3.100704182E9	53.954629061925196
3.100706833E9	40.380485472568914
3.100708945E9	0.0
3.100712266E9	0.0
3.10071577E9	59.08878504672897
3.100717503E9	0.0
3.100719116E9	0.0
3.1007206285E9	0.0
3.1007221265E9	0.0
3.100724699E9	0.0
3.1007268945E9	0.0
3.1007289465E9	54.98689282960679
3.1007309285E9	0.0
3.1007330965E9	57.97508896797153
3.1007392415E9	58.898708361658734
3.1007470865E9	58.218595792572074
3.1007528755E9	0.0
3.1007561985E9	59.44856839872747
3.1007588475E9	58.674729150919624
3.100761762E9	45.6586436818995
3.1007635275E9	0.0
3.100764747E9	34.489423355549114
3.1007667445E9	40.40657132726628
3.1007691425E9	57.58767163884224
3.100772442E9	0.0
3.100775528E9	57.55460418774811
3.100781116E9	58.95780221611264
3.10079114E9	58.37360809499607
3.100797975E9	41.886837121212125
3.1008007345E9	59.01518863302303
3.100804877E9	57.92639362528278
3.100809349E9	0.0
3.1008114985E9	0.0
3.1008137425E9	14.76909485322417
3.1008164375E9	5.641081522849554
3.100825815E9	13.366192257724204
3.100837982E9	8.472602916505355
3.100842972E9	46.4
3.1008451085E9	57.36563471055357
3.10084822E9	55.04179838426414
3.1008510465E9	53.29297820823245
3.100852321E9	0.0
3.1008571395E9	58.066548468230735
3.1008619615E9	0.0
3.1008648315E9	58.891916439600365
3.100868278E9	53.5522570772762
3.100873156E9	51.73686177039167
3.1008795525E9	51.15765521991538
3.100884274E9	39.59949815187667
3.10088846E9	16.181397819227044
3.1008916615E9	18.573419850997357
3.10089384E9	0.0
3.1008970555E9	57.2039355372474
3.1008998325E9	34.12846068660022
3.100902708E9	51.020351564943596
3.1009063655E9	38.51119148496435
3.1009089965E9	49.26400806368242
3.1009125255E9	37.91196399426282
3.1009156975E9	51.96611472501478
3.100917935E9	38.439824945295406
3.1009210515E9	43.08014660225053
3.1009240305E9	44.28804062968787
3.100926116E9	48.42434609079895
3.1009275335E9	17.421313349422075
3.100928649E9	45.7051055001771
3.1009304855E9	42.55375722543353
3.100935775E9	57.59982784180575
3.1009404825E9	0.0
3.1009433075E9	14.10120396142145
3.100962012E9	9.400742286886286
3.100979643E9	4.1610048758954195
3.1009826315E9	48.41523235800344
3.100986095E9	49.158930917174715
3.100988659E9	46.434567901234566
3.1009913515E9	51.05044329929904
3.100994484E9	46.221488694504046
3.100999235E9	48.65621529819061
3.1010045095E9	54.265252585364074
3.101007663E9	57.17213114754098
3.101009454E9	56.36946902654867
3.1010139635E9	0.0
3.10102777E9	0.0
3.101038557E9	8.464
3.1010399745E9	0.0
3.10104147E9	0.0
3.101043057E9	0.0
3.101044461E9	0.0
3.101046252E9	55.5014605647517
3.101048543E9	48.50126811594203
3.101051444E9	58.49572517908034
3.101053714E9	0.0
3.101055658E9	48.379746835443036
3.1010593945E9	0.0
3.1010636115E9	59.000467383321094
3.101066684E9	0.0
3.101069485E9	0.0
3.10107171E9	0.0
3.1010747125E9	59.02083081022163
3.101082788E9	58.919664065151004
3.1010891985E9	47.324644549763036
3.101090371E9	0.0
3.101091454E9	0.0
3.1010926105E9	0.0
3.101093789E9	0.0
3.101094954E9	0.0
3.1010960955E9	59.28909952606635
3.1010976565E9	46.51799187463726
3.1010992105E9	15.0
3.1011004015E9	0.0
3.101103073E9	59.013226333779166
3.101108811E9	0.0
3.1011134185E9	0.0
3.1011171035E9	58.78324993415855
3.1011208445E9	22.062585266030013
3.1011223705E9	58.3300198807157
3.1011236055E9	58.38990319813748
3.101126918E9	58.261677506546164
3.101130602E9	37.46065989847716
3.1011321595E9	0.0
3.101133927E9	45.69147316330415
3.1011356635E9	0.0
3.1011368845E9	59.201252936570086
3.1011381815E9	0.0
3.10113931E9	0.0
3.1011404165E9	59.36708860759494
3.101141667E9	59.55092221331195
3.101143503E9	53.19426336375489
3.1011454715E9	58.205607476635514
3.101147397E9	59.1350333236743
3.1011501335E9	56.84470008216927
3.101157518E9	53.608937482478275
3.1011645045E9	58.69260700389105
3.1011668885E9	30.227582833457767
3.1011686545E9	0.0
3.1011709785E9	0.0
3.101173445E9	0.0
3.101205684E9	37.52106346297885
3.1012403025E9	28.298849465737234
3.1012453615E9	52.1567295494537
3.1012505225E9	51.8937784522003
3.1012614495E9	41.50218776376254
3.1012739195E9	36.584775966401914
3.101281912E9	54.76774062197791
3.1012871705E9	50.16625207296849
3.101295694E9	45.33303703128639
3.1013044905E9	54.60883558572984
3.1013083555E9	51.31175706127121
3.1013114625E9	52.26340822024544
3.101316135E9	36.71904470906899
3.1013198035E9	37.25179856115108
3.101320917E9	0.0
3.101322018E9	58.94625922023182
3.1013238925E9	14.824669426849264
3.101326703E9	26.37974013201445
3.1013294495E9	12.767101973741719
3.1013318685E9	8.851027738974256
3.1013343305E9	23.503859266330288
3.101336736E9	15.235609581694673
3.101339303E9	21.463744896377072
3.101342702E9	44.2110162348371
3.101345195E9	0.0
3.1013472335E9	55.08789552988448
3.101349218E9	0.0
3.1013517465E9	0.9378194207836457
3.101354867E9	57.447924253459576
3.1013568785E9	0.0
3.101370363E9	56.768541529373465
3.1013921985E9	58.58013312548529
3.1014090845E9	57.91513810846305
3.101423574E9	57.1097355245973
3.101436092E9	0.0
3.1014467775E9	0.0
3.10145676E9	57.12089339895184
3.1014665925E9	58.707970762269404
3.101476343E9	57.50958221058198
3.1014858855E9	57.72226807823434
3.1014950245E9	0.0
3.101503724E9	0.0
3.1015121195E9	45.51577261343118
3.101520406E9	0.0
3.101528602E9	59.054237835510264
3.101536693E9	58.65740805165528
3.1015446345E9	58.337333103512286
3.1015524055E9	57.91517635044906
3.1015601115E9	0.0
3.101567702E9	58.58992684772555
3.1015751255E9	0.0
3.1015823905E9	57.13549375843234
3.101589504E9	34.02219923107381
3.101596546E9	0.0
3.101603554E9	0.0
3.1016105495E9	0.0
3.101617536E9	4.451112412177986
3.101624424E9	0.0
3.101631085E9	55.949188102366854
3.1016374705E9	55.866705230175945
3.1016435565E9	58.589084710070445
3.1016494765E9	0.0
3.1016553825E9	58.951279570838096
3.101661271E9	0.0
3.1016671275E9	0.0
3.101672916E9	0.0
3.101678576E9	0.0
3.101684071E9	0.0
3.1016894025E9	0.0
3.1016946505E9	58.23971667000235
3.1016998325E9	0.0
3.1017049205E9	0.0
3.101709929E9	0.0
3.101714835E9	57.70830942699628
3.1017196755E9	58.74342942510928
3.101724499E9	0.0
3.101729313E9	0.0
3.1017340725E9	59.146734481562824
3.1017387675E9	0.0
3.10174343E9	57.29442199936151
3.1017480095E9	0.0
3.101752486E9	36.0752002083469
3.1017569135E9	57.9498861047836
3.101761326E9	59.109611206139334
3.1017657265E9	58.87437663262883
3.101770102E9	0.0
3.101774441E9	0.0
3.1017787455E9	58.668112126374474
3.1017830115E9	58.8497013022721
3.1017872465E9	58.11239447073012
3.1017914715E9	58.97927258506062
3.1017956905E9	0.0
3.1017999035E9	59.08976245532899
3.1018041115E9	56.09138619713769
3.1018082655E9	0.0
3.101812367E9	58.16363924265388
3.101816459E9	0.0
3.101820484E9	54.815903949886895
3.101824445E9	0.0
3.101828395E9	0.0
3.1018323325E9	58.0252504083137
3.101836262E9	58.40258651658484
3.1018401885E9	0.0
3.10184411E9	30.083280460580426
3.1018480235E9	0.0
3.1018519235E9	0.0
3.1018558145E9	57.50025669986652
3.101859689E9	0.0
3.1018635415E9	57.44778987828315
3.101867382E9	0.0
3.1018712145E9	0.0
3.1018750435E9	57.19703977798335
3.10187887E9	0.0
3.101882693E9	0.0
3.101886508E9	0.0
3.101890313E9	0.0
3.101894113E9	58.46063454759107
3.101897881E9	0.0
3.1019016E9	58.21181128340481
3.1019052995E9	53.08944432968395
3.1019089945E9	0.0
3.1019126835E9	58.99716055756324
3.101916365E9	58.461139896373055
3.1019200355E9	0.0
3.101923674E9	26.34638196915777
3.101927286E9	51.51681070532479
3.1019308945E9	58.66183440200725
3.1019344895E9	55.06805586344491
3.101938072E9	0.0
3.101941634E9	0.0
3.1019451695E9	59.13265306122449
3.101948697E9	0.0
3.1019522085E9	58.36692469589413
3.101955703E9	57.958400331967425
3.1019591915E9	57.63169047781803
3.101962651E9	0.0
3.101966064E9	56.67461052631579
3.1019694465E9	58.595681555958464
3.101972819E9	0.0
3.101976185E9	56.71689397272327
3.101979541E9	53.13897355630612
3.1019828865E9	56.27646790854582
3.1019862165E9	57.30184686417853
3.1019895175E9	56.34985800716138
3.1019927975E9	57.60737542986757
3.1019960665E9	45.62647132481843
3.1019993255E9	58.17200084462007
3.102002581E9	23.57208730402705
3.102005831E9	59.28728128845845
3.1020090695E9	0.0
3.1020122965E9	0.0
3.1020155165E9	0.0
3.1020187305E9	53.93476966690291
3.1020219335E9	52.8341378644526
3.102025125E9	56.44577522128542
3.102028308E9	58.055997234704456
3.1020314845E9	41.229646332779495
3.102034659E9	0.0
3.1020378305E9	40.547337428295855
3.1020409985E9	59.32629462041227
3.102044163E9	0.0
3.102047316E9	54.3219333261409
3.102050456E9	45.9961962224554
3.1020535825E9	54.53931020773283
3.1020566935E9	47.07529055078322
3.102059793E9	56.70711154615483
3.102062879E9	56.25365853658536
3.102065945E9	0.0
3.102068997E9	0.0
3.10207203E9	43.72975965609327
3.1020750435E9	57.7389458790237
3.102078054E9	0.0
3.102081057E9	0.0
3.102084054E9	53.123707166255656
3.102087044E9	43.73168578993822
3.102090025E9	54.79265734265734
3.102092998E9	0.0
3.102095965E9	55.623032132844514
3.1020989315E9	0.0
3.1021018915E9	54.527047590631064
3.1021048445E9	50.95228451469499
3.1021077875E9	58.36833685948707
3.1021107135E9	47.294177215189876
3.10211362E9	56.808609337589786
3.102116511E9	56.7155070588897
3.102119394E9	59.38518863530508
3.1021222725E9	58.864012670074146
3.1021251475E9	37.25606101879597
3.1021280175E9	58.57293868921776
3.1021308845E9	0.0
3.10213375E9	58.487682481751825
3.1021366145E9	59.11231101511879
3.102139476E9	59.02892396442593
3.1021423325E9	41.00450732864526
3.1021451745E9	58.18501920614597
3.1021480035E9	0.0
3.1021508295E9	58.958945445882634
3.102153651E9	59.31625441696113
3.102156467E9	22.97352145342095
3.102159278E9	0.0
3.1021620835E9	0.0
3.10216488E9	0.0
3.102167667E9	58.433020113380444
3.1021704475E9	41.85999121168845
3.102173225E9	0.0
3.1021759985E9	0.0
3.102178768E9	0.0
3.102181536E9	56.551543761163565
3.102184301E9	48.7328357288261
3.102187055E9	58.824925816023736
3.1021897985E9	46.05448154657294
3.1021925375E9	56.2976607109965
3.10219527E9	45.913016204913745
3.1021979975E9	0.0
3.10220072E9	54.880694488690665
3.102203437E9	0.0
3.1022061485E9	0.0
3.1022088545E9	58.759370623609854
3.1022115525E9	0.0
3.102214244E9	58.955398511723686
3.1022169345E9	57.83490566037736
3.102219623E9	57.07826086956522
3.102222305E9	0.0
3.1022249775E9	51.68421426037602
3.1022276455E9	58.57070707070707
3.102230311E9	58.04430379746835
3.10223297E9	0.0
3.1022356195E9	0.0
3.1022382625E9	57.83371977475986
3.1022408995E9	59.06079615407164
3.1022435315E9	59.242105263157896
3.1022461615E9	46.51370871607882
3.102248787E9	57.69439912996194
3.1022514095E9	58.166235647046655
3.10225403E9	57.93229272248125
3.102256642E9	54.01808136614766
3.102259246E9	56.834768894819845
3.102261848E9	57.6285868976719
3.1022644475E9	0.0
3.102267045E9	0.0
3.1022696415E9	0.0
3.1022722365E9	56.90095846645367
3.1022748265E9	0.0
3.102277412E9	49.97714285714286
3.102279996E9	57.089412255106296
3.1022825765E9	58.99032790752536
3.10228515E9	0.0
3.102287719E9	53.29098984249702
3.102290279E9	0.0
3.1022928285E9	0.0
3.1022953765E9	59.19937205651491
3.1022979235E9	46.51471197679238
3.102300469E9	53.54033338917742
3.1023030085E9	0.0
3.102305542E9	53.946715911790754
3.1023080695E9	36.849897750511246
3.1023105915E9	30.601448595206808
3.10231311E9	59.458982652161126
3.102315624E9	0.0
3.102318134E9	0.0
3.1023206395E9	0.9757575757575757
3.10232314E9	57.6117713638936
3.102325624E9	0.0
3.102328092E9	0.0
3.1023305565E9	0.0
3.102333018E9	0.0
3.102335476E9	0.0
3.1023379295E9	0.0
3.102340372E9	0.0
3.1023428065E9	0.0
3.1023452395E9	51.64201202353543
3.102347669E9	25.177319587628865
3.102350093E9	50.38649794896753
3.1023525135E9	55.644179722905605
3.1023549305E9	59.04189133139776
3.1023573395E9	0.0
3.102359743E9	0.0
3.1023621455E9	58.342434950208805
3.102364545E9	59.03707802988379
3.102366941E9	0.0
3.1023693355E9	0.0
3.1023717265E9	0.0
3.1023741115E9	0.0
3.102376493E9	59.02040816326531
3.1023788735E9	0.0
3.1023812475E9	0.0
3.1023836135E9	58.701532912533814
3.102385977E9	53.7100790219174
3.1023883325E9	0.0
3.102390676E9	59.153484395040614
3.102393013E9	0.0
3.1023953465E9	9.96
3.102397678E9	37.97751576638333
3.1024000085E9	0.0
3.102402335E9	0.0
3.102404656E9	54.98616963577955
3.1024069725E9	59.31977325775259
3.1024092835E9	52.927170261189985
3.1024115905E9	33.58609486679662
3.1024138915E9	58.84966097732055
3.102416183E9	58.98273736128237
3.102418466E9	58.8929889298893
3.1024207435E9	48.15413474000137
3.102423018E9	58.334424512243025
3.1024252855E9	0.0
3.1024275435E9	0.0
3.1024297965E9	55.6440281030445
3.102432045E9	0.0
3.102434287E9	52.05882352941177
3.102436518E9	38.37937384898711
3.1024387395E9	54.78165064102564
3.1024409585E9	0.0
3.102443175E9	0.0
3.102445389E9	58.550512445095166
3.102447597E9	52.516842473337604
3.1024497985E9	0.0
3.102451997E9	58.68912152935822
3.1024541925E9	47.55426151402859
3.102456381E9	0.0
3.102458562E9	59.00656044985942
3.10246074E9	58.588235294117645
3.102462917E9	58.746369343202474
3.102465094E9	0.0
3.1024672665E9	57.43589743589744
3.1024694305E9	50.86669921875
3.102471588E9	0.0
3.1024737375E9	49.26190017344382
3.102475881E9	50.27735644637053
3.1024780205E9	59.02964959568733
3.1024801555E9	0.0
3.102482287E9	0.0
3.1024844155E9	49.45800717547293
3.102486542E9	53.49018082831032
3.102488667E9	0.0
3.1024907905E9	0.0
3.102492907E9	0.0
3.1024950155E9	0.0
3.1024971155E9	58.39661733615222
3.102499209E9	55.642605997931746
3.1025012995E9	0.0
3.1025033865E9	0.0
3.1025054725E9	59.311624768010795
3.1025075575E9	0.0
3.1025096395E9	0.0
3.102511719E9	50.169194865810965
3.1025137965E9	0.0
3.10251587E9	54.516513138756906
3.1025179385E9	59.01724137931034
3.102520002E9	58.689047652077406
3.10252206E9	0.0
3.102524114E9	55.274787535410766
3.1025261605E9	58.998473282442745
3.1025281985E9	54.4174869716271
3.102530234E9	59.004302397049784
3.1025322685E9	58.60646599777034
3.1025343015E9	40.691943127962084
3.102536332E9	0.0
3.102538359E9	0.0
3.102540382E9	55.86396438928981
3.1025424015E9	0.0
3.102544418E9	38.35548841893253
3.10254643E9	58.97367765506934
3.102548438E9	0.0
3.102550444E9	57.97516059957174
3.102552448E9	58.331782224290365
3.10255445E9	3.8232044198895028
3.102556451E9	58.886346300533944
3.1025584515E9	0.0
3.1025604495E9	35.36467702371218
3.1025624435E9	0.9713774597495528
3.102564432E9	58.779443254817984
3.102566415E9	0.0
3.102568394E9	38.9698344901228
3.102570368E9	58.99491902191172
3.1025723375E9	58.64561817645323
3.1025743025E9	56.25548786384296
3.102576264E9	51.02830679571235
3.1025782245E9	49.940983606557374
3.1025801845E9	56.73834982841797
3.1025821415E9	55.35815402038505
3.1025840945E9	55.98866855524079
3.102586044E9	59.07258064516129
3.1025879895E9	56.78048780487805
3.102589933E9	0.0
3.102591875E9	0.0
3.102593814E9	0.0
3.1025957495E9	52.63056092843327
3.102597681E9	57.05417607223476
3.1025996075E9	0.0
3.1026015315E9	55.45345794392524
3.102603455E9	42.70044997907074
3.102605377E9	0.0
3.1026072965E9	0.0
3.102609213E9	0.0
3.102611128E9	0.0
3.1026130425E9	58.54290822407628
3.1026149555E9	0.0
3.1026168665E9	55.97160603371783
3.102618775E9	0.0
3.1026206805E9	0.0
3.102622581E9	58.9099652685012
3.102624475E9	57.83122796709753
3.1026263655E9	51.95744680851064
3.1026282545E9	0.0
3.1026301425E9	0.0
3.102632029E9	0.0
3.102633912E9	0.0
3.102635792E9	58.85366912722536
3.10263767E9	0.0
3.1026395465E9	58.95136026380874
3.1026414225E9	59.19853864596415
3.1026432975E9	0.0
3.1026451705E9	49.300411522633745
3.102647041E9	0.0
3.1026489085E9	58.73861247372109
3.102650774E9	58.45700508974016
3.102652639E9	59.10891089108911
3.102654504E9	0.0
3.1026563675E9	0.0
3.1026582295E9	51.17300537412154
3.10266009E9	0.0
3.1026619475E9	58.24324324324324
3.1026638035E9	0.0
3.1026656585E9	56.07642752562226
3.1026675105E9	55.374905403360074
3.10266936E9	45.082846921483714
3.102671209E9	56.74576271186441
3.102673057E9	58.324175824175825
3.1026749E9	0.0
3.1026767365E9	59.37840785169029
3.102678564E9	57.4771287825475
3.102680382E9	59.01918976545842
3.102682195E9	51.90892731398169
3.1026840045E9	56.92278816137827
3.1026858125E9	59.16482300884956
3.10268762E9	0.0
3.102689427E9	46.063628158844764
3.1026912315E9	0.0
3.102693033E9	59.45993031358885
3.1026948335E9	0.0
3.102696631E9	41.716096764765894
3.1026984255E9	54.189690721649484
3.1027002185E9	0.0
3.1027020085E9	0.0
3.1027037955E9	0.0
3.1027055795E9	0.0
3.1027073615E9	37.873861386138614
3.102709143E9	0.0
3.102710924E9	57.16680779000847
3.102712704E9	0.0
3.102714482E9	0.0
3.1027162525E9	0.0
3.1027180155E9	55.891755319148935
3.102719774E9	58.74051593323217
3.102721526E9	59.806451612903224
3.102723274E9	59.18962722852512
3.1027250205E9	52.660714285714285
3.102726766E9	0.0
3.1027285105E9	50.70942888589948
3.1027302535E9	50.67498470948012
3.1027319945E9	0.0
3.1027337345E9	0.0
3.1027354725E9	0.0
3.102737208E9	58.68609125893348
3.1027389415E9	0.0
3.1027406735E9	0.0
3.1027424045E9	54.81400437636761
3.102744133E9	58.911864406779664
3.1027458575E9	0.0
3.1027475775E9	0.0
3.1027492945E9	0.0
3.1027510075E9	15.942556033842957
3.1027527165E9	0.0
3.102754424E9	59.07671721677074
3.1027561305E9	59.1063829787234
3.102757836E9	0.0
3.1027595405E9	55.03606708017459
3.102761242E9	0.0
3.1027629405E9	58.894516626293765
3.102764638E9	0.0
3.102766335E9	58.79457084781326
3.102768031E9	0.0
3.102769726E9	0.0
3.10277142E9	0.0
3.10277311E9	0.0
3.1027747965E9	45.152024784244304
3.1027764795E9	57.88898999090082
3.102778159E9	59.035139964264445
3.102779838E9	46.8314472900536
3.1027815165E9	57.5927015891701
3.1027831925E9	49.53919330289193
3.1027848665E9	0.0
3.102786539E9	0.0
3.102788209E9	0.0
3.102789876E9	50.60881234623127
3.10279154E9	0.8900747065101388
3.1027932E9	56.68122270742358
3.102794855E9	0.0
3.1027965075E9	0.0
3.1027981585E9	0.0
3.102799808E9	50.14854894244958
3.102801457E9	0.0
3.1028031015E9	56.309372156505916
3.1028047405E9	0.0
3.1028063775E9	0.0
3.1028080115E9	59.48529411764706
3.102809643E9	15.82716049382716
3.1028112735E9	0.0
3.102812902E9	59.6
3.1028145275E9	0.0
3.102816148E9	34.93833333333333
3.1028177645E9	0.0
3.10281938E9	0.0
3.102820993E9	59.04739668456689
3.102822604E9	59.28227280279116
3.1028242125E9	0.0
3.102825818E9	0.0
3.102827423E9	0.0
3.1028290255E9	58.71952784192969
3.1028306245E9	0.0
3.1028322225E9	55.14197754436798
3.10283382E9	55.617747440273035
3.1028354165E9	0.0
3.102837012E9	0.0
3.1028386055E9	0.0
3.102840196E9	0.0
3.102841783E9	0.0
3.102843365E9	0.0
3.1028449435E9	58.152492668621704
3.102846521E9	0.0
3.102848098E9	0.0
3.102849675E9	44.19605499103407
3.1028512515E9	57.11807428927163
3.102852827E9	0.0
3.1028544015E9	58.4561626429479
3.1028559745E9	49.918933333333335
3.102857546E9	0.0
3.102859113E9	0.0
3.102860675E9	0.0
3.102862236E9	56.29483028137562
3.1028637965E9	59.38461538461539
3.1028653565E9	57.829232995658465
3.1028669135E9	58.17259317323452
3.1028684665E9	0.0
3.1028700165E9	58.71844660194175
3.1028715635E9	0.0
3.102873107E9	0.0
3.1028746455E9	59.62879640044994
3.10287618E9	58.521927449918785
3.1028777125E9	56.060400407193754
3.1028792445E9	0.0
3.1028807755E9	0.0
3.102882304E9	17.221214411690603
3.1028838305E9	58.91902363425029
3.1028853555E9	0.0
3.102886879E9	51.14618479565187
3.102888402E9	0.0
3.1028899245E9	0.0
3.1028914465E9	59.114546732255796
3.102892967E9	57.32866666666666
3.102894483E9	0.0
3.1028959935E9	0.0
3.1028975015E9	0.0
3.102899008E9	0.0
3.102900512E9	0.0
3.1029020115E9	58.264444278346666
3.102903505E9	0.0
3.1029049955E9	48.64760543245175
3.1029064855E9	59.36222403924775
3.102907974E9	18.956521739130434
3.1029094605E9	16.467499199487673
3.102910946E9	58.10366766467066
3.1029124305E9	11.232253367309793
3.102913914E9	56.2023016353725
3.102915395E9	0.0
3.102916874E9	59.310344827586206
3.1029183515E9	37.2262451755192
3.102919827E9	51.38830409356725
3.1029213005E9	0.0
3.102922771E9	58.44770642201835
3.1029242395E9	0.0
3.102925707E9	0.0
3.102927173E9	59.400499583680265
3.1029286375E9	58.03379767070108
3.102930101E9	0.0
3.102931564E9	0.0
3.102933025E9	54.589434364994666
3.102934484E9	59.44954128440367
3.1029359425E9	40.00294767870302
3.1029374005E9	57.96610169491525
3.1029388565E9	57.70700636942675
3.102940308E9	0.0
3.102941757E9	0.0
3.1029432055E9	55.23011137629276
3.1029446525E9	0.0
3.1029460965E9	58.17258883248731
3.102947538E9	56.03968999530296
3.1029489785E9	57.90282312271942
3.102950418E9	58.028169014084504
3.102951856E9	0.0
3.1029532925E9	58.00144822592324
3.102954725E9	30.20042194092827
3.102956154E9	0.0
3.102957582E9	0.0
3.1029590085E9	0.0
3.102960434E9	57.44550408719346
3.1029618585E9	59.53651685393258
3.1029632825E9	0.0
3.102964706E9	0.0
3.102966129E9	0.0
3.102967552E9	59.52333664349553
3.1029689705E9	0.0
3.1029703845E9	0.0
3.102971798E9	0.0
3.102973211E9	0.0
3.1029746225E9	0.0
3.102976032E9	0.0
3.102977441E9	0.0
3.1029788485E9	44.23446244477172
3.102980254E9	58.370637530497504
3.102981659E9	0.0
3.1029830635E9	0.0
3.1029844675E9	35.109835399309084
3.1029858705E9	0.0
3.1029872725E9	58.55855855855856
3.1029886745E9	40.631164525486945
3.1029900765E9	45.04259818731118
3.1029914775E9	59.375
3.1029928765E9	59.53321364452424
3.1029942735E9	26.671314741035857
3.102995669E9	0.0
3.1029970635E9	57.8547733136749
3.102998457E9	0.0
3.102999849E9	59.397097134350574
3.103001239E9	0.0
3.103002628E9	58.44501278772378
3.1030040165E9	54.29981308411215
3.103005404E9	0.0
3.1030067895E9	58.374887892376684
3.103008172E9	57.83818938605619
3.103009553E9	46.36720751494449
3.103010933E9	59.45558739255014
3.103012311E9	0.0
3.1030136875E9	59.53033268101761
3.1030150635E9	0.0
3.103016439E9	0.0
3.1030178135E9	0.0
3.1030191865E9	58.65828985198594
3.103020558E9	27.34020618556701
3.1030219285E9	0.0
3.1030232985E9	0.0
3.1030246665E9	0.0
3.103026031E9	0.0
3.1030273925E9	0.0
3.1030287505E9	0.0
3.103030106E9	57.0759137769447
3.103031461E9	0.0
3.1030328145E9	58.68205510052122
3.103034163E9	52.261533209792255
3.1030355075E9	0.0
3.1030368515E9	0.960431654676259
3.1030381945E9	53.68626388512598
3.1030395365E9	58.68248359414437
3.1030408755E9	58.05036555645816
3.1030422105E9	0.0
3.1030435445E9	0.0
3.103044878E9	45.17636744159738
3.1030462105E9	46.82635796972395
3.1030475405E9	56.04152637485971
3.1030488685E9	59.04473085670963
3.1030501965E9	57.48463166381135
3.103051524E9	58.68433506862281
3.10305285E9	58.685800604229605
3.1030541735E9	59.51456310679612
3.1030554945E9	57.73174520973589
3.103056814E9	0.0
3.1030581325E9	0.0
3.103059449E9	58.11614337315921
3.1030607635E9	0.0
3.103062077E9	58.15450643776824
3.10306339E9	58.4557153671461
3.1030647025E9	57.813712522045854
3.1030660135E9	0.0
3.103067323E9	59.54476479514416
3.103068632E9	58.890223396589
3.10306994E9	57.81287348471914
3.103071247E9	50.206129303106636
3.103072553E9	0.0
3.1030738575E9	0.0
3.103075161E9	58.47163619315518
3.1030764635E9	54.585798816568044
3.1030777655E9	0.0
3.103079067E9	54.210936162930004
3.103080368E9	0.0
3.1030816685E9	56.555379244684225
3.103082968E9	44.736929690750245
3.103084266E9	0.9758828596037898
3.103085562E9	0.0
3.1030868565E9	0.0
3.10308815E9	58.73217115689382
3.103089442E9	0.0
3.103090733E9	0.0
3.103092023E9	59.10306845003934
3.1030933115E9	0.0
3.1030945995E9	38.07103218645949
3.103095887E9	0.0
3.103097174E9	8.653846153846153
3.103098461E9	0.0
3.1030997475E9	0.0
3.103101032E9	0.0
3.103102314E9	29.63256227758007
3.103103593E9	29.872832369942195
3.1031048685E9	59.070191431175935
3.1031061405E9	0.0
3.103107409E9	58.17103311913
3.1031086755E9	59.12023460410557
3.1031099385E9	0.0
3.103111198E9	0.9621036349574633
3.1031124565E9	0.0
3.1031137145E9	0.0
3.1031149725E9	59.28
3.1031162295E9	0.0
3.103117485E9	0.0
3.1031187395E9	56.357619165225984
3.1031199935E9	0.0
3.103121247E9	0.0
3.1031224985E9	0.0
3.103123748E9	0.0
3.1031249965E9	0.0
3.1031262445E9	51.67690917306823
3.103127492E9	0.0
3.1031287365E9	58.49308047155305
3.1031299785E9	53.98627243928194
3.10313122E9	0.0
3.103132461E9	0.0
3.103133702E9	59.71995332555426
3.103134942E9	44.88086253369272
3.1031361805E9	0.0
3.103137418E9	22.149579831932773
3.1031386545E9	0.0
3.10313989E9	0.0
3.1031411245E9	0.0
3.1031423585E9	0.0
3.1031435925E9	59.16045418052529
3.103144826E9	52.89824304538799
3.1031460585E9	0.0
3.1031472905E9	0.0
3.103148522E9	0.0
3.1031497525E9	58.28775267538644
3.1031509815E9	0.0
3.103152209E9	59.6878612716763
3.103153436E9	59.38875305623472
3.1031546625E9	58.982209350434424
3.1031558875E9	0.0
3.1031571115E9	0.0
3.1031583335E9	0.0
3.1031595535E9	0.0
3.103160773E9	0.0
3.103161991E9	59.11220715166461
3.1031632075E9	52.896418944936464
3.103164423E9	0.0
3.1031656375E9	58.32635983263598
3.1031668515E9	52.42778139232271
3.1031680655E9	26.00446077145106
3.103169279E9	0.0
3.1031704915E9	58.941968579672974
3.103171702E9	52.55589555283558
3.1031729105E9	59.4038089980679
3.103174118E9	0.0
3.103175325E9	59.70173985086993
3.103176532E9	0.0
3.1031777385E9	59.38356164383562
3.1031789445E9	0.0
3.10318015E9	0.0
3.103181355E9	58.9778534923339
3.1031825595E9	0.0
3.1031837635E9	0.0
3.1031849675E9	0.0
3.103186171E9	51.10251450676983
3.103187373E9	0.0
3.103188574E9	0.0
3.1031897745E9	58.92639866396278
3.1031909745E9	0.0
3.103192174E9	58.393719806763286
3.1031933725E9	0.0
3.10319457E9	0.0
3.1031957665E9	0.0
3.103196962E9	0.0
3.1031981565E9	53.42016806722689
3.1031993505E9	0.0
3.103200543E9	59.002728851401635
3.103201733E9	44.00589141665911
3.1032029205E9	0.0
3.1032041065E9	0.0
3.1032052915E9	0.0
3.103206475E9	49.70063694267516
3.103207658E9	58.6698734706682
3.1032088405E9	0.0
3.103210022E9	0.0
3.103211203E9	0.0
3.103212384E9	55.40220152413209
3.103213565E9	0.0
3.103214745E9	0.0
3.1032159235E9	55.69553805774278
3.1032171015E9	0.0
3.103218279E9	0.0
3.103219456E9	0.0
3.10322063E9	0.0
3.103221801E9	0.0
3.103222972E9	54.969421670729005
3.1032241425E9	0.0
3.1032253125E9	43.28172671210646
3.103226481E9	57.6062445793582
3.103227648E9	58.08801213960546
3.103228815E9	0.0
3.103229981E9	0.0
3.103231146E9	0.0
3.1032323095E9	0.0
3.103233469E9	55.260430390865174
3.1032346255E9	0.0
3.1032357815E9	55.25815427423095
3.1032369365E9	57.838400666389006
3.1032380905E9	0.0
3.103239243E9	0.0
3.103240394E9	0.0
3.1032415445E9	57.5984506132989
3.1032426945E9	57.22960151802656
3.103243843E9	54.50298273155416
3.10324499E9	0.0
3.1032461365E9	0.0
3.1032472815E9	46.220159151193634
3.1032484255E9	59.81366459627329
3.103249569E9	0.0
3.1032507115E9	59.69309462915601
3.103251853E9	0.0
3.103252994E9	0.0
3.1032541345E9	0.0
3.1032552735E9	51.11364633611233
3.1032564095E9	54.4241461477363
3.1032575435E9	58.79574970484062
3.1032586765E9	58.82691201840138
3.103259808E9	3.312977099236641
3.103260939E9	11.477759914255092
3.1032620695E9	0.0
3.103263198E9	0.0
3.1032643245E9	58.5
3.1032654495E9	0.0
3.1032665725E9	0.0
3.1032676945E9	0.0
3.103268816E9	49.356107660455486
3.103269936E9	0.0
3.103271055E9	0.0
3.103272174E9	59.40913160250671
3.103273293E9	58.98123324396783
3.1032744115E9	36.697236180904525
3.1032755285E9	59.38800489596083
3.1032766445E9	25.816118935837245
3.10327776E9	0.0
3.103278875E9	56.344254278728606
3.10327999E9	49.11571364250338
3.1032811045E9	0.0
3.103282218E9	0.0
3.103283331E9	0.0
3.1032844425E9	0.0
3.1032855525E9	59.4
3.103286662E9	58.66947368421052
3.1032877705E9	53.33935018050541
3.103288878E9	57.613019891500905
3.103289985E9	0.0
3.103291092E9	0.0
3.103292199E9	6.876407369498465
3.1032933055E9	0.0
3.10329441E9	57.83759124087591
3.103295513E9	7.1688311688311686
3.103296616E9	58.353327855382084
3.1032977175E9	38.473930365494546
3.103298817E9	0.0
3.1032999155E9	56.07733258615859
3.103301013E9	0.0
3.1033021095E9	58.803969359331475
3.1033032055E9	0.0
3.1033043005E9	59.26305015353122
3.103305394E9	0.0
3.1033064855E9	0.0
3.1033075745E9	57.87436084733382
3.103308662E9	0.0
3.1033097485E9	0.0
3.103310834E9	0.0
3.1033119185E9	0.0
3.1033130025E9	58.81504702194357
3.1033140865E9	0.0
3.1033151705E9	0.0
3.103316254E9	0.0
3.103317337E9	0.0
3.1033184195E9	0.0
3.1033195015E9	58.726027397260275
3.103320583E9	56.60983925962007
3.103321664E9	59.39228031754722
3.103322744E9	59.202763752325275
3.1033238215E9	0.0
3.1033248965E9	58.670694864048336
3.10332597E9	36.07575004143875
3.103327043E9	0.0
3.103328115E9	55.22945736434109
3.103329185E9	0.0
3.103330253E9	0.0
3.10333132E9	0.0
3.103332387E9	0.0
3.1033334535E9	50.45668409260642
3.103334519E9	0.9941520467836257
3.103335584E9	0.0
3.103336649E9	0.0
3.103337714E9	0.0
3.103338779E9	0.0
3.1033398435E9	57.581102362204724
3.1033409075E9	20.00704845814978
3.1033419715E9	0.0
3.103343035E9	0.0
3.1033440975E9	0.0
3.1033451595E9	0.0
3.1033462215E9	53.709981167608284
3.103347283E9	0.0
3.1033483435E9	58.64150943396226
3.103349402E9	0.0
3.103350459E9	0.0
3.1033515155E9	0.0
3.103352571E9	0.0
3.103353626E9	58.93491124260355
3.103354681E9	53.01362141850634
3.103355736E9	0.0
3.1033567905E9	0.0
3.103357843E9	58.860137569603665
3.1033588935E9	40.979073243647235
3.1033599435E9	0.0
3.103360993E9	0.0
3.1033620415E9	38.08227067050596
3.103363089E9	0.0
3.1033641355E9	0.0
3.1033651815E9	58.67047891350965
3.1033662275E9	56.87255668491009
3.103367273E9	59.747048903878586
3.103368318E9	0.0
3.103369363E9	58.89532901466076
3.1033704075E9	0.0
3.1033714505E9	0.0
3.103372492E9	0.0
3.103373532E9	0.0
3.103374571E9	55.76882845188285
3.1033756095E9	0.0
3.1033766465E9	58.424821002386636
3.1033776825E9	0.0
3.103378718E9	14.548192771084338
3.103379753E9	0.9547511312217195
3.103380787E9	0.0
3.1033818195E9	21.593959731543624
3.103382851E9	0.0
3.103383882E9	58.190661478599225
3.103384913E9	0.0
3.103385942E9	0.0
3.103386969E9	0.0
3.1033879955E9	0.0
3.1033890215E9	0.0
3.1033900465E9	0.8966435801811401
3.1033910705E9	0.0
3.1033920935E9	31.400630914826497
3.1033931155E9	50.46409509946628
3.103394137E9	58.00195886385896
3.1033951575E9	0.0
3.103396177E9	0.0
3.1033971955E9	0.0
3.1033982135E9	0.0
3.1033992315E9	58.9501312335958
3.1034002485E9	0.0
3.1034012615E9	53.67192709490998
3.1034022715E9	57.51612232161431
3.103403281E9	59.04856293359762
3.1034042895E9	0.0
3.103405297E9	0.0
3.1034063035E9	0.0
3.103407309E9	0.0
3.103408314E9	0.0
3.1034093185E9	59.27051671732523
3.1034103225E9	0.0
3.103411326E9	0.0
3.103412329E9	51.97411003236246
3.103413332E9	57.49861033907727
3.103414335E9	0.0
3.1034153375E9	57.9314667781028
3.1034163395E9	0.0
3.1034173405E9	0.0
3.1034183405E9	58.97435897435897
3.1034230195E9	12.205882352941176
3.1034311645E9	54.40808014090709
3.1034385535E9	2.9191374663072778
3.103444272E9	57.692392624489344
3.103448588E9	0.0
3.103452529E9	0.9539618488628027
3.1034563265E9	58.55987981113178
3.103460075E9	50.911455676833626
3.1034637975E9	54.10214716223003
3.103467461E9	53.23658547648206
3.103471038E9	56.364057044297674
3.1034745565E9	55.7064406779661
3.10347799E9	53.707231104651164
3.1034813295E9	44.34162399414777
3.103484605E9	58.8838246603435
3.1034878305E9	29.71331467413035
3.1034910465E9	47.962208954202524
3.1034942485E9	54.646918389143686
3.1034973905E9	0.0
3.10350048E9	57.360748891443585
3.1035035475E9	57.997350781430576
3.103506574E9	49.29463629684056
3.1035095785E9	51.39909284354351
3.10351256E9	55.031209362808845
3.1035155065E9	42.49603148573303
3.10351844E9	53.69375413086583
3.10352132E9	46.581913499344694
3.1035241305E9	56.162595562185345
3.103526902E9	0.0
3.103529649E9	40.666491181889974
3.103532388E9	33.73813342580953
3.1035351035E9	50.98248704398662
3.103537785E9	57.32532833020638
3.1035404345E9	48.12422527620588
3.1035429975E9	55.73912461517869
3.103545488E9	24.778231342327334
3.1035479665E9	54.61797445255475
3.1035504075E9	57.74882916863115
3.103552812E9	0.0
3.1035551875E9	0.0
3.103557535E9	52.259498179515596
3.1035598595E9	49.415569064505235
3.1035621585E9	56.95070830917074
3.103564445E9	59.26283457656867
3.103566722E9	29.9865992970123
3.103568983E9	56.87615526802218
3.103571211E9	53.9237965210356
3.1035734005E9	31.28645343367827
3.103575568E9	0.0
3.103577725E9	11.274418604651164
3.103579877E9	0.0
3.103582016E9	0.0
3.1035841385E9	40.32217287324906
3.103586253E9	0.0
3.1035883585E9	45.38622704038645
3.1035904405E9	58.75432525951557
3.1035925065E9	40.74037442599788
3.103594569E9	58.8235294117647
3.103596622E9	57.54857997010463
3.1035986655E9	57.57692307692308
3.1036007005E9	35.06292270531401
3.1036027275E9	32.50603041426324
3.10360474E9	0.0
3.1036067365E9	58.26923076923077
3.103608723E9	0.0
3.103610703E9	0.0
3.103612671E9	52.12579617834395
3.103614626E9	58.83250414593698
3.1036165745E9	57.369778236204226
3.1036185145E9	43.72387287509239
3.1036204485E9	58.75776397515528
3.1036223555E9	58.5811623246493
3.1036242355E9	35.083584026426
3.1036261095E9	59.24151696606786
3.103627955E9	23.597560975609756
3.103629772E9	0.0
3.103631583E9	0.0
3.1036333895E9	0.0
3.10363519E9	47.65489260143198
3.103636984E9	0.8627787307032591
3.10363877E9	0.0
3.1036405435E9	58.24027807951336
3.1036423085E9	0.0
3.103644062E9	0.0
3.103645804E9	57.787091366303436
3.103647529E9	0.0
3.1036492365E9	58.99938987187309
3.10365094E9	58.22152886115445
3.103652635E9	39.99900640317951
3.1036543025E9	0.0
3.103655946E9	43.41062272885659
3.103657586E9	0.0
3.1036592235E9	58.084605026929985
3.1036608575E9	35.1448087431694
3.103662488E9	0.0
3.103664114E9	37.12315270935961
3.1036657365E9	46.2099242790398
3.1036673585E9	0.9782608695652174
3.103668979E9	57.81146376125059
3.1036705915E9	29.53095345684591
3.103672191E9	0.0
3.1036737835E9	52.648508430609596
3.1036753585E9	0.0
3.10367691E9	44.71649712516586
3.1036784535E9	58.12255541069101
3.1036799945E9	56.136588584625535
3.103681529E9	58.52546237648847
3.1036830525E9	58.09929078014184
3.103684569E9	0.0
3.103686083E9	0.0
3.103687593E9	0.9095354523227384
3.1036890985E9	58.32812431218911
3.1036906E9	46.81160088528218
3.103692097E9	0.0
3.103693592E9	0.0
3.1036950855E9	54.858705560619875
3.1036965775E9	48.707317073170735
3.103698068E9	0.0
3.103699555E9	0.8994864269992663
3.103701039E9	48.134142446502715
3.103702517E9	0.9570957095709571
3.1037039885E9	0.0
3.103705455E9	55.61844564142025
3.1037069165E9	0.0
3.1037083755E9	0.0
3.1037098325E9	16.897025171624716
3.103711287E9	0.0
3.103712735E9	0.0
3.103714177E9	0.0
3.1037156105E9	0.0
3.103717036E9	0.0
3.1037184575E9	52.57000710732054
3.103719873E9	0.0
3.103721286E9	0.0
3.1037226985E9	59.37219730941704
3.103724108E9	0.0
3.1037255145E9	58.13390313390313
3.1037269155E9	44.599726775956285
3.1037283085E9	58.47489150650961
3.1037296945E9	23.95625713198935
3.1037310735E9	24.041095890410958
3.103732449E9	0.0
3.103733822E9	50.615623383341955
3.103735191E9	0.0
3.1037365565E9	57.12519248537111
3.1037379165E9	57.97153024911032
3.103739272E9	0.0
3.1037406255E9	47.04306220095694
3.1037419765E9	0.0
3.1037433245E9	0.0
3.10374467E9	59.0631970260223
3.1037460125E9	13.605633802816902
3.1037473475E9	0.0
3.103748677E9	0.0
3.1037500035E9	0.0
3.1037513235E9	58.911419423692635
3.103752635E9	0.0
3.1037539405E9	0.0
3.1037552445E9	58.1146408839779
3.103756548E9	58.8235294117647
3.10375785E9	0.0
3.1037591505E9	59.65384615384615
3.103760449E9	57.473770829047524
3.1037617455E9	0.0
3.1037630385E9	54.34487200128804
3.1037643255E9	58.90310786106033
3.1037656085E9	0.0
3.10376689E9	0.0
3.1037681705E9	58.00632911392405
3.10376945E9	0.0
3.1037707255E9	57.953216374269005
3.103771995E9	0.0
3.103773262E9	0.0
3.1037745285E9	0.0
3.1037757935E9	58.84323640960809
3.1037770575E9	43.96378269617706
3.1037783215E9	0.0
3.103779585E9	0.0
3.103780841E9	47.57494407158837
3.1037820855E9	0.0
3.103783325E9	38.91357429718875
3.103784562E9	56.016374714394516
3.103785797E9	53.86949984172207
3.103787031E9	24.54756756756757
3.1037882635E9	52.24511278195489
3.1037894945E9	58.21727019498607
3.1037907225E9	0.0
3.103791947E9	0.0
3.1037931655E9	0.0
3.103794379E9	0.0
3.103795591E9	0.0
3.103796801E9	52.753781512605045
3.1037980065E9	0.0
3.103799207E9	0.0
3.103800405E9	0.0
3.1038016E9	0.0
3.103802792E9	0.0
3.103803981E9	0.0
3.1038051675E9	37.64573872984534
3.1038063525E9	0.9607843137254902
3.1038075365E9	58.35616438356164
3.1038087195E9	43.747680890538035
3.1038099E9	0.0
3.103811076E9	0.0
3.103812247E9	0.0
3.103813415E9	25.657021877205363
3.1038145815E9	0.0
3.103815747E9	0.0
3.1038169115E9	0.0
3.103818075E9	0.0
3.1038192355E9	58.34622144112478
3.1038203935E9	29.676557863501483
3.103821551E9	0.0
3.103822708E9	0.0
3.103823865E9	38.12690230731468
3.103825021E9	0.0
3.1038261755E9	0.0
3.103827327E9	0.0
3.1038284755E9	56.49557522123894
3.1038296235E9	0.0
3.1038307705E9	0.0
3.1038319155E9	0.0
3.1038330575E9	53.27297297297297
3.1038341955E9	57.121212121212125
3.1038353305E9	0.0
3.103836464E9	33.17908017908018
3.103837595E9	24.443156732891833
3.103838723E9	0.0
3.10383985E9	0.0
3.1038409725E9	50.45032410616005
3.1038420865E9	58.345914013784046
3.1038431935E9	0.0
3.1038442975E9	59.130434782608695
3.1038454E9	32.9700272479564
3.1038464995E9	0.0
3.1038475965E9	13.748175182481752
3.1038486915E9	0.0
3.103849784E9	58.96848137535817
3.103850874E9	0.0
3.1038519615E9	38.150270614453994
3.103853047E9	29.476394849785407
3.1038541315E9	57.559322033898304
3.103855215E9	58.96995708154506
3.103856298E9	44.84900373599004
3.103857379E9	58.28382838283829
3.1038584565E9	0.0
3.103859529E9	0.0
3.1038605975E9	0.0
3.103861665E9	0.0
3.103862732E9	0.0
3.103863799E9	0.0
3.103864864E9	0.0
3.1038659265E9	0.0
3.103866987E9	36.77597173144876
3.1038680455E9	49.79227467811159
3.1038691035E9	0.0
3.10387016E9	35.09895337773549
3.1038712145E9	0.0
3.1038722685E9	57.423432682425485
3.103873322E9	0.0
3.103874375E9	0.0
3.1038754275E9	54.65069356872635
3.103876479E9	0.0
3.103877529E9	46.2262323943662
3.103878577E9	54.00743099787686
3.1038796225E9	58.62162162162162
3.103880666E9	0.8633333333333333
3.103881709E9	53.49598816366016
3.1038827515E9	0.0
3.1038837935E9	35.27683615819209
3.103884835E9	0.0
3.1038858755E9	38.80805580558056
3.103886915E9	0.0
3.1038879535E9	0.0
3.103888991E9	0.0
3.103890028E9	48.23197492163009
3.103891064E9	54.94948397609995
3.103892095E9	0.0
3.103893119E9	56.70757119703635
3.10389414E9	47.04989930633251
3.10389516E9	36.30720695457095
3.103896179E9	50.848466067555
3.1038971965E9	0.0
3.1038982115E9	0.0
3.103899225E9	0.0
3.103900236E9	0.0
3.1039012445E9	28.502183406113538
3.103902252E9	0.9836065573770492
3.1039032575E9	0.0
3.1039042615E9	0.0
3.103905265E9	52.974519856148135
3.103906267E9	0.0
3.1039072675E9	0.0
3.1039082675E9	57.259587020648965
3.1039092675E9	0.0
3.103918732E9	52.71101175495218
3.103932571E9	0.9403669724770642
3.103941472E9	30.0928008785882
3.1039494115E9	0.0
3.1039572085E9	0.0
3.103963938E9	48.51932838734869
3.1039695055E9	43.98289140719551
3.103974766E9	0.0
3.1039797995E9	0.0
3.103984567E9	58.1327732926031
3.1039891115E9	0.0
3.1039934845E9	0.0
3.103997683E9	56.10588580367618
3.104001684E9	59.390560562089505
3.104005458E9	47.31493718809155
3.104009178E9	0.0
3.1040128475E9	0.0
3.104016433E9	59.45637711461699
3.104019926E9	57.342997724988095
3.104023359E9	0.0
3.104026758E9	0.0
3.1040301305E9	39.05292702485966
3.104033452E9	0.0
3.104036731E9	23.040225515371482
3.1040399985E9	0.0
3.104043259E9	57.10978624400175
3.1040464995E9	0.0
3.104049674E9	57.58101135190918
3.1040527925E9	0.0
3.1040558995E9	0.0
3.104058987E9	0.0
3.104062054E9	0.0
3.104065115E9	0.9980806142034548
3.1040681395E9	0.0
3.1040711275E9	59.199737240226135
3.1040740845E9	0.0
3.1040770095E9	46.19200978393803
3.104079908E9	59.66468739084876
3.104082775E9	59.333333333333336
3.1040856295E9	59.43074003795066
3.104088461E9	53.28852535691218
3.10409126E9	58.037408005744034
3.1040940205E9	0.0
3.1040967325E9	58.940458015267176
3.1040994055E9	58.70714299272983
3.104102056E9	0.0
3.1041046865E9	0.0
3.104107298E9	56.802321363801234
3.104109892E9	35.40132264887247
3.1041124505E9	58.800366860287376
3.1041149735E9	0.0
3.1041174795E9	0.0
3.10411997E9	53.11365747909569
3.1041224495E9	54.639084507042256
3.104124925E9	0.0
3.104127395E9	57.78557358966278
3.1041298495E9	20.663924310983134
3.1041322855E9	0.0
3.104134709E9	59.25403225806452
3.1041371215E9	58.00381717729784
3.104139523E9	29.439214631522322
3.1041418965E9	54.71315730083503
3.104144241E9	15.64430782014506
3.1041465705E9	47.55415793151642
3.104148885E9	35.74601353676724
3.1041511915E9	12.666841278156102
3.1041534905E9	59.26677624526549
3.104155772E9	56.83038348082596
3.10415804E9	57.078303998595445
3.1041603025E9	0.0
3.1041625525E9	0.0
3.1041647915E9	56.58819068255688
3.1041670245E9	59.263149581424734
3.104169246E9	59.34988713318285
3.104171456E9	0.0
3.104173654E9	6.524028955142666
3.104175845E9	56.76145648312611
3.1041780355E9	0.0
3.1041802225E9	58.68791109095033
3.1041823975E9	29.44199003553635
3.104184563E9	26.739292534327543
3.1041867265E9	59.42645698427382
3.1041888805E9	12.263934288827425
3.1041910115E9	0.0
3.1041931255E9	0.0
3.1041952355E9	0.9108231707317073
3.1041973425E9	55.25150536055221
3.1041994485E9	0.0
3.1042015545E9	30.127725332716608
3.104203656E9	0.0
3.104205745E9	57.8575477045154
3.1042078145E9	56.86422590707601
3.104209871E9	58.18935499917095
3.1042119255E9	0.0
3.104213971E9	56.86481303930968
3.1042160055E9	0.0
3.1042180375E9	41.427424749163876
3.1042200635E9	0.0
3.1042220825E9	0.0
3.1042240985E9	0.0
3.104226106E9	0.0
3.104228107E9	50.75522059978019
3.104230103E9	0.0
3.1042320935E9	49.52716297786721
3.10423408E9	0.0
3.104236062E9	58.80369870930456
3.104238043E9	57.834140181014526
3.104240023E9	58.986486486486484
3.104241994E9	42.0586319218241
3.1042439415E9	0.0
3.104245872E9	0.0
3.104247777E9	58.984547461368656
3.1042496545E9	58.510523475445225
3.104251516E9	0.0
3.104253365E9	20.621173976414468
3.104255206E9	0.0
3.1042570385E9	24.78416588124411
3.1042588675E9	30.38691489986492
3.1042606875E9	7.591609495807471
3.1042625015E9	57.93047116817608
3.104264304E9	57.080964375674704
3.104266094E9	0.0
3.1042678815E9	0.0
3.1042696635E9	0.0
3.1042714405E9	15.128349788434415
3.1042732095E9	0.0
3.1042749695E9	0.0
3.104276727E9	0.0
3.1042784825E9	0.0
3.1042802355E9	58.56454378806694
3.104281987E9	32.89010576257784
3.104283737E9	0.0
3.1042854805E9	0.0
3.104287214E9	26.540395186686446
3.1042889415E9	51.480650291570946
3.1042906625E9	54.52247191011236
3.1042923765E9	59.19466814773674
3.104294088E9	31.34333502934579
3.104295795E9	58.60858436700138
3.1042974975E9	59.73459156590976
3.104299198E9	4.1341620556355645
3.1043008905E9	46.495388788426766
3.1043025755E9	44.17869575307496
3.1043042575E9	56.77453326950694
3.1043059365E9	58.75636363636364
3.1043076145E9	0.0
3.104309292E9	59.011124845488254
3.1043109685E9	0.0
3.1043126425E9	37.09288313507656
3.104314313E9	0.0
3.1043159815E9	57.3921568627451
3.104317647E9	0.0
3.1043193085E9	0.0
3.1043209685E9	57.71186440677966
3.1043226275E9	59.222965680984245
3.1043242845E9	0.0
3.1043259405E9	0.0
3.1043275945E9	0.0
3.104329244E9	0.0
3.10433089E9	37.983797796500326
3.104332533E9	33.14002828854314
3.1043341725E9	54.791666666666664
3.104335808E9	58.78865979381443
3.1043374375E9	16.537128712871286
3.1043390575E9	0.0
3.1043406705E9	0.0
3.104342279E9	0.0
3.104343883E9	29.694973343488194
3.104345484E9	59.41948859709744
3.104347078E9	0.0
3.1043486665E9	58.65554465161924
3.104350253E9	0.0
3.1043518375E9	58.47801578354002
3.1043534215E9	51.16035735428664
3.1043550035E9	0.0
3.1043565795E9	0.0
3.1043581505E9	49.8805166042478
3.10435972E9	59.19938650306749
3.1043612885E9	52.13924636607722
3.104362856E9	19.934253780407627
3.104364422E9	54.32972972972973
3.104365984E9	15.740722414646214
3.104367543E9	1.94983498349835
3.1043691005E9	0.0
3.1043706555E9	54.01183431952663
3.104372207E9	0.0
3.1043737525E9	0.0
3.104375294E9	58.89628180039139
3.1043768335E9	0.0
3.104378371E9	45.807502467917075
3.104379907E9	0.0
3.1043814395E9	47.494771241830065
3.1043829685E9	58.577586206896555
3.1043844935E9	59.240231548480466
3.1043860115E9	0.0
3.104387523E9	0.0
3.104389031E9	37.44094304388422
3.1043905345E9	48.68688845401174
3.104392034E9	0.0
3.104393533E9	0.0
3.104395031E9	55.01055054671015
3.1043965275E9	0.0
3.1043980195E9	59.26075268817204
3.1043995065E9	0.0
3.104400992E9	0.0
3.104402475E9	57.31299212598425
3.104403955E9	59.097145386147375
3.1044054305E9	58.18181818181818
3.1044069025E9	52.142859088839735
3.1044083735E9	58.25039619651347
3.1044098415E9	0.0
3.104411307E9	0.0
3.10441277E9	0.0
3.1044142295E9	58.29611089718907
3.104415687E9	28.318944715534347
3.1044171395E9	0.0
3.104418587E9	0.0
3.1044200325E9	17.754043126684635
3.104421476E9	56.20245757753072
3.104422919E9	0.0
3.1044243595E9	0.0
3.1044257945E9	26.995871645712143
3.1044272255E9	2.6645569620253164
3.1044286555E9	0.0
3.104430085E9	0.0
3.104431514E9	0.0
3.104432943E9	59.144506648005596
3.1044343705E9	57.93925902369216
3.1044357965E9	0.0
3.1044372195E9	58.923169993950395
3.1044386375E9	52.35718033933881
3.1044400535E9	0.0
3.104441469E9	47.57423641229123
3.104442884E9	28.2077403679278
3.1044442985E9	0.0
3.104445712E9	0.0
3.1044471235E9	0.9462151394422311
3.104448531E9	56.75854465270121
3.1044499345E9	57.62798829658175
3.1044513345E9	0.0
3.104452732E9	0.0
3.104454128E9	58.564547745729485
3.1044555215E9	0.0
3.1044569115E9	58.72767857142857
3.1044582985E9	0.0
3.1044596825E9	0.0
3.104461064E9	58.10725552050473
3.104462444E9	0.0
3.1044638215E9	34.90526506734388
3.1044651965E9	34.78665117422296
3.1044665705E9	53.79393496529046
3.104467944E9	0.9227941176470589
3.104469317E9	0.0
3.1044706895E9	59.737609329446066
3.1044720605E9	0.0
3.104473429E9	0.0
3.104474795E9	0.0
3.1044761595E9	19.578289144572285
3.104477522E9	51.922289156626505
3.104478883E9	0.0
3.104480241E9	0.0
3.104481596E9	50.627285513361464
3.1044829505E9	0.0
3.104484304E9	55.62337217272104
3.104485655E9	46.37016875340229
3.104487002E9	0.0
3.1044883465E9	0.0
3.10448969E9	0.0
3.1044910305E9	48.81612090680101
3.1044923685E9	53.91962077493817
3.1044937065E9	0.0
3.1044950435E9	59.67032967032967
3.104496378E9	15.456675701670019
3.104497711E9	0.0
3.1044990435E9	0.0
3.1045003715E9	58.65623313545602
3.104501695E9	58.80408361691784
3.104503018E9	0.0
3.1045043395E9	0.0
3.1045056595E9	0.0
3.104506978E9	0.0
3.1045082945E9	0.0
3.1045096045E9	38.24300799086758
3.1045109085E9	0.0
3.104512212E9	58.3420899007589
3.1045135145E9	0.0
3.104514816E9	0.0
3.1045161165E9	58.74635120602243
3.1045174155E9	42.85749001909391
3.104518713E9	23.50723404255319
3.104520009E9	0.0
3.1045212985E9	0.0
3.104522582E9	29.81521396277994
3.104523865E9	22.983504788932244
3.104525146E9	59.212103910933486
3.1045264245E9	0.0
3.104527699E9	29.71754932502596
3.10452897E9	59.140022050716645
3.1045302395E9	0.8003663003663004
3.1045315055E9	2.9627329192546585
3.104532769E9	59.14179104477612
3.1045340315E9	59.723502304147466
3.104535293E9	13.021505376344086
3.1045365535E9	56.88477951635846
3.104537813E9	15.614177693761814
3.104539072E9	0.0
3.1045403305E9	59.92376111817027
3.1045415875E9	57.384763741562196
3.104542842E9	57.956204379562045
3.1045440925E9	0.0
3.1045453405E9	0.0
3.1045465875E9	0.0
3.1045478335E9	0.0
3.1045490785E9	0.0
3.1045503195E9	58.09564393939394
3.1045515575E9	58.81742738589212
3.1045527945E9	0.0
3.1045540295E9	56.38663967611336
3.1045552635E9	0.0
3.104556496E9	0.9303201506591338
3.104557727E9	0.0
3.1045589575E9	53.415519053149715
3.1045601875E9	59.5609756097561
3.1045614165E9	59.791485664639445
3.104562644E9	0.0
3.1045638685E9	0.0
3.1045650905E9	39.57831325301205
3.104566312E9	44.26289926289926
3.104567533E9	47.10958904109589
3.1045687535E9	0.0
3.1045699725E9	0.9461028192371476
3.1045711905E9	0.0
3.1045724075E9	0.0
3.1045736235E9	0.0
3.1045748375E9	58.746432241123415
3.1045760485E9	0.9764868603042877
3.104577258E9	0.0
3.1045784665E9	57.87583056478405
3.1045796745E9	0.0
3.1045808815E9	0.0
3.104582087E9	0.0
3.104583292E9	0.0
3.1045844955E9	0.0
3.1045856965E9	0.0
3.104586896E9	0.0
3.1045880945E9	58.47067925112177
3.1045892925E9	0.0
3.1045904905E9	4.547930283224401
3.104591687E9	48.70827285921626
3.1045928815E9	53.746770025839794
3.104594074E9	58.36363636363637
3.104595264E9	43.470790378006875
3.1045964525E9	56.49239222316145
3.1045976365E9	0.0
3.1045988165E9	57.78438030560272
3.104599996E9	0.0
3.1046011715E9	16.863567763356475
3.1046023415E9	0.0
3.1046035085E9	15.118367346938776
3.10460467E9	0.0
3.1046058265E9	0.0
3.1046069825E9	54.37747470303564
3.104608138E9	0.0
3.1046092925E9	0.0
3.1046104465E9	58.08932676518884
3.104611598E9	59.7911227154047
3.104612744E9	0.0
3.104613887E9	58.16272965879265
3.1046150285E9	50.6807372175981
3.104616167E9	0.0
3.104617303E9	0.0
3.104618438E9	0.9441860465116279
3.104619573E9	0.0
3.104620704E9	51.828371433634594
3.104621831E9	56.48674308208869
3.1046229575E9	56.24866936342346
3.104624082E9	12.678181177299965
3.104625205E9	57.42768595041322
3.104626328E9	1.8868686868686868
3.1046274505E9	36.34102934102934
3.1046285725E9	59.556550951847704
3.104629694E9	59.42173479561316
3.104630815E9	0.9755213055303718
3.104631935E9	2.9622641509433962
3.104633054E9	0.0
3.104634173E9	0.0
3.1046352915E9	55.974955277280856
3.104636408E9	0.0
3.1046375185E9	16.712466843501325
3.1046386245E9	0.0
3.1046397295E9	0.0
3.1046408325E9	0.0
3.104641934E9	58.70452945318001
3.1046430335E9	0.0
3.1046441315E9	0.0
3.1046452285E9	0.0
3.1046463245E9	0.0
3.10464742E9	0.0
3.104648514E9	58.53402268178786
3.1046496055E9	2.948771562990068
3.104650695E9	0.0
3.104651783E9	59.656324582338904
3.10465287E9	0.0
3.104653956E9	59.41541186891054
3.104655041E9	57.79016859638432
3.104656126E9	0.9547738693467337
3.10465721E9	0.0
3.1046582915E9	0.0
3.1046593715E9	9.426751592356688
3.104660451E9	37.899057873485866
3.10466153E9	0.0
3.104662609E9	34.202993451824135
3.104663686E9	49.97065023512243
3.1046647605E9	55.003935148748624
3.104665834E9	0.0
3.1046669055E9	0.0
3.1046679745E9	41.99562636676039
3.104669042E9	0.0
3.1046701085E9	0.0
3.1046711745E9	0.0
3.1046722405E9	46.178072214473886
3.104673305E9	0.0
3.104674368E9	45.69514106583072
3.104675431E9	33.613288166910465
3.1046764935E9	0.0
3.1046775535E9	0.0
3.1046786105E9	55.317326732673266
3.1046796645E9	0.0
3.104680716E9	0.0
3.104681767E9	0.0
3.1046828175E9	0.0
3.1046838665E9	1.986254295532646
3.1046849135E9	0.0
3.1046859595E9	2.8985181859003144
3.104687005E9	0.0
3.104688049E9	9.343076923076923
3.1046890895E9	58.540856031128406
3.1046901265E9	59.639336378937244
3.104691162E9	0.0
3.104692197E9	58.863720757519495
3.104693232E9	59.49748743718593
3.104694266E9	58.29641588634162
3.1046952985E9	0.0
3.10469633E9	0.0
3.1046973585E9	40.816283003603736
3.1046983845E9	59.39718687206966
3.1046994105E9	0.0
3.104700435E9	59.530791788856305
3.1047014575E9	58.48844101956135
3.1047024785E9	0.0
3.1047034985E9	16.655701754385966
3.1047045185E9	59.739978331527624
3.104705538E9	0.0
3.1047065565E9	37.414806750136094
3.1047075745E9	0.0
3.104708592E9	0.0
3.104709608E9	59.34975369458128
3.104710623E9	0.0
3.104711638E9	17.238542556219755
3.1047126525E9	3.873684210526316
3.1047136665E9	0.0
3.10471468E9	0.0
3.104715693E9	0.0
3.104716706E9	0.0
3.1047177185E9	58.556670602125145
3.10471873E9	0.0
3.104719741E9	0.0
3.104720751E9	39.97388260635434
3.1047217595E9	0.0
3.1047227675E9	0.0
3.104723775E9	0.0
3.104724782E9	0.0
3.104725789E9	17.619812059514487
3.1047267955E9	0.0
3.104727801E9	0.0
3.104728805E9	0.0
3.104729807E9	59.2559026949678
3.1047308075E9	0.0
3.104740963E9	0.0
3.104756475E9	44.8172147418267
3.104767963E9	57.20594097651421
3.104778484E9	0.0
3.1047881575E9	22.916991672472278
3.1047976135E9	54.279743980493755
3.1048068795E9	38.255821466067246
3.1048160235E9	59.24018481337236
3.104824959E9	15.238059081741607
3.1048336895E9	41.97851206589633
3.1048423175E9	6.7446344125136415
3.1048506295E9	56.41085545912699
3.104858538E9	56.97685820749167
3.10486621E9	19.918644029891613
3.104873738E9	0.0
3.104881204E9	49.823579699511946
3.1048886055E9	57.98865957890348
3.104895888E9	50.2626978621429
3.1049030315E9	57.36357468256276
3.1049100215E9	56.42079434665969
3.104916928E9	4.321984896006729
3.1049238165E9	48.14282822294361
3.104930685E9	53.45496738071656
3.1049375335E9	53.41782961336215
3.1049443175E9	12.04361836805156
3.1049510255E9	54.87928894986935
3.104957646E9	55.918758357629834
3.1049641205E9	1.6446853357422464
3.104970491E9	9.316696954922211
3.104976811E9	57.87613640580356
3.1049830915E9	43.952947826954414
3.104989311E9	49.104743357907914
3.104995483E9	25.69089463220676
3.1050016285E9	43.94948649544036
3.105007741E9	40.43784033121822
3.105013843E9	44.475567011551014
3.105019839E9	53.30189748676397
3.1050257E9	45.17706263822769
3.105031511E9	39.10520570032163
3.1050372955E9	0.0
3.105043063E9	0.0
3.1050488005E9	58.210870659285355
3.1050545125E9	56.45925658607001
3.1050601615E9	32.344514560595876
3.1050657395E9	56.25060145522826
3.1050713015E9	27.36388021499872
3.1050767895E9	34.30301599902733
3.105082186E9	49.22296793437733
3.1050875235E9	57.165058326713215
3.105092801E9	38.40644325343071
3.105098007E9	47.66412735285075
3.1051031505E9	57.60460868343403
3.1051082045E9	59.18901384083045
3.105113172E9	54.327894223328734
3.105118124E9	41.017676870058786
3.105123046E9	56.342366042988935
3.105127928E9	0.0
3.105132784E9	53.83798451868234
3.1051375455E9	43.723765826973136
3.105142205E9	46.61713019703969
3.1051468215E9	33.092228141648384
3.105151389E9	28.949199158712183
3.1051559265E9	52.511634357117835
3.105160444E9	55.34637954017618
3.105164943E9	54.719530791788856
3.1051694125E9	0.0
3.1051738415E9	48.34443446340841
3.105178253E9	36.8165691076335
3.1051826085E9	45.053647485274126
3.1051869095E9	58.083932929728356
3.105191198E9	55.76708070959052
3.105195423E9	0.0
3.105199594E9	41.923549362020545
3.1052037465E9	0.0
3.105207865E9	39.94002485158084
3.10521196E9	0.0
3.105216012E9	54.342790482296785
3.1052200195E9	0.0
3.105224006E9	41.92319461140308
3.1052278585E9	53.22836542427692
3.105231579E9	50.35880292509064
3.1052352765E9	30.24486683092808
3.1052389575E9	40.692033994795054
3.105242632E9	40.686868686868685
3.1052463045E9	17.690411161142688
3.105249957E9	47.1211004784689
3.10525359E9	57.354517146977074
3.105257213E9	15.300379423457741
3.105260822E9	31.08075206720042
3.1052644205E9	45.863131160732244
3.1052680095E9	35.98857657486847
3.1052715945E9	4.950071326676177
3.105275175E9	55.9462863187122
3.105278732E9	58.91218130311615
3.1052822555E9	33.51088372093023
3.105285765E9	45.59860330954911
3.1052892635E9	45.85018637346178
3.105292744E9	12.28485370051635
3.105296203E9	0.0
3.105299639E9	56.76141892616011
3.10530305E9	52.18297319855328
3.105306431E9	59.000499194481634
3.105309783E9	54.5420245398773
3.1053131135E9	48.012759603637846
3.105316433E9	51.75781417419256
3.105319747E9	39.853415195702226
3.105323045E9	0.0
3.1053263115E9	0.0
3.10532956E9	0.925520649488175
3.105332802E9	56.73024572942359
3.105336038E9	52.68986875092169
3.1053392555E9	56.53290987756605
3.105342453E9	56.318131686779
3.105345638E9	39.567918638606386
3.1053488045E9	52.40238904874008
3.105351955E9	48.617566662947674
3.105355096E9	59.35454126325496
3.1053582345E9	54.39889846665255
3.1053613715E9	0.0
3.1053645055E9	0.9828571428571429
3.1053676375E9	30.34227330779055
3.105370751E9	21.341561308448725
3.1053738455E9	50.59755824873664
3.105376939E9	49.28444637112414
3.105380015E9	0.0
3.105383037E9	37.12427301290193
3.105386017E9	7.9582836710369484
3.105388988E9	49.98721601503647
3.105391952E9	0.0
3.10539491E9	53.535389543294066
3.105397855E9	54.76728953958775
3.105400789E9	15.981362335646287
3.10540371E9	58.23931394881415
3.1054066165E9	55.18977176669485
3.1054095145E9	50.79360586129381
3.1054124035E9	30.216382085296445
3.105415289E9	9.906499826207856
3.1054181705E9	10.824413145539905
3.105421047E9	48.54266231841091
3.105423915E9	58.85559374546159
3.1054267735E9	41.5926711494201
3.1054296205E9	26.309712060420107
3.10543244E9	43.512756969867645
3.105435239E9	52.32615969051685
3.1054380315E9	0.0
3.105440812E9	49.92004741833509
3.105443576E9	59.630712417294966
3.1054463305E9	15.754657494984237
3.105449079E9	58.61444791838078
3.105451813E9	2.6192435301924353
3.1054545365E9	47.72737518313986
3.1054572385E9	30.88447057609985
3.105459914E9	59.51219512195122
3.10546258E9	16.97559352789959
3.1054652375E9	47.74524859136426
3.105467887E9	56.65893638328151
3.105470528E9	52.167812929848694
3.105473162E9	0.0
3.105475793E9	37.643078500880655
3.1054784135E9	42.69302864964544
3.105481019E9	42.6348571843884
3.1054836015E9	57.842604626982066
3.1054861625E9	0.0
3.105488716E9	56.654171203401255
3.105491267E9	24.41259935920003
3.1054938115E9	8.746010439970172
3.1054963495E9	22.99527559055118
3.105498881E9	0.0
3.1055013925E9	3.0080971659919027
3.1055038895E9	11.944055944055943
3.105506379E9	56.29378298153034
3.105508858E9	50.14946673827975
3.10551133E9	58.44838869608329
3.105513792E9	57.56895886062374
3.1055162415E9	0.0
3.105518682E9	40.76186537727446
3.105521118E9	41.96131653799269
3.105523549E9	53.97948193387286
3.105525972E9	51.708333333333336
3.105528388E9	33.95531253687896
3.1055308005E9	35.25033467202142
3.1055332065E9	49.51604577550523
3.105535606E9	44.728792045694945
3.1055380035E9	49.270937632583795
3.105540398E9	17.08044967503952
3.1055427875E9	56.22283161412175
3.1055451725E9	7.766018306636155
3.1055475555E9	59.3510866238139
3.1055499375E9	0.0
3.105552312E9	59.62548764629389
3.1055546785E9	56.72246696035242
3.1055570425E9	52.07512513601741
3.105559404E9	48.89397851253435
3.105561761E9	47.618243902439026
3.105564112E9	23.67698353682583
3.1055664605E9	45.31135962330783
3.1055688045E9	29.411980889378906
3.105571144E9	1.9601328903654485
3.1055734815E9	59.43709405821506
3.105575816E9	27.46648512777545
3.1055781475E9	0.8068251066422912
3.105580476E9	47.01540328288786
3.1055827985E9	47.23021630763753
3.105585104E9	53.94778296382731
3.1055873965E9	57.22278902432476
3.105589686E9	40.3791352141093
3.1055919665E9	46.19526420156305
3.1055942405E9	0.0
3.105596511E9	55.58051717699776
3.1055987745E9	1.787188612099644
3.105601033E9	14.329615861214375
3.1056032815E9	55.68556800992902
3.105605521E9	36.22390633508804
3.1056077565E9	12.599696635410922
3.1056099875E9	58.316052467207996
3.1056122175E9	3.940959409594096
3.1056144435E9	0.0
3.1056166625E9	0.0
3.1056188775E9	18.727617291538618
3.1056210895E9	38.3046357615894
3.105623296E9	8.027793729183415
3.105625496E9	29.43172554347826
3.1056276925E9	57.17846153846154
3.1056298885E9	57.061928934010155
3.105632076E9	41.72281639928699
3.1056342545E9	49.088894091937874
3.1056364325E9	24.71491045853104
3.1056386075E9	0.0
3.1056407785E9	54.099155555555555
3.105642947E9	32.58527315914489
3.105645114E9	0.0
3.105647276E9	26.972728276471237
3.105649431E9	59.29049323167885
3.105651583E9	5.9244917715392065
3.105653732E9	59.602649006622514
3.105655878E9	52.8888625451959
3.1056580215E9	0.0
3.1056601635E9	36.05273510678157
3.1056623025E9	21.124274887570536
3.1056644355E9	40.895245714285714
3.1056665645E9	40.62846940431748
3.1056686915E9	50.13292479108635
3.1056708175E9	0.0
3.10567294E9	46.31747953697874
3.105675053E9	44.36007243096424
3.105677152E9	53.53843560350641
3.105679241E9	29.758020874135685
3.1056813275E9	36.74015716937172
3.105683412E9	54.788401253918494
3.105685491E9	28.50741386829481
3.105687566E9	43.52046591748011
3.1056896395E9	19.761327503974563
3.1056917095E9	28.38767677903675
3.105693777E9	36.03805138148328
3.105695838E9	0.0
3.105697891E9	42.99570973277764
3.1056999415E9	47.25227560050569
3.105701983E9	44.64584039595905
3.1057040115E9	57.9413056206089
3.1057060315E9	0.0
3.105708045E9	22.4514157014157
3.105710055E9	33.266518424396445
3.105712061E9	28.329257513258693
3.105714063E9	24.280964783150267
