#Position (bp)	mapping quality
3882144.5	55.63698764767788
1.16464325E7	57.67359842750734
1.94107205E7	58.37923569674195
2.71750085E7	59.02431059347712
3.49392965E7	59.04055902394358
4.27035845E7	59.14713861069392
5.04678725E7	59.18643061615545
5.82321605E7	59.19615183301572
6.59964485E7	59.19614100480294
7.37607365E7	59.31066208159011
8.15250245E7	59.21664261658985
8.92893125E7	59.20765954147778
9.70536005E7	59.27942942057076
1.048178885E8	57.637032072673
1.125821765E8	59.085841736901344
1.203464645E8	20.355292315227558
1.281107525E8	8.238903955045608
1.358750405E8	0.0
1.436393285E8	31.097222280015203
1.514036165E8	53.70503437739484
1.591679045E8	58.53890273153299
1.669321925E8	59.229790727947325
1.746964805E8	59.237739776134894
1.824607685E8	59.23413426290415
1.902250565E8	59.33656401414589
1.979893445E8	59.22793577683222
2.057536325E8	58.9048947816623
2.135179205E8	59.200760756722346
2.212822085E8	59.13140666999189
2.290464965E8	57.797605006446766
2.368107845E8	59.19064999341127
2.445750725E8	58.98514790175872
2.487068195E8	51.804272855774386
2.525889635E8	59.023594378607775
2.601036485E8	59.24913676408718
2.678679365E8	59.26483947717443
2.756322245E8	59.16924100555412
2.833965125E8	16.88586342080938
2.911608005E8	59.163166033689464
2.989250885E8	59.27812245321137
3.066893765E8	59.23442945556101
3.144536645E8	59.17882593836768
3.222179525E8	59.15645780333914
3.299822405E8	59.290926733804646
3.377465285E8	42.992933896570925
3.455108165E8	52.23142542148146
3.532751045E8	58.98409254526307
3.610393925E8	54.15100222255674
3.688036805E8	59.230165383852885
3.765679685E8	57.80052989243843
3.843322565E8	59.084826814376584
3.920965445E8	59.30366768105629
3.998608325E8	59.18906943360666
4.076251205E8	59.28672938364341
4.153894085E8	59.246045152600885
4.231536965E8	59.16696945140196
4.309179845E8	59.27566309964606
4.386822725E8	59.29085677382789
4.464465605E8	59.21823875989256
4.542108485E8	59.20672172303674
4.619751365E8	59.256307166538825
4.697394245E8	59.19281882451693
4.775037125E8	59.19611678712378
4.852680005E8	59.15358362945029
4.90150048E8	58.47716342406696
4.94032192E8	58.959321280433535
5.007965765E8	59.169364864459034
5.085608645E8	59.2318577175579
5.163251525E8	59.239264109940294
5.240894405E8	59.22995551159398
5.318537285E8	59.166567024690956
5.396180165E8	59.058220483105615
5.473823045E8	59.23252965753075
5.551465925E8	59.25062899169748
5.629108805E8	59.15283391576166
5.706751685E8	59.11281056006618
5.784394565E8	54.03289675964371
5.862037445E8	41.988564067216046
5.939680325E8	59.27088860849421
6.017323205E8	59.26756876258139
6.094966085E8	59.26242253481617
6.172608965E8	59.14681997229681
6.250251845E8	59.17654438111729
6.327894725E8	59.24249324773329
6.405537605E8	59.24156666819887
6.483180485E8	59.26295531197655
6.560823365E8	59.27592657099603
6.638466245E8	59.27827005833835
6.716109125E8	59.21019247893166
6.793752005E8	59.04217334238526
6.863514275E8	58.23982126535878
6.902335715E8	57.776703989095274
6.949037765E8	58.15189863705173
7.026680645E8	59.05944451768226
7.104323525E8	59.188450590697094
7.181966405E8	59.27138517354322
7.259609285E8	59.275488353663036
7.337252165E8	59.229206684447675
7.414895045E8	31.277903865000287
7.492537925E8	59.202442211215214
7.570180805E8	59.25624984502301
7.647823685E8	59.19556173393084
7.725466565E8	59.22496765602976
7.803109445E8	59.20630697273397
7.880752325E8	59.24649683915686
7.958395205E8	59.24121181479716
8.036038085E8	59.272898574584154
8.113680965E8	59.257905434158964
8.191323845E8	59.12502173342878
8.268966725E8	59.25349415186592
8.346609605E8	59.26213734648498
8.424252485E8	59.2807096555791
8.501895365E8	59.26870585603446
8.579538245E8	59.20318382591022
8.657181125E8	59.26865748920342
8.734824005E8	59.12117995901823
8.78512305E8	55.680302622889286
8.82394449E8	59.00754661534067
8.890109765E8	59.198903308284066
8.967752645E8	58.88257724276131
9.045395525E8	59.25137305200446
9.123038405E8	59.10700538186871
9.200681285E8	59.244562175904115
9.278324165E8	41.764974351426986
9.355967045E8	59.20318973129887
9.433609925E8	59.25742646451782
9.511252805E8	53.08291627496562
9.588895685E8	59.20053098304118
9.666538565E8	59.27726168358498
9.744181445E8	59.28607469809776
9.821824325E8	59.19317932199197
9.899467205E8	59.281529453346415
9.977110085E8	59.23951808164246
1.0054752965E9	59.2291011117409
1.0132395845E9	59.20419581772541
1.0210038725E9	59.18240227539732
1.0287681605E9	59.10786091774314
1.0365324485E9	59.20124867301867
1.0442967365E9	59.3044697183068
1.0520610245E9	58.59705426276928
1.0585707465E9	56.806083722863576
1.0624528905E9	58.640020880799
1.0675896005E9	59.202396405507415
1.0753538885E9	59.18977864355349
1.0831181765E9	59.155315406326224
1.0908824645E9	58.17773885220303
1.0986467525E9	59.128918616280814
1.1064110405E9	59.18141069523221
1.1141753285E9	59.248898451640606
1.1219396165E9	36.120935479917826
1.1297039045E9	59.26180890418719
1.1374681925E9	59.21176606695058
1.1452324805E9	59.199246300875345
1.1529967685E9	59.29781020624391
1.1607610565E9	59.2651718596118
1.1685253445E9	59.20647848592559
1.1762896325E9	59.27163583588991
1.1840539205E9	59.31168781803454
1.1918182085E9	59.23025374157578
1.1995824965E9	59.26098105546422
1.2073467845E9	59.26221095842206
1.2151110725E9	59.17282629946337
1.2228753605E9	58.887313528452125
1.229380904E9	58.24049384846534
1.233263048E9	58.4251781171423
1.2384039365E9	58.56597864614451
1.2461682245E9	59.28514563350081
1.2539325125E9	59.19933002477761
1.2616968005E9	59.158210378049745
1.2694610885E9	59.24095722829988
1.2772253765E9	59.21274888785236
1.2849896645E9	58.848052021819775
1.2927539525E9	29.8373963173384
1.3005182405E9	58.13570102415964
1.3082825285E9	55.511741299268394
1.3160468165E9	59.30965737726505
1.3238111045E9	59.28486782068151
1.3315753925E9	57.128805301885336
1.3393396805E9	59.209876432288794
1.3471039685E9	59.252561741510256
1.3548682565E9	59.27608969369808
1.3626325445E9	59.15300322067895
1.3703968325E9	59.17601468433743
1.3781611205E9	56.735054373976084
1.3859254085E9	58.953423273695954
1.3905789145E9	58.72297347788388
1.3944610585E9	57.53738226124671
1.4014539845E9	53.931926680138425
1.4092182725E9	59.267374674328785
1.4169825605E9	59.183400769307006
1.4247468485E9	59.21052311319502
1.4325111365E9	47.51199272653637
1.4402754245E9	52.42162281094385
1.4480397125E9	59.244768636046345
1.4558040005E9	59.26901447863945
1.4635682885E9	59.153750451508266
1.4713325765E9	59.28144462191783
1.4790968645E9	54.134060965466915
1.4868611525E9	59.21948377565104
1.4946254405E9	59.22877453534964
1.5023897285E9	59.27568076044775
1.5101540165E9	59.29587029732094
1.5179183045E9	59.137277855309684
1.5256825925E9	59.1812980092042
1.5330268245E9	59.043088751071615
1.5369089685E9	57.85563447758446
1.5412111685E9	59.21653584153677
1.5489754565E9	59.29256033204783
1.5567397445E9	59.27831457467302
1.5645040325E9	59.297160895162506
1.5722683205E9	56.56942186369063
1.5800326085E9	27.30263419624411
1.5877968965E9	0.0
1.5955611845E9	18.85832841162712
1.6033254725E9	38.19992992749233
1.6110897605E9	59.232174078199435
1.6188540485E9	59.160297833698046
1.6266183365E9	59.14873218570039
1.6343826245E9	59.07847505890633
1.6421469125E9	59.204316436356464
1.6499112005E9	59.027725768636934
1.6576754885E9	59.21006526655504
1.6654397765E9	59.045154691048594
1.672102775E9	57.873961006490894
1.675984919E9	57.68440452952765
1.6809683525E9	59.16616476197877
1.6887326405E9	59.146224589477946
1.6964969285E9	59.23444428324046
1.7042612165E9	59.12154651949464
1.7120255045E9	49.27355788295391
1.7197897925E9	40.55767926656389
1.7275540805E9	59.134427018409696
1.7353183685E9	59.2829373044057
1.7430826565E9	59.19748485025885
1.7508469445E9	59.10943065402033
1.7586112325E9	58.70118139420793
1.7663755205E9	59.182934083850355
1.7741398085E9	59.16634016333668
1.7819040965E9	59.18676473633132
1.7896683845E9	59.22357419868183
1.7974326725E9	59.172034822282406
1.804997934E9	57.71380074290625
1.808880078E9	42.86955512927112
1.8129612485E9	58.517540277607544
1.8207255365E9	59.1821111274353
1.8284898245E9	59.24139387639825
1.8362541125E9	59.21419003924805
1.8440184005E9	59.246814768016705
1.8517826885E9	59.23198993159022
1.8595469765E9	28.470948005334876
1.8673112645E9	59.031062719204535
1.8750755525E9	58.99349276901938
1.8828398405E9	59.108494496095204
1.8906041285E9	59.28350887429162
1.8983684165E9	58.233324083861596
1.9061327045E9	59.261946038667745
1.9138969925E9	59.243727740106465
1.9216612805E9	59.250501542270136
1.9294255685E9	59.13293249680488
1.9371898565E9	59.23460242805019
1.942419837E9	59.13282735307405
1.946301981E9	58.941338679109386
1.9527184325E9	58.992991463257205
1.9604827205E9	59.26317582103901
1.9682470085E9	59.2576921876567
1.9760112965E9	45.859860923451855
1.9837755845E9	53.66311764242865
1.9915398725E9	59.12319586537038
1.9993041605E9	59.13519316068955
2.0070684485E9	59.175550260944895
2.0148327365E9	59.19866075311327
2.0225970245E9	59.295682423378004
2.0303613125E9	59.277759533882104
2.0381256005E9	59.17831952461233
2.0458898885E9	59.19607119160267
2.0536541765E9	59.13726639828895
2.0614184645E9	59.146596187953634
2.0691827525E9	59.054901765081915
2.0750539395E9	58.96378100583542
2.0789360835E9	0.0
2.0847113285E9	0.0
2.0924756165E9	8.25762067136658
2.1002399045E9	59.15829295437485
2.1080041925E9	59.212060946630594
2.1157684805E9	59.22869364077259
2.1235327685E9	59.18038025685197
2.1312970565E9	58.77423016363732
2.1390613445E9	59.24462777855805
2.1468256325E9	59.285905765300996
2.1545899205E9	59.32765287935303
2.1623542085E9	59.32831508711264
2.1701184965E9	59.29538536118911
2.1778827845E9	59.1932939213523
2.1856470725E9	59.1152579237292
2.1904682635E9	58.815765620909524
2.1943504075E9	0.0
2.2011756485E9	0.0
2.2089399365E9	42.22955595538422
2.2167042245E9	59.265853307131124
2.2244685125E9	59.197583361227785
2.2322328005E9	59.26701992641595
2.2399970885E9	59.241718376071915
2.2477613765E9	59.23124763939703
2.2555256645E9	59.23627526456064
2.2632899525E9	59.15749875287895
2.2710542405E9	59.18237828469635
2.2788185285E9	59.24242258514662
2.2865828165E9	59.19216422611073
2.2943471045E9	59.01761011778214
2.2983401385E9	59.16843518296375
2.3022222825E9	0.0
2.3098756805E9	0.0
2.3176399685E9	22.162021598865582
2.3254042565E9	54.851171707425294
2.3331685445E9	56.753210654211586
2.3409328325E9	58.91506227102957
2.3486971205E9	59.19507617399363
2.3564614085E9	59.190789183354795
2.3642256965E9	57.90762223751777
2.3719899845E9	58.80276761117429
2.3797542725E9	57.557223518187925
2.3875185605E9	58.98015380755455
2.3952828485E9	59.21839775540199
2.399803605E9	56.4481444303433
2.403685749E9	58.60897850323998
2.4108114245E9	59.12606519367255
2.4185757125E9	53.13760995390708
2.4263400005E9	55.954982537702705
2.4341042885E9	38.08338014610754
2.4418685765E9	1.63507712880415
2.4496328645E9	50.446120297804086
2.4573971525E9	59.14755228402262
2.4651614405E9	59.245646655465535
2.4729257285E9	58.609766858479546
2.4806900165E9	59.157003914700375
2.4876763615E9	58.053195447690804
2.4915585055E9	57.70395093426161
2.4962185925E9	58.896676721867884
2.5039828805E9	59.07507222832192
2.5117471685E9	47.12484197373855
2.5195114565E9	46.37681370149088
2.5272757445E9	57.19134211036131
2.5350400325E9	57.496129252162824
2.5428043205E9	59.19047029395329
2.5505686085E9	59.11221470901036
2.5583328965E9	59.00630315979645
2.5660971845E9	59.02294778244098
2.572008666E9	58.52934906206767
2.57589081E9	58.20447423312783
2.5816257605E9	59.242632256003326
2.5893900485E9	32.45155007660149
2.5971543365E9	53.178456253802835
2.6049186245E9	59.3109724241167
2.6126829125E9	59.26316068499954
2.6204472005E9	59.12740198798211
2.6282114885E9	59.25441981913194
2.6359757765E9	59.24812401026133
2.6437400645E9	59.32364288380427
2.6510167485E9	59.05961275818365
2.6548988925E9	48.74582533297643
2.6592686405E9	58.659391230453835
2.6670329285E9	58.50163432301778
2.6747972165E9	59.016937383702974
2.6825615045E9	58.063778973031056
2.6903257925E9	58.18303240511461
2.6980900805E9	58.93177045334776
2.7058543685E9	57.706392519903794
2.7113827085E9	58.98559709091754
2.7152648525E9	58.96277103786608
2.7213829445E9	59.239414721229736
2.7291472325E9	59.24574972770544
2.7369115205E9	39.069048172333716
2.7446758085E9	44.1366552397987
2.7524400965E9	59.16687707779202
2.7602043845E9	59.11017840592241
2.7679686725E9	59.193678314911296
2.774661944E9	58.82768691219903
2.778544088E9	0.0
2.7834972485E9	24.93474181535177
2.7912615365E9	55.356185520059135
2.7990258245E9	59.31242999391142
2.8067901125E9	59.26488627538069
2.8145544005E9	58.86048071716732
2.8213097995E9	57.42071390726895
2.8251919435E9	0.0
2.8300829765E9	0.0
2.8378472645E9	41.06706809858074
2.8456115525E9	56.153961904276564
2.8533758405E9	59.126009106451534
2.8611401285E9	59.07746949341891
2.8689044165E9	59.06988406610255
2.8738940415E9	58.67665158709349
2.8777761855E9	58.02572698732558
2.8844329925E9	59.09188184510197
2.8921972805E9	59.195204543695766
2.8999615685E9	59.24926621211093
2.9077258565E9	59.27681687924203
2.9154901445E9	59.170044197449556
2.9232544325E9	57.292768306670496
2.9310187205E9	45.08287944028258
2.9387830085E9	38.729462021705174
2.9465472965E9	56.86918297784719
2.9543115845E9	59.232342812911476
2.9620758725E9	59.12547835611723
2.9698401605E9	59.080043298110034
2.9776044485E9	57.501990542293655
2.9853687365E9	59.28299148455748
2.9931330245E9	57.75686378422913
3.0008973125E9	59.25327561409961
3.0086616005E9	58.68399484827955
3.0164258885E9	57.44559080444702
3.0241901765E9	58.43605304625557
3.029557369E9	54.601286105769326
3.033439513E9	58.69502722785166
3.0397187525E9	42.63776054265006
3.0474830405E9	47.35454751051704
3.0552473285E9	22.25251466804688
3.0630116165E9	0.0
3.0707759045E9	0.0
3.0785401925E9	0.0
3.0853460845E9	4.563037068226363
3.088278117E9	58.569166836630636
3.088373929E9	49.86546753547347
3.0884774725E9	48.2160001799732
3.0885573295E9	55.10596713679276
3.0886546005E9	31.157817857910818
3.0887081185E9	45.04819229124433
3.0887493115E9	46.75270416957584
3.088858438E9	33.66636394620213
3.088966832E9	55.928616723396004
3.089008063E9	55.3249818406055
3.089109657E9	1.5688840924562468
3.089267292E9	26.424031633126713
3.08942189E9	11.230704952944867
3.089604443E9	42.67733575161269
3.089755642E9	51.15875334947194
3.0898220175E9	21.117963578212006
3.0898610755E9	21.555162476981653
3.089968525E9	40.25482244599435
3.0900764725E9	36.157762857523146
3.090141311E9	15.40728076928004
3.090191469E9	0.0
3.090297168E9	35.76626850273796
3.090503609E9	29.392520605374134
3.0907062205E9	48.85760866633837
3.09089898E9	39.33571965785777
3.091013772E9	54.62114210087367
3.091052607E9	54.90118332017836
3.0911587895E9	51.75036698790081
3.091267064E9	58.74312001898971
3.0915130575E9	9.87105717604267
3.092673561E9	24.86874036193245
3.093702736E9	47.92658516978114
3.093935951E9	40.41886017496519
3.094132646E9	31.942191549604786
3.0942642985E9	15.192595506229917
3.094360447E9	54.728513863480764
3.0944711045E9	19.631956418044673
3.0946435155E9	25.109202722357157
3.094747446E9	39.53149068175631
3.0948598115E9	14.20417684236833
3.0950026905E9	26.420632137536224
3.095104297E9	42.83706533833267
3.095190977E9	28.329134778373408
3.0952465895E9	51.39151591784541
3.0952663465E9	35.14813916838405
3.095268566E9	6.804422442244224
3.0952706195E9	5.194548776773932
3.0952723265E9	0.0
3.0952838005E9	13.220450160771705
3.0952967465E9	23.880243479218883
3.095299555E9	1.3942872462284615
3.0953008775E9	1.652709841518294
3.0953027375E9	4.832183908045977
3.0953043745E9	7.029706018162229
3.095311073E9	5.350020044097014
3.0953361175E9	1.4840136545026203
3.095355552E9	1.0636192271442035
3.0953574645E9	2.3522542977619203
3.095360032E9	10.50395083406497
3.095361791E9	4.969582109352791
3.095363378E9	8.478516210223527
3.095365611E9	13.314176245210728
3.0953678415E9	4.877300613496932
3.095369933E9	43.15404419652435
3.095371677E9	0.9675090252707581
3.09537289E9	8.712037765538946
3.0953743225E9	0.0
3.095375945E9	27.22736992159658
3.095572656E9	46.91127680959686
3.095769303E9	47.3643534733238
3.0957708065E9	18.299937277859083
3.0957736535E9	54.27048413865872
3.095822105E9	50.03152920272396
3.095924849E9	23.349121396773054
3.095983129E9	55.79133920751456
3.095986364E9	19.5116535349936
3.0959887305E9	46.37159978849656
3.0959909825E9	23.469314975736374
3.095993051E9	37.82100398762717
3.0959946765E9	50.82850474036287
3.096006671E9	43.56919276563098
3.0960870785E9	43.519774273121456
3.0961589785E9	53.87969984063884
3.096165879E9	56.135146016577444
3.096173123E9	53.7573908395475
3.09617898E9	47.638598348871845
3.096183283E9	46.35464318331403
3.096185859E9	37.45731773372332
3.0961883E9	3.2216557911908645
3.0961908755E9	13.736230279546083
3.096192456E9	0.0
3.096238607E9	48.43541040893348
3.0962848625E9	8.16750221173695
3.096286263E9	60.0
3.0962877625E9	32.080724876441515
3.096289947E9	42.409094450359675
3.096292208E9	5.960106382978723
3.0962965075E9	6.136530612244898
3.096315547E9	15.29568966348173
3.0963533005E9	40.61140780311157
3.09637788E9	45.75355345353099
3.096382479E9	51.37247446975648
3.0963879875E9	31.032819658475635
3.0963943185E9	47.70346039355863
3.096398918E9	11.856137464582762
3.0964033365E9	45.86263456575522
3.0964070605E9	34.56174035582173
3.0964084065E9	0.0
3.0964096105E9	0.0
3.096411644E9	22.046892339779507
3.0964135175E9	0.0
3.0964147555E9	4.0
3.0964161835E9	0.0
3.0964174105E9	28.15966817754212
3.096418484E9	23.22600505857295
3.096419946E9	58.68131868131868
3.096422275E9	18.868778280542987
3.0964254675E9	0.0
3.0964313925E9	1.4285714285714286
3.0964360765E9	0.9914893617021276
3.096437123E9	0.0
3.0964382945E9	0.0
3.096440137E9	0.9961894393032118
3.096442099E9	6.116201859229748
3.096443439E9	1.984329293773506
3.0964449505E9	3.6389145283367177
3.0964464985E9	6.8545454545454545
3.0964475915E9	0.0
3.0964489705E9	1.8503665373005607
3.0964506065E9	2.263314870046868
3.0964522235E9	1.924357034795764
3.0964537525E9	1.6569194151649098
3.0964552355E9	4.0
3.09645655E9	2.521034996276992
3.0964580005E9	0.0
3.0964594605E9	0.9786895674300254
3.096462063E9	3.7409081353794407
3.0964647385E9	0.0
3.0964666345E9	16.958536585365852
3.0964687875E9	0.0
3.096470338E9	0.0
3.0964722525E9	0.7240713941148095
3.096474844E9	0.0
3.0964802425E9	56.670013112167666
3.0964880595E9	57.38207341590631
3.0965833285E9	38.39627072691443
3.0967643755E9	54.30902446723934
3.0969348755E9	18.280289770171212
3.097105623E9	47.82184706605226
3.0972741855E9	16.310035490968097
3.0973604055E9	2.686294372593615
3.097450029E9	7.831728803479166
3.0976374775E9	48.532899012012024
3.0978270425E9	42.06541584565278
3.0979310955E9	44.408551078634616
3.097952041E9	52.32518337408313
3.0979864125E9	53.56211998995689
3.098119023E9	16.005381512732615
3.098265051E9	31.113515281617026
3.098391091E9	55.58315101439841
3.0985448955E9	40.70095065179186
3.0986946915E9	40.343190772564625
3.098783935E9	0.0
3.0988292795E9	35.47760912829388
3.098880847E9	25.172051964879362
3.098919304E9	56.205950519911326
3.0989774605E9	35.131234447859164
3.099052881E9	43.12041518000854
3.0991573655E9	34.395150527362944
3.099319594E9	29.89849293303592
3.0995012675E9	22.817364653492078
3.099670145E9	47.93026812429318
3.09983663E9	2.5165165165165164
3.0999236415E9	0.0
3.099926258E9	56.83814499129319
3.0999293305E9	49.78056675563632
3.0999317075E9	10.483498349834983
3.099933225E9	6.472448979591837
3.099934473E9	39.2322340919647
3.099935544E9	36.79120267260579
3.099936873E9	53.368928141308714
3.0999392435E9	58.693424613914985
3.0999417715E9	58.583454018826934
3.099944294E9	54.20260995976876
3.099947122E9	42.43289473684211
3.099949542E9	0.9673202614379085
3.099951465E9	0.0
3.0999532635E9	0.0
3.0999548975E9	49.66320541760722
3.099956276E9	3.9310344827586206
3.0999589355E9	59.25160954979859
3.099961492E9	0.0
3.0999627755E9	0.0
3.099966206E9	55.16398442338453
3.099971928E9	59.56871407846249
3.0999763185E9	59.72929825779135
3.0999787225E9	0.0
3.099980804E9	1.0
3.099982934E9	0.0
3.0999846185E9	49.350973906651966
3.0999859675E9	35.47304037381215
3.099987108E9	0.0
3.0999883185E9	11.97945931619401
3.099989888E9	46.062219730941706
3.0999934275E9	58.14760018989357
3.099997199E9	38.15998776384215
3.0999989405E9	0.0
3.100000503E9	47.44980271810609
3.100002242E9	47.070299727520435
3.100004537E9	45.037999594825344
3.100007437E9	49.34964366417521
3.1000093805E9	31.564853556485357
3.1000104305E9	40.01220238095238
3.100011833E9	37.209267765468795
3.1000136915E9	23.95803012354036
3.1000154645E9	0.0
3.100017134E9	35.24795454545455
3.1000187915E9	54.002574002574
3.100020568E9	45.98678720445063
3.1000221625E9	8.954773869346734
3.1000236955E9	18.119541243934716
3.1000264625E9	55.133621536647674
3.100029677E9	58.82653909215462
3.100031578E9	59.411764705882355
3.1000326205E9	0.9701492537313433
3.100033658E9	23.390173410404625
3.100035464E9	51.613503816914545
3.1000409715E9	37.87863755899397
3.1000479435E9	19.2647869118011
3.100051797E9	47.53662642210355
3.100053416E9	49.83186299948106
3.10005829E9	56.35743396387983
3.1000639665E9	49.56213530988803
3.1000665115E9	37.577838827838825
3.100068816E9	59.85197368421053
3.100070957E9	38.2107628765792
3.1000725955E9	58.336192468619245
3.10007379E9	39.25755981196941
3.1000757855E9	54.33360633360633
3.1000785755E9	57.64922262179522
3.1000897445E9	58.935411516332685
3.1001009405E9	59.29352259748735
3.1001076425E9	59.3865859172358
3.1001174535E9	0.0
3.10012562E9	59.40984683072579
3.1001304845E9	59.18276721720162
3.1001326025E9	37.02188637282653
3.100134138E9	0.0
3.100136976E9	58.67591050410837
3.1001412695E9	59.49279683788985
3.1001454075E9	0.0
3.1001489115E9	0.0
3.1001523505E9	59.350241888144446
3.1001553555E9	47.214854111405835
3.1001569595E9	44.36417270045589
3.1001596515E9	0.0
3.100164687E9	58.89061745919091
3.100169456E9	59.660143198090694
3.100173756E9	58.43751872221623
3.100178605E9	0.0
3.100182461E9	51.38254449571523
3.1001845245E9	23.666454081632654
3.100186698E9	59.393329804129166
3.1001901715E9	58.978867253902024
3.1001926785E9	40.12485549132948
3.1001942255E9	0.0
3.100196577E9	51.34734968574448
3.100199826E9	58.739818390834294
3.1002050385E9	59.50032473204008
3.1002116325E9	59.17979910150926
3.100215983E9	59.12161001349859
3.100218536E9	58.14511041009464
3.1002222875E9	0.0
3.100226716E9	0.0
3.100230998E9	59.551073274398604
3.10023432E9	58.83660734920268
3.100237109E9	50.302408666589834
3.100241596E9	59.13526243954544
3.1002465235E9	59.79088324314409
3.100249222E9	0.0
3.1002504975E9	59.67376067286861
3.1002526125E9	59.50105854572103
3.1002555955E9	55.848230572783656
3.1002585615E9	59.02489380785568
3.1002608765E9	58.285714285714285
3.100264232E9	0.0
3.1002683515E9	0.0
3.1002730005E9	58.324472977792794
3.100276567E9	58.95411626601337
3.1002785615E9	0.0
3.1002805655E9	30.742177001343826
3.1002818545E9	0.0
3.100283864E9	0.0
3.100286221E9	0.0
3.1002886105E9	0.0
3.100297238E9	0.0
3.100308266E9	0.0
3.1003148695E9	18.989901338737003
3.1003201675E9	0.0
3.100323191E9	31.431348221670802
3.100327556E9	59.0742658095459
3.1003361335E9	0.0
3.100341505E9	25.490094522853813
3.100343284E9	58.690573240165634
3.1003451525E9	51.99777689559349
3.10034797E9	58.22531391671869
3.1003522945E9	59.27071654548482
3.1003595775E9	57.928428302092584
3.100367519E9	59.43746084777615
3.1003726985E9	59.57562897847833
3.1003758895E9	56.40284584046761
3.1003787135E9	59.40177350333083
3.1003813635E9	0.0
3.100384543E9	59.01228709958145
3.100388122E9	21.6194874247226
3.100390936E9	0.0
3.1003962175E9	59.52394428271535
3.1004020815E9	57.99766576615006
3.1004062135E9	31.84840123356598
3.100409423E9	0.0
3.1004119315E9	58.033532934131735
3.100414125E9	57.495419100423995
3.100417918E9	59.36981462792797
3.100423028E9	59.223208267804985
3.1004269835E9	58.94283458078693
3.1004299135E9	0.0
3.100431937E9	0.0
3.100433132E9	0.0
3.100434876E9	0.0
3.1004377605E9	57.54220957570697
3.1004408225E9	54.33911921872121
3.1004441155E9	59.62304627643273
3.1004490815E9	59.15928621817482
3.100453243E9	0.0
3.1004556705E9	0.0
3.1004587745E9	0.0
3.100461398E9	21.64478573197919
3.100462798E9	31.457386363636363
3.1004649905E9	59.3427819396639
3.100471036E9	0.0
3.1004779445E9	59.27279173419773
3.1004820575E9	54.4788263630392
3.100486718E9	58.59532041354485
3.1004910255E9	0.0
3.10049749E9	0.0
3.1005038655E9	0.0
3.1005113075E9	0.0
3.100520375E9	58.38303741019077
3.100524579E9	58.48672879556447
3.100528576E9	58.39501647651652
3.100533401E9	57.931616600044606
3.1005371995E9	57.72815861085914
3.100540127E9	0.0
3.100544135E9	0.0
3.1005486665E9	59.230572061050914
3.1005512115E9	58.724623835681875
3.100552639E9	53.243046424597956
3.1005539095E9	58.275862068965516
3.1005560785E9	59.61061278729123
3.100558656E9	56.56363088057901
3.100561947E9	0.0
3.10056789E9	0.0
3.100573138E9	0.0
3.100576513E9	59.59499183451279
3.100580371E9	58.244221665274296
3.100591292E9	20.452743404598714
3.100602639E9	0.0
3.100606305E9	53.705979326323295
3.100608874E9	59.25154583744063
3.1006116575E9	59.471793841362334
3.1006156585E9	59.6399001368182
3.100620518E9	0.0
3.1006254325E9	59.608280716059845
3.1006312815E9	59.24610658526627
3.1006367155E9	59.56081371765718
3.100640534E9	58.68517745302714
3.100643878E9	53.96627989580867
3.100647993E9	0.0
3.1006508345E9	52.133306962025316
3.100653317E9	58.67598164201938
3.1006563755E9	59.76477733911267
3.1006598935E9	58.9985063051159
3.1006649805E9	56.99658155729057
3.1006712605E9	59.699018980925494
3.1006757165E9	22.5335108743897
3.100677201E9	13.156290455454867
3.10067847E9	37.157416075966296
3.100683289E9	0.0
3.1006885805E9	59.62766245731939
3.100691006E9	51.39262991430988
3.1006942785E9	0.0
3.1006969395E9	0.9866071428571429
3.1006991355E9	47.79086310783306
3.1007016905E9	11.424849699398798
3.100704182E9	16.79695431472081
3.100706833E9	46.1832704710311
3.100708945E9	59.8677102855253
3.100712266E9	59.8765206711699
3.10071577E9	0.0
3.100717503E9	0.0
3.100719116E9	59.745088643986584
3.1007206285E9	59.45619335347432
3.1007221265E9	59.15082895268904
3.100724699E9	59.68387187019164
3.1007268945E9	0.0
3.1007289465E9	0.0
3.1007309285E9	0.0
3.1007330965E9	59.027953802801996
3.1007392415E9	0.0
3.1007470865E9	59.707045280660665
3.1007528755E9	0.0
3.1007561985E9	0.0
3.1007588475E9	51.65544832426742
3.100761762E9	47.04510924369748
3.1007635275E9	0.0
3.100764747E9	60.0
3.1007667445E9	30.650390360575837
3.1007691425E9	57.08167417526522
3.100772442E9	58.76805689310319
3.100775528E9	56.222632984185665
3.100781116E9	59.61257958152514
3.10079114E9	59.55883617328855
3.100797975E9	55.80509658246657
3.1008007345E9	59.31520831400204
3.100804877E9	58.65827842922722
3.100809349E9	0.0
3.1008114985E9	37.21721854304636
3.1008137425E9	11.221624111806031
3.1008164375E9	3.3065734794106536
3.100825815E9	8.348744879942933
3.100837982E9	3.337333995943078
3.100842972E9	7.552609427609427
3.1008451085E9	14.076233183856502
3.10084822E9	50.369990911344296
3.1008510465E9	38.91043425814234
3.100852321E9	0.76
3.1008571395E9	59.44675288013013
3.1008619615E9	0.0
3.1008648315E9	57.26803570630225
3.100868278E9	49.47369907505472
3.100873156E9	55.61110654463453
3.1008795525E9	54.40016782634261
3.100884274E9	53.916346534035334
3.10088846E9	16.339400752302303
3.1008916615E9	7.723093681917211
3.10089384E9	29.825069832402235
3.1008970555E9	58.436561845753225
3.1008998325E9	39.89129744322693
3.100902708E9	51.41536226874712
3.1009063655E9	50.95806530520498
3.1009089965E9	51.05104526945291
3.1009125255E9	44.273989878917945
3.1009156975E9	51.7837721512701
3.100917935E9	54.81307302340632
3.1009210515E9	51.72738081476955
3.1009240305E9	46.27293033645121
3.100926116E9	45.684361321130126
3.1009275335E9	23.433676363341707
3.100928649E9	37.563202087824806
3.1009304855E9	41.098412407924236
3.100935775E9	0.0
3.1009404825E9	0.0
3.1009433075E9	55.277772344046475
3.100962012E9	11.543372487982525
3.100979643E9	33.6327730225843
3.1009826315E9	56.26635822868473
3.100986095E9	57.76242067248694
3.100988659E9	48.082365364308345
3.1009913515E9	54.06551819105594
3.100994484E9	43.87694539699288
3.100999235E9	38.85628451781271
3.1010045095E9	51.76140545821323
3.101007663E9	15.399307273626917
3.101009454E9	3.9677152317880795
3.1010139635E9	0.0
3.10102777E9	0.0
3.101038557E9	53.368936294564584
3.1010399745E9	15.054421768707483
3.10104147E9	27.37701012507445
3.101043057E9	59.279038718291055
3.101044461E9	40.849264705882355
3.101046252E9	56.468574800826204
3.101048543E9	56.07175169640613
3.101051444E9	58.8379496056934
3.101053714E9	0.0
3.101055658E9	0.0
3.1010593945E9	59.08577663533885
3.1010636115E9	57.345268917656476
3.101066684E9	0.0
3.101069485E9	0.0
3.10107171E9	0.0
3.1010747125E9	0.0
3.101082788E9	0.0
3.1010891985E9	0.0
3.101090371E9	0.0
3.101091454E9	0.0
3.1010926105E9	0.0
3.101093789E9	0.0
3.101094954E9	0.0
3.1010960955E9	0.0
3.1010976565E9	59.68906163242643
3.1010992105E9	54.19441674975075
3.1011004015E9	49.33571428571429
3.101103073E9	58.37801756056278
3.101108811E9	0.0
3.1011134185E9	44.34241175416592
3.1011171035E9	59.05042400853095
3.1011208445E9	0.0
3.1011223705E9	58.24058866040339
3.1011236055E9	56.94823371518957
3.101126918E9	59.67877014856881
3.101130602E9	41.154747265549155
3.1011321595E9	4.705479452054795
3.101133927E9	45.21865184827253
3.1011356635E9	47.996587030716725
3.1011368845E9	32.15599593495935
3.1011381815E9	0.0
3.10113931E9	46.33613053613053
3.1011404165E9	34.40988056460369
3.101141667E9	52.67678864008738
3.101143503E9	56.86503978779841
3.1011454715E9	59.948364888123926
3.101147397E9	59.594682371281344
3.1011501335E9	51.01645925331192
3.101157518E9	57.73544260926412
3.1011645045E9	59.58803920593064
3.1011668885E9	27.04884636662436
3.1011686545E9	0.0
3.1011709785E9	36.51321056845477
3.101173445E9	23.256410256410255
3.101205684E9	41.86792846199366
3.1012403025E9	48.723400421379466
3.1012453615E9	52.60478601257237
3.1012505225E9	54.20617144577407
3.1012614495E9	36.93755113327822
3.1012739195E9	44.728395329282144
3.101281912E9	57.202000037888475
3.1012871705E9	48.29558070684019
3.101295694E9	51.192218509886295
3.1013044905E9	55.06009227797296
3.1013083555E9	48.86959324055519
3.1013114625E9	48.226231851744984
3.101316135E9	47.02896808975006
3.1013198035E9	40.764562737642585
3.101320917E9	0.0
3.101322018E9	59.773462783171524
3.1013238925E9	35.97777237771234
3.101326703E9	40.98285951012377
3.1013294495E9	52.33877399610498
3.1013318685E9	46.785057844091256
3.1013343305E9	34.583049960763795
3.101336736E9	40.40875344693488
3.101339303E9	15.118502715283165
3.101342702E9	47.31565122353334
3.101345195E9	39.49233128834356
3.1013472335E9	27.183318853171155
3.101349218E9	0.0
3.1013517465E9	59.03166869671133
3.101354867E9	0.0
3.1013568785E9	47.325647249190936
3.101370363E9	58.86299720351995
3.1013921985E9	59.15713578704062
3.1014090845E9	59.14269508740074
3.101423574E9	57.414270004773925
3.101436092E9	59.29243377387892
3.1014467775E9	0.0
3.10145676E9	59.30939226519337
3.1014665925E9	59.187816206353155
3.101476343E9	58.01812583016217
3.1014858855E9	58.25188205478299
3.1014950245E9	0.0
3.101503724E9	0.0
3.1015121195E9	49.8799921114778
3.101520406E9	0.0
3.101528602E9	58.998755594029944
3.101536693E9	59.3765424876016
3.1015446345E9	59.3048798649722
3.1015524055E9	59.24565403483357
3.1015601115E9	0.0
3.101567702E9	59.06127200742859
3.1015751255E9	0.0
3.1015823905E9	59.22217402574045
3.101589504E9	59.35931442233135
3.101596546E9	0.0
3.101603554E9	0.0
3.1016105495E9	58.689424918257615
3.101617536E9	59.42190669371197
3.101624424E9	0.0
3.101631085E9	58.16419672194332
3.1016374705E9	59.14990998580835
3.1016435565E9	59.54107523718467
3.1016494765E9	0.0
3.1016553825E9	59.52072314396928
3.101661271E9	0.0
3.1016671275E9	0.0
3.101672916E9	0.0
3.101678576E9	0.0
3.101684071E9	0.0
3.1016894025E9	59.56972866524853
3.1016946505E9	58.7634734920762
3.1016998325E9	59.678012680414604
3.1017049205E9	0.0
3.101709929E9	0.0
3.101714835E9	59.008857787707974
3.1017196755E9	59.40205282727603
3.101724499E9	0.0
3.101729313E9	0.0
3.1017340725E9	59.4004566916944
3.1017387675E9	0.0
3.10174343E9	56.65490538573508
3.1017480095E9	0.0
3.101752486E9	57.07217855233372
3.1017569135E9	59.692155752809256
3.101761326E9	58.42019971007964
3.1017657265E9	0.0
3.101770102E9	0.0
3.101774441E9	0.0
3.1017787455E9	53.09085643679049
3.1017830115E9	59.687664990135325
3.1017872465E9	58.545526285250084
3.1017914715E9	59.84990528003109
3.1017956905E9	0.0
3.1017999035E9	59.48206224756474
3.1018041115E9	58.02263213047801
3.1018082655E9	0.0
3.101812367E9	59.01243356322858
3.101816459E9	0.0
3.101820484E9	55.066047932330825
3.101824445E9	0.0
3.101828395E9	0.0
3.1018323325E9	55.05777906643609
3.101836262E9	50.713732254962956
3.1018401885E9	0.0
3.10184411E9	28.194396780332575
3.1018480235E9	0.0
3.1018519235E9	0.0
3.1018558145E9	54.693034355889225
3.101859689E9	0.0
3.1018635415E9	0.0
3.101867382E9	0.0
3.1018712145E9	0.0
3.1018750435E9	59.15657171207673
3.10187887E9	0.0
3.101882693E9	0.0
3.101886508E9	0.0
3.101890313E9	57.93177500619476
3.101894113E9	41.86574175223946
3.101897881E9	0.0
3.1019016E9	43.59996374841399
3.1019052995E9	51.70068224285528
3.1019089945E9	0.0
3.1019126835E9	58.231622757593954
3.101916365E9	54.94882591895373
3.1019200355E9	0.0
3.101923674E9	0.0
3.101927286E9	58.14907197180192
3.1019308945E9	59.5703874998674
3.1019344895E9	53.10450050937856
3.101938072E9	56.75334634415597
3.101941634E9	0.0
3.1019451695E9	18.96999249812453
3.101948697E9	58.48937766545569
3.1019522085E9	0.0
3.101955703E9	57.29011286976691
3.1019591915E9	59.503045066991476
3.101962651E9	57.45638290720864
3.101966064E9	57.561210266870646
3.1019694465E9	58.83703855980735
3.101972819E9	0.0
3.101976185E9	59.415029408084095
3.101979541E9	55.44839423454722
3.1019828865E9	56.93536186180192
3.1019862165E9	57.067538235073975
3.1019895175E9	57.37547775208795
3.1019927975E9	59.18766285466126
3.1019960665E9	53.33871876761225
3.1019993255E9	58.88546703995928
3.102002581E9	57.03390761495315
3.102005831E9	0.0
3.1020090695E9	0.0
3.1020122965E9	0.0
3.1020155165E9	0.0
3.1020187305E9	57.69266806389686
3.1020219335E9	55.782163522957845
3.102025125E9	59.512318109782456
3.102028308E9	56.23307085629226
3.1020314845E9	48.66302660457149
3.102034659E9	0.0
3.1020378305E9	50.11787965675365
3.1020409985E9	54.23538831064852
3.102044163E9	0.0
3.102047316E9	57.25438596491228
3.102050456E9	58.3578698017196
3.1020535825E9	57.67223578653645
3.1020566935E9	52.80347832082253
3.102059793E9	58.291835663069456
3.102062879E9	54.701255692010484
3.102065945E9	0.0
3.102068997E9	0.0
3.10207203E9	31.939401772525848
3.1020750435E9	59.11881625441696
3.102078054E9	42.18350051885161
3.102081057E9	0.0
3.102084054E9	54.49275452686187
3.102087044E9	58.27663213448006
3.102090025E9	55.490575663955106
3.102092998E9	0.0
3.102095965E9	10.912911510623395
3.1020989315E9	0.0
3.1021018915E9	55.52898867909512
3.1021048445E9	58.65849865951743
3.1021077875E9	59.52625286440171
3.1021107135E9	44.78117755836608
3.10211362E9	58.69469799961158
3.102116511E9	59.00471119205036
3.102119394E9	58.73252838402259
3.1021222725E9	58.406787723701264
3.1021251475E9	57.742559523809526
3.1021280175E9	57.68010216298188
3.1021308845E9	0.0
3.10213375E9	55.989893276938965
3.1021366145E9	59.55969581749049
3.102139476E9	58.869563594280805
3.1021423325E9	43.61182143440911
3.1021451745E9	59.5044166571068
3.1021480035E9	0.0
3.1021508295E9	56.49521961644452
3.102153651E9	58.15196605785154
3.102156467E9	21.008381160608547
3.102159278E9	0.0
3.1021620835E9	0.0
3.10216488E9	0.0
3.102167667E9	59.07144080863457
3.1021704475E9	53.37885521885522
3.102173225E9	0.0
3.1021759985E9	0.0
3.102178768E9	0.0
3.102181536E9	53.61275467947656
3.102184301E9	50.59902972342475
3.102187055E9	57.84807585052984
3.1021897985E9	54.696135881104034
3.1021925375E9	56.956492653207505
3.10219527E9	40.87143053267435
3.1021979975E9	0.0
3.10220072E9	46.10161241253422
3.102203437E9	0.0
3.1022061485E9	58.35833140361904
3.1022088545E9	0.0
3.1022115525E9	0.0
3.102214244E9	59.140334777993985
3.1022169345E9	56.99672942146489
3.102219623E9	58.578607322325915
3.102222305E9	0.0
3.1022249775E9	57.74086240674411
3.1022276455E9	59.428860866672714
3.102230311E9	58.23717470788574
3.10223297E9	0.0
3.1022356195E9	0.0
3.1022382625E9	55.36609145815358
3.1022408995E9	58.91041839399077
3.1022435315E9	0.0
3.1022461615E9	55.88444043604423
3.102248787E9	58.56398451396882
3.1022514095E9	0.0
3.10225403E9	55.51474195788012
3.102256642E9	56.58617658593317
3.102259246E9	57.17868569234707
3.102261848E9	55.94961977186312
3.1022644475E9	0.0
3.102267045E9	57.591453849532535
3.1022696415E9	0.0
3.1022722365E9	54.28391167192429
3.1022748265E9	0.0
3.102277412E9	0.9851632047477745
3.102279996E9	58.37722784651918
3.1022825765E9	58.7540858326518
3.10228515E9	45.64644637794506
3.102287719E9	55.263128898683114
3.102290279E9	0.0
3.1022928285E9	0.0
3.1022953765E9	3.376699029126214
3.1022979235E9	42.84139646594613
3.102300469E9	52.17325720355863
3.1023030085E9	0.0
3.102305542E9	56.985447736367355
3.1023080695E9	57.00181206799925
3.1023105915E9	47.92193020892572
3.10231311E9	59.74080771549126
3.102315624E9	0.0
3.102318134E9	42.61413043478261
3.1023206395E9	14.625
3.10232314E9	0.0
3.102325624E9	59.61758669115264
3.102328092E9	51.81069518716578
3.1023305565E9	0.0
3.102333018E9	55.1113593400928
3.102335476E9	57.35675242836751
3.1023379295E9	0.0
3.102340372E9	0.0
3.1023428065E9	44.135836810384795
3.1023452395E9	51.53562609968507
3.102347669E9	0.9752066115702479
3.102350093E9	54.86984470638548
3.1023525135E9	57.893808654027836
3.1023549305E9	58.36037689672051
3.1023573395E9	59.60945529290853
3.102359743E9	0.0
3.1023621455E9	58.1714012564873
3.102364545E9	54.38202329678935
3.102366941E9	0.0
3.1023693355E9	54.899333121625915
3.1023717265E9	0.0
3.1023741115E9	57.9181568088033
3.102376493E9	59.04036557501904
3.1023788735E9	0.0
3.1023812475E9	0.0
3.1023836135E9	53.47316058040423
3.102385977E9	57.32516539276768
3.1023883325E9	0.0
3.102390676E9	59.643962848297214
3.102393013E9	0.0
3.1023953465E9	30.5880439202928
3.102397678E9	58.78410550978762
3.1024000085E9	50.654545454545456
3.102402335E9	0.0
3.102404656E9	58.607007041128284
3.1024069725E9	57.71130494270566
3.1024092835E9	58.89964792315363
3.1024115905E9	45.073479981278986
3.1024138915E9	46.719408866995074
3.102416183E9	59.85609538819982
3.102418466E9	0.0
3.1024207435E9	48.77444528708075
3.102423018E9	57.90138185168125
3.1024252855E9	58.944781506796716
3.1024275435E9	0.0
3.1024297965E9	54.309739247749526
3.102432045E9	0.0
3.102434287E9	20.46558391337974
3.102436518E9	43.939081179706434
3.1024387395E9	57.73202614379085
3.1024409585E9	27.599150458305388
3.102443175E9	0.0
3.102445389E9	58.25001576391954
3.102447597E9	57.255234687316545
3.1024497985E9	0.0
3.102451997E9	0.0
3.1024541925E9	52.750633167865466
3.102456381E9	0.0
3.102458562E9	58.29477778486259
3.10246074E9	58.4052065298046
3.102462917E9	56.22311407387252
3.102465094E9	0.0
3.1024672665E9	0.0
3.1024694305E9	53.13975027927431
3.102471588E9	0.0
3.1024737375E9	51.422005170927896
3.102475881E9	59.22248864853834
3.1024780205E9	59.27348336594912
3.1024801555E9	0.0
3.102482287E9	0.0
3.1024844155E9	55.71583637100041
3.102486542E9	57.54749199573106
3.102488667E9	0.0
3.1024907905E9	45.29550827423168
3.102492907E9	52.259646069045544
3.1024950155E9	59.00247612309869
3.1024971155E9	59.625
3.102499209E9	58.470283670139324
3.1025012995E9	0.0
3.1025033865E9	0.0
3.1025054725E9	53.94705353302311
3.1025075575E9	56.944119735620255
3.1025096395E9	0.0
3.102511719E9	49.56820856873823
3.1025137965E9	59.70866917303664
3.10251587E9	59.35003449465333
3.1025179385E9	59.825448500380965
3.102520002E9	59.313492195745155
3.10252206E9	58.4299711815562
3.102524114E9	59.40611075747931
3.1025261605E9	59.177110427997164
3.1025281985E9	58.13958253994161
3.102530234E9	54.90327326222876
3.1025322685E9	58.27955382929987
3.1025343015E9	49.80907787058129
3.102536332E9	0.0
3.102538359E9	0.0
3.102540382E9	56.14121353893159
3.1025424015E9	0.0
3.102544418E9	0.9734513274336283
3.10254643E9	58.987793169661224
3.102548438E9	0.0
3.102550444E9	58.446900091052065
3.102552448E9	0.0
3.10255445E9	0.0
3.102556451E9	48.51534836326583
3.1025584515E9	0.0
3.1025604495E9	51.97024579560155
3.1025624435E9	52.12719910639486
3.102564432E9	52.87547279604306
3.102566415E9	20.691176470588236
3.102568394E9	57.922482865141426
3.102570368E9	52.50913174537502
3.1025723375E9	55.07318800661053
3.1025743025E9	57.854015247098964
3.102576264E9	58.702929297050304
3.1025782245E9	53.41738884168791
3.1025801845E9	54.4671634299834
3.1025821415E9	59.08413080490812
3.1025840945E9	55.71859325790272
3.102586044E9	57.42130750605327
3.1025879895E9	59.19274221157138
3.102589933E9	59.891304347826086
3.102591875E9	0.0
3.102593814E9	0.0
3.1025957495E9	39.53556485355649
3.102597681E9	57.78
3.1025996075E9	0.0
3.1026015315E9	58.65867711454252
3.102603455E9	51.13408092135172
3.102605377E9	0.0
3.1026072965E9	0.0
3.102609213E9	0.0
3.102611128E9	0.0
3.1026130425E9	59.119819772620104
3.1026149555E9	0.0
3.1026168665E9	50.958733140978325
3.102618775E9	59.348074723598934
3.1026206805E9	0.0
3.102622581E9	0.0
3.102624475E9	0.0
3.1026263655E9	29.225950782997764
3.1026282545E9	0.0
3.1026301425E9	0.0
3.102632029E9	55.32272656371861
3.102633912E9	52.46194398682043
3.102635792E9	56.90277294349693
3.10263767E9	57.994018608772706
3.1026395465E9	56.59483847680924
3.1026414225E9	51.570512306582216
3.1026432975E9	0.0
3.1026451705E9	42.35523032305928
3.102647041E9	0.0
3.1026489085E9	57.15787159190853
3.102650774E9	0.0
3.102652639E9	56.116693679092386
3.102654504E9	0.0
3.1026563675E9	0.0
3.1026582295E9	57.038427266651816
3.10266009E9	0.0
3.1026619475E9	55.026477935054125
3.1026638035E9	0.0
3.1026656585E9	54.39908205530057
3.1026675105E9	52.36369151437021
3.10266936E9	43.79137220007187
3.102671209E9	57.57826475849732
3.102673057E9	0.0
3.1026749E9	49.32745674175645
3.1026767365E9	58.74583717140225
3.102678564E9	25.23949399656947
3.102680382E9	49.861160981448236
3.102682195E9	58.59043430456295
3.1026840045E9	58.709957415121124
3.1026858125E9	52.29169480081026
3.10268762E9	0.0
3.102689427E9	53.464460366200385
3.1026912315E9	59.83844911147011
3.102693033E9	58.480976619791214
3.1026948335E9	49.98617039439986
3.102696631E9	48.047877272555944
3.1026984255E9	59.707154742096506
3.1027002185E9	0.0
3.1027020085E9	0.0
3.1027037955E9	0.0
3.1027055795E9	0.0
3.1027073615E9	15.652705707931801
3.102709143E9	45.18517217146873
3.102710924E9	51.02444673185795
3.102712704E9	56.662092844319055
3.102714482E9	0.0
3.1027162525E9	0.0
3.1027180155E9	58.81093505610337
3.102719774E9	51.16858668165215
3.102721526E9	35.36622073578595
3.102723274E9	25.46422893481717
3.1027250205E9	44.31217228464419
3.102726766E9	0.0
3.1027285105E9	50.28254630837464
3.1027302535E9	48.684718765555004
3.1027319945E9	0.0
3.1027337345E9	0.0
3.1027354725E9	59.472527472527474
3.102737208E9	58.924756705435556
3.1027389415E9	0.0
3.1027406735E9	0.0
3.1027424045E9	58.31500414479138
3.102744133E9	58.630927835051544
3.1027458575E9	57.73224723293123
3.1027475775E9	0.0
3.1027492945E9	58.01945844566874
3.1027510075E9	13.886178861788618
3.1027527165E9	5.410714285714286
3.102754424E9	59.310800836511255
3.1027561305E9	55.344459194639356
3.102757836E9	0.0
3.1027595405E9	58.00677966101695
3.102761242E9	0.0
3.1027629405E9	59.325842696629216
3.102764638E9	0.0
3.102766335E9	58.45035249424686
3.102768031E9	59.68034727703236
3.102769726E9	0.0
3.10277142E9	0.0
3.10277311E9	0.0
3.1027747965E9	46.168839230291745
3.1027764795E9	0.0
3.102778159E9	45.53700204692174
3.102779838E9	49.14200587494754
3.1027815165E9	58.59405357668531
3.1027831925E9	25.79621848739496
3.1027848665E9	0.0
3.102786539E9	0.0
3.102788209E9	57.20909090909091
3.102789876E9	57.21611721611722
3.10279154E9	36.137153196622435
3.1027932E9	59.62993556913927
3.102794855E9	0.0
3.1027965075E9	0.0
3.1027981585E9	50.456054087277195
3.102799808E9	49.151789077212804
3.102801457E9	0.0
3.1028031015E9	53.00859362088911
3.1028047405E9	0.0
3.1028063775E9	57.15068772287315
3.1028080115E9	20.329107505070994
3.102809643E9	49.760456273764255
3.1028112735E9	0.0
3.102812902E9	0.0
3.1028145275E9	37.14100114635078
3.102816148E9	37.359173126614984
3.1028177645E9	58.21736922295582
3.10281938E9	0.0
3.102820993E9	0.0
3.102822604E9	53.71142822295402
3.1028242125E9	0.0
3.102825818E9	57.877447883765
3.102827423E9	0.0
3.1028290255E9	55.245798649285376
3.1028306245E9	0.0
3.1028322225E9	58.46903270702853
3.10283382E9	47.29663302257493
3.1028354165E9	54.07165021156558
3.102837012E9	0.0
3.1028386055E9	32.38358309103109
3.102840196E9	0.0
3.102841783E9	0.0
3.102843365E9	59.237875288683604
3.1028449435E9	59.12112676056338
3.102846521E9	0.0
3.102848098E9	0.0
3.102849675E9	48.275720164609055
3.1028512515E9	0.0
3.102852827E9	25.654485049833887
3.1028544015E9	58.457431457431454
3.1028559745E9	56.21596336277396
3.102857546E9	0.0
3.102859113E9	0.0
3.102860675E9	14.827188940092165
3.102862236E9	57.39563689829972
3.1028637965E9	54.0
3.1028653565E9	59.614870286172774
3.1028669135E9	58.28889143643242
3.1028684665E9	0.0
3.1028700165E9	0.0
3.1028715635E9	0.0
3.102873107E9	59.004149377593365
3.1028746455E9	59.87903225806452
3.10287618E9	55.1144
3.1028777125E9	46.89185413909719
3.1028792445E9	59.78891820580475
3.1028807755E9	0.0
3.102882304E9	48.80320751373383
3.1028838305E9	59.35003385240352
3.1028853555E9	0.0
3.102886879E9	52.69646298540188
3.102888402E9	23.0
3.1028899245E9	20.11680092059839
3.1028914465E9	33.00579470198676
3.102892967E9	55.85151090654393
3.102894483E9	0.0
3.1028959935E9	0.0
3.1028975015E9	0.0
3.102899008E9	0.0
3.102900512E9	0.0
3.1029020115E9	59.411764705882355
3.102903505E9	50.07277277277277
3.1029049955E9	49.83140429517629
3.1029064855E9	58.14572950678811
3.102907974E9	47.96848989298454
3.1029094605E9	50.25435443737904
3.102910946E9	57.61159535129424
3.1029124305E9	43.72625646280684
3.102913914E9	43.358014966522255
3.102915395E9	0.0
3.102916874E9	0.0
3.1029183515E9	59.22051965356429
3.102919827E9	49.12544179848195
3.1029213005E9	0.0
3.102922771E9	55.89840725746875
3.1029242395E9	0.0
3.102925707E9	59.89117291414752
3.102927173E9	57.21862139917695
3.1029286375E9	58.17852053374789
3.102930101E9	0.0
3.102931564E9	0.0
3.102933025E9	33.71778690930437
3.102934484E9	0.0
3.1029359425E9	55.76649896419059
3.1029374005E9	45.056418642681926
3.1029388565E9	58.16303653365859
3.102940308E9	0.0
3.102941757E9	0.0
3.1029432055E9	49.18850911550058
3.1029446525E9	0.0
3.1029460965E9	55.18197649107532
3.102947538E9	59.5780903034789
3.1029489785E9	43.0919540229885
3.102950418E9	12.74885004599816
3.102951856E9	0.0
3.1029532925E9	0.0
3.102954725E9	44.40763571286538
3.102956154E9	0.0
3.102957582E9	0.0
3.1029590085E9	0.0
3.102960434E9	52.71767794965466
3.1029618585E9	0.0
3.1029632825E9	45.48286140089419
3.102964706E9	1.9607843137254901
3.102966129E9	59.36078464530312
3.102967552E9	46.96606334841629
3.1029689705E9	0.0
3.1029703845E9	0.0
3.102971798E9	0.0
3.102973211E9	50.87483266398929
3.1029746225E9	38.60459183673469
3.102976032E9	0.0
3.102977441E9	0.0
3.1029788485E9	46.177971793149766
3.102980254E9	59.50989632422243
3.102981659E9	33.34696599244276
3.1029830635E9	59.75449473031618
3.1029844675E9	39.3707080206514
3.1029858705E9	45.73360220759923
3.1029872725E9	59.76
3.1029886745E9	58.60021208907741
3.1029900765E9	0.9572425828970331
3.1029914775E9	18.366433566433567
3.1029928765E9	0.0
3.1029942735E9	49.462616133313674
3.102995669E9	0.0
3.1029970635E9	54.409660107334524
3.102998457E9	60.0
3.102999849E9	0.0
3.103001239E9	57.17190889370933
3.103002628E9	59.04522613065327
3.1030040165E9	59.06067726330339
3.103005404E9	1.0
3.1030067895E9	58.74577440496723
3.103008172E9	53.651121395514416
3.103009553E9	34.3390105433901
3.103010933E9	44.31192995257205
3.103012311E9	0.0
3.1030136875E9	0.0
3.1030150635E9	55.63018204069145
3.103016439E9	0.0
3.1030178135E9	55.869383299981806
3.1030191865E9	59.421493136926685
3.103020558E9	52.789765635834144
3.1030219285E9	0.0
3.1030232985E9	59.06574394463668
3.1030246665E9	0.0
3.103026031E9	46.59321200196754
3.1030273925E9	54.146432573776615
3.1030287505E9	0.0
3.103030106E9	55.28469113697404
3.103031461E9	1.0
3.1030328145E9	47.691884456671254
3.103034163E9	58.01441920809315
3.1030355075E9	0.0
3.1030368515E9	20.910240718074256
3.1030381945E9	56.6620503943066
3.1030395365E9	58.84073107049608
3.1030408755E9	59.24042620529592
3.1030422105E9	0.0
3.1030435445E9	0.0
3.103044878E9	36.955660874144286
3.1030462105E9	52.81380700428319
3.1030475405E9	50.87211855104281
3.1030488685E9	54.56970015781168
3.1030501965E9	58.03305316838228
3.103051524E9	59.05641025641026
3.10305285E9	59.3535514764565
3.1030541735E9	29.365079365079364
3.1030554945E9	26.2138292799237
3.103056814E9	58.3967112024666
3.1030581325E9	51.06422018348624
3.103059449E9	57.31485849056604
3.1030607635E9	0.0
3.103062077E9	41.92652806888348
3.10306339E9	58.608415542581035
3.1030647025E9	57.16905737704918
3.1030660135E9	53.65748031496063
3.103067323E9	60.0
3.103068632E9	53.54719424460432
3.10306994E9	58.99837699976814
3.103071247E9	55.313163242266874
3.103072553E9	0.0
3.1030738575E9	0.0
3.103075161E9	58.9048409205685
3.1030764635E9	55.561754176610975
3.1030777655E9	0.0
3.103079067E9	58.95523267910396
3.103080368E9	0.0
3.1030816685E9	49.437844103158504
3.103082968E9	48.89564952844539
3.103084266E9	56.26133909287257
3.103085562E9	47.37481481481481
3.1030868565E9	0.0
3.10308815E9	0.0
3.103089442E9	0.0
3.103090733E9	53.20910973084886
3.103092023E9	58.94117647058823
3.1030933115E9	0.0
3.1030945995E9	16.97662665824384
3.103095887E9	0.0
3.103097174E9	43.54405594405594
3.103098461E9	0.0
3.1030997475E9	0.0
3.103101032E9	0.0
3.103102314E9	38.58561643835616
3.103103593E9	33.49180327868852
3.1031048685E9	0.0
3.1031061405E9	58.9
3.103107409E9	56.56721611721612
3.1031086755E9	59.52286282306163
3.1031099385E9	0.0
3.103111198E9	35.11863024867509
3.1031124565E9	0.0
3.1031137145E9	0.0
3.1031149725E9	58.81431005110733
3.1031162295E9	0.9953703703703703
3.103117485E9	59.72404730617608
3.1031187395E9	48.52622478386167
3.1031199935E9	0.0
3.103121247E9	0.0
3.1031224985E9	0.0
3.103123748E9	0.0
3.1031249965E9	0.0
3.1031262445E9	55.24147727272727
3.103127492E9	0.0
3.1031287365E9	58.70402802101576
3.1031299785E9	48.33465433729634
3.10313122E9	47.24133255858997
3.103132461E9	0.0
3.103133702E9	57.7906976744186
3.103134942E9	44.662463735773265
3.1031361805E9	0.0
3.103137418E9	31.06713780918728
3.1031386545E9	0.9867549668874173
3.10313989E9	0.0
3.1031411245E9	0.0
3.1031423585E9	0.0
3.1031435925E9	59.52755905511811
3.103144826E9	43.4560157790927
3.1031460585E9	2.083435582822086
3.1031472905E9	46.73604269293924
3.103148522E9	0.0
3.1031497525E9	38.81746810598626
3.1031509815E9	42.280834914611006
3.103152209E9	55.157140530858165
3.103153436E9	53.3591927420848
3.1031546625E9	48.13532513181019
3.1031558875E9	0.0
3.1031571115E9	0.0
3.1031583335E9	0.0
3.1031595535E9	0.0
3.103160773E9	59.875
3.103161991E9	42.69541375872383
3.1031632075E9	47.038053097345134
3.103164423E9	0.0
3.1031656375E9	46.86512474012474
3.1031668515E9	56.36165871142892
3.1031680655E9	44.30874737578726
3.103169279E9	0.0
3.1031704915E9	59.304655274012966
3.103171702E9	43.611026033690656
3.1031729105E9	38.28485601823078
3.103174118E9	47.15443252399774
3.103175325E9	56.49801023308698
3.103176532E9	0.0
3.1031777385E9	30.84474123539232
3.1031789445E9	6.0
3.10318015E9	0.0
3.103181355E9	0.0
3.1031825595E9	45.10869174014756
3.1031837635E9	0.0
3.1031849675E9	59.4447015270708
3.103186171E9	55.09090909090909
3.103187373E9	40.907904411764704
3.103188574E9	51.26789915966386
3.1031897745E9	59.735933983495876
3.1031909745E9	0.0
3.103192174E9	37.09534656687276
3.1031933725E9	0.0
3.10319457E9	59.681697612732094
3.1031957665E9	0.0
3.103196962E9	0.0
3.1031981565E9	58.63411415374464
3.1031993505E9	0.0
3.103200543E9	0.0
3.103201733E9	43.983591460862286
3.1032029205E9	0.0
3.1032041065E9	42.67515923566879
3.1032052915E9	2.9065420560747666
3.103206475E9	38.0573476702509
3.103207658E9	0.0
3.1032088405E9	0.0
3.103210022E9	0.0
3.103211203E9	1.6582520558424172
3.103212384E9	59.23464847226342
3.103213565E9	0.0
3.103214745E9	0.0
3.1032159235E9	54.27178796046721
3.1032171015E9	0.0
3.103218279E9	0.0
3.103219456E9	0.0
3.10322063E9	0.0
3.103221801E9	0.0
3.103222972E9	54.96728672225786
3.1032241425E9	0.0
3.1032253125E9	0.9748062015503876
3.103226481E9	51.37864077669903
3.103227648E9	50.32029202545863
3.103228815E9	58.74125874125874
3.103229981E9	0.0
3.103231146E9	0.0
3.1032323095E9	0.0
3.103233469E9	59.87608229406625
3.1032346255E9	0.0
3.1032357815E9	44.03905635648755
3.1032369365E9	59.02094979647219
3.1032380905E9	5.831775700934579
3.103239243E9	0.0
3.103240394E9	0.0
3.1032415445E9	22.122332859174964
3.1032426945E9	48.53884093711467
3.103243843E9	57.04110622250157
3.10324499E9	40.57072748267898
3.1032461365E9	18.487701040681173
3.1032472815E9	53.12358010184097
3.1032484255E9	43.11975524475525
3.103249569E9	0.0
3.1032507115E9	57.78549618320611
3.103251853E9	0.0
3.103252994E9	0.0
3.1032541345E9	0.0
3.1032552735E9	46.9242301458671
3.1032564095E9	58.693623639191294
3.1032575435E9	49.10645911612095
3.1032586765E9	48.237545435107975
3.103259808E9	3.396551724137931
3.103260939E9	29.625721352019784
3.1032620695E9	0.0
3.103263198E9	0.0
3.1032643245E9	59.45556946182728
3.1032654495E9	53.10220994475138
3.1032665725E9	0.0
3.1032676945E9	0.0
3.103268816E9	50.05711120064464
3.103269936E9	43.76557863501483
3.103271055E9	0.0
3.103272174E9	0.0
3.103273293E9	0.0
3.1032744115E9	46.12338963641569
3.1032755285E9	0.0
3.1032766445E9	0.0
3.10327776E9	0.0
3.103278875E9	54.05844155844156
3.10327999E9	57.60570925955541
3.1032811045E9	0.0
3.103282218E9	47.04848613169596
3.103283331E9	59.053254437869825
3.1032844425E9	6.0
3.1032855525E9	59.22971114167813
3.103286662E9	59.684813753581665
3.1032877705E9	47.72453166815343
3.103288878E9	43.11339198435973
3.103289985E9	0.0
3.103291092E9	39.28251121076233
3.103292199E9	40.37589670014347
3.1032933055E9	0.0
3.10329441E9	39.36130180523773
3.103295513E9	52.41309495619228
3.103296616E9	43.21318480085457
3.1032977175E9	51.59836065573771
3.103298817E9	0.0
3.1032999155E9	55.20199654029119
3.103301013E9	0.0
3.1033021095E9	36.910149750415975
3.1033032055E9	50.143184947223496
3.1033043005E9	38.21769418321143
3.103305394E9	0.0
3.1033064855E9	0.0
3.1033075745E9	50.60667086217747
3.103308662E9	0.0
3.1033097485E9	59.1875
3.103310834E9	0.0
3.1033119185E9	0.0
3.1033130025E9	35.4212609556121
3.1033140865E9	50.01542416452442
3.1033151705E9	57.241379310344826
3.103316254E9	0.0
3.103317337E9	57.97513321492007
3.1033184195E9	0.0
3.1033195015E9	59.89979123173278
3.103320583E9	58.586017282011
3.103321664E9	59.45344129554656
3.103322744E9	48.51494252873563
3.1033238215E9	50.99958982772765
3.1033248965E9	58.41149635036496
3.10332597E9	25.07644178454842
3.103327043E9	0.8963963963963963
3.103328115E9	59.80184940554822
3.103329185E9	35.02278481012658
3.103330253E9	24.019090056661085
3.10333132E9	0.0
3.103332387E9	41.86649214659686
3.1033334535E9	33.25634750688284
3.103334519E9	35.408378746594
3.103335584E9	0.0
3.103336649E9	0.0
3.103337714E9	0.0
3.103338779E9	28.798609602433196
3.1033398435E9	56.75308394343597
3.1033409075E9	21.048816568047336
3.1033419715E9	0.0
3.103343035E9	0.0
3.1033440975E9	0.0
3.1033451595E9	45.07419925961693
3.1033462215E9	58.6064497716895
3.103347283E9	0.0
3.1033483435E9	58.90339425587467
3.103349402E9	0.0
3.103350459E9	0.0
3.1033515155E9	31.18826868495743
3.103352571E9	0.0
3.103353626E9	59.208166241341594
3.103354681E9	56.07036910498227
3.103355736E9	9.63676148796499
3.1033567905E9	58.31356252361164
3.103357843E9	51.30084188371481
3.1033588935E9	0.912621359223301
3.1033599435E9	0.0
3.103360993E9	59.203539823008846
3.1033620415E9	51.252983293556085
3.103363089E9	0.0
3.1033641355E9	0.0
3.1033651815E9	59.366602687140116
3.1033662275E9	57.631651829871416
3.103367273E9	0.0
3.103368318E9	0.0
3.103369363E9	57.83704735376045
3.1033704075E9	17.761904761904763
3.1033714505E9	0.0
3.103372492E9	0.0
3.103373532E9	0.0
3.103374571E9	45.36315727836983
3.1033756095E9	0.0
3.1033766465E9	0.0
3.1033776825E9	0.0
3.103378718E9	42.03878069432684
3.103379753E9	45.61335403726708
3.103380787E9	0.0
3.1033818195E9	25.28813559322034
3.103382851E9	0.0
3.103383882E9	51.295264081075814
3.103384913E9	0.0
3.103385942E9	25.936998147004324
3.103386969E9	0.0
3.1033879955E9	33.0
3.1033890215E9	0.0
3.1033900465E9	0.0
3.1033910705E9	0.0
3.1033920935E9	53.58063492063492
3.1033931155E9	59.49704142011834
3.103394137E9	23.870927318295738
3.1033951575E9	0.0
3.103396177E9	0.0
3.1033971955E9	0.0
3.1033982135E9	30.419712070874862
3.1033992315E9	56.24202127659574
3.1034002485E9	0.0
3.1034012615E9	59.602649006622514
3.1034022715E9	57.55638357705287
3.103403281E9	0.0
3.1034042895E9	0.0
3.103405297E9	0.0
3.1034063035E9	0.0
3.103407309E9	59.424920127795524
3.103408314E9	0.0
3.1034093185E9	33.65482233502538
3.1034103225E9	0.0
3.103411326E9	0.0
3.103412329E9	57.02030637691485
3.103413332E9	56.837699581460235
3.103414335E9	36.88134657836645
3.1034153375E9	59.80392156862745
3.1034163395E9	0.0
3.1034173405E9	50.005847953216374
3.1034183405E9	31.9
3.1034230195E9	58.87779139590994
3.1034311645E9	56.51918516649849
3.1034385535E9	0.0
3.103444272E9	2.0110139661632793
3.103448588E9	59.62701245720114
3.103452529E9	33.71145685997171
3.1034563265E9	59.024931670568876
3.103460075E9	48.520483768300444
3.1034637975E9	53.066072120977125
3.103467461E9	48.23968647645734
3.103471038E9	57.8919730699393
3.1034745565E9	41.68261457181472
3.10347799E9	57.721509876302015
3.1034813295E9	56.392532009152426
3.103484605E9	54.559382753910064
3.1034878305E9	47.23291221250405
3.1034910465E9	54.027567016646984
3.1034942485E9	56.31993884776312
3.1034973905E9	11.290104486785495
3.10350048E9	56.46550552416458
3.1035035475E9	59.24589745226997
3.103506574E9	58.482127652738285
3.1035095785E9	55.523878720134135
3.10351256E9	50.96211994886332
3.1035155065E9	47.814602043413444
3.10351844E9	44.49615145704486
3.10352132E9	44.14393023657399
3.1035241305E9	6.091578947368421
3.103526902E9	59.05893845652882
3.103529649E9	33.65142170930777
3.103532388E9	41.36799110864129
3.1035351035E9	58.22717872968981
3.103537785E9	22.530845532652386
3.1035404345E9	54.21945556049602
3.1035429975E9	58.66990201515992
3.103545488E9	22.397562772109712
3.1035479665E9	55.65956672128163
3.1035504075E9	56.386959381917535
3.103552812E9	43.686071290197596
3.1035551875E9	0.0
3.103557535E9	49.7317096375226
3.1035598595E9	45.37825696316262
3.1035621585E9	31.404734315510677
3.103564445E9	53.57467619302334
3.103566722E9	28.254793916685035
3.103568983E9	55.75688748685594
3.103571211E9	55.528048302783894
3.1035734005E9	49.65588298099509
3.103575568E9	56.48433700472035
3.103577725E9	58.326330532212886
3.103579877E9	41.23685503685504
3.103582016E9	37.709144446262066
3.1035841385E9	56.419726614848564
3.103586253E9	59.34351811436054
3.1035883585E9	54.976390507144174
3.1035904405E9	58.19753294462607
3.1035925065E9	55.4944983113629
3.103594569E9	60.0
3.103596622E9	24.925057021831215
3.1035986655E9	59.05975013579576
3.1036007005E9	18.000548379234708
3.1036027275E9	34.47841753070079
3.10360474E9	0.0
3.1036067365E9	46.54868454990972
3.103608723E9	0.0
3.103610703E9	0.0
3.103612671E9	47.68194605328479
3.103614626E9	58.78195401856202
3.1036165745E9	14.585106382978724
3.1036185145E9	55.11823977608459
3.1036204485E9	54.16013280551654
3.1036223555E9	51.369120940649495
3.1036242355E9	39.50406770878314
3.1036261095E9	9.03921568627451
3.103627955E9	58.683914510686165
3.103629772E9	36.88676470588236
3.103631583E9	10.503496503496503
3.1036333895E9	53.380604014256235
3.10363519E9	53.52780082987552
3.103636984E9	33.76839237057221
3.10363877E9	16.434782608695652
3.1036405435E9	56.39804746408445
3.1036423085E9	0.0
3.103644062E9	0.0
3.103645804E9	47.753766851704995
3.103647529E9	54.66638813453102
3.1036492365E9	55.78863597467055
3.10365094E9	10.627348643006263
3.103652635E9	50.3354967548677
3.1036543025E9	0.0
3.103655946E9	55.249606794589496
3.103657586E9	0.0
3.1036592235E9	59.22831908905806
3.1036608575E9	3.445417095777549
3.103662488E9	55.227033589639824
3.103664114E9	0.0
3.1036657365E9	51.716953962136294
3.1036673585E9	35.12152269399707
3.103668979E9	44.78776511325927
3.1036705915E9	52.59178839320963
3.103672191E9	0.0
3.1036737835E9	55.336311170843544
3.1036753585E9	37.55257731958763
3.10367691E9	56.22885498444675
3.1036784535E9	58.44671021188466
3.1036799945E9	51.28410894546378
3.103681529E9	17.540658276863503
3.1036830525E9	58.934834379735875
3.103684569E9	0.0
3.103686083E9	3.9726027397260273
3.103687593E9	37.17374080362196
3.1036890985E9	57.40983968230622
3.1036906E9	34.38724760892667
3.103692097E9	57.71330218834522
3.103693592E9	28.51979841612671
3.1036950855E9	1.0
3.1036965775E9	57.30462600194098
3.103698068E9	0.9971671388101983
3.103699555E9	4.483905579399142
3.103701039E9	56.84398239490059
3.103702517E9	28.81094224924012
3.1037039885E9	0.0
3.103705455E9	53.34811618257262
3.1037069165E9	43.22686832740214
3.1037083755E9	41.61574382921948
3.1037098325E9	41.30164533820841
3.103711287E9	19.476439790575917
3.103712735E9	59.81032665964173
3.103714177E9	14.872567482736974
3.1037156105E9	0.0
3.103717036E9	58.04717826216781
3.1037184575E9	51.4544080604534
3.103719873E9	4.6448953709575145
3.103721286E9	0.0
3.1037226985E9	59.12408759124087
3.103724108E9	0.0
3.1037255145E9	56.15256826427344
3.1037269155E9	58.53028263795424
3.1037283085E9	48.60428790199081
3.1037296945E9	38.216672099087354
3.1037310735E9	47.15569959137664
3.103732449E9	8.0
3.103733822E9	43.32121212121212
3.103735191E9	0.0
3.1037365565E9	52.83294317939987
3.1037379165E9	15.143686502177069
3.103739272E9	0.9779735682819384
3.1037406255E9	46.471634721304255
3.1037419765E9	0.0
3.1037433245E9	47.890500442869794
3.10374467E9	54.14679911699779
3.1037460125E9	45.15787287079352
3.1037473475E9	0.0
3.103748677E9	0.0
3.1037500035E9	20.874285714285715
3.1037513235E9	51.69025244149622
3.103752635E9	31.360500215610177
3.1037539405E9	25.971861471861473
3.1037552445E9	57.50115788039776
3.103756548E9	13.442831215970962
3.10375785E9	0.9619047619047619
3.1037591505E9	56.9199750701153
3.103760449E9	59.32560590094837
3.1037617455E9	42.37668161434978
3.1037630385E9	56.295490563319404
3.1037643255E9	55.45728038507822
3.1037656085E9	37.912727272727274
3.10376689E9	55.07418976962124
3.1037681705E9	0.9968553459119497
3.10376945E9	0.0
3.1037707255E9	21.36309665162669
3.103771995E9	0.0
3.103773262E9	0.0
3.1037745285E9	0.0
3.1037757935E9	26.927147517216383
3.1037770575E9	34.00728291316527
3.1037783215E9	0.0
3.103779585E9	30.733905579399142
3.103780841E9	31.966403839561192
3.1037820855E9	1.0
3.103783325E9	44.82491737054719
3.103784562E9	50.619733519115215
3.103785797E9	55.13741760148028
3.103787031E9	43.054054054054056
3.1037882635E9	58.37219160661297
3.1037894945E9	39.95430579964851
3.1037907225E9	34.96071634893126
3.103791947E9	13.950907868190988
3.1037931655E9	59.53367875647668
3.103794379E9	38.05539070227498
3.103795591E9	45.296997270245676
3.103796801E9	0.0
3.1037980065E9	60.0
3.103799207E9	59.329446064139944
3.103800405E9	49.03914405010438
3.1038016E9	14.080065359477125
3.103802792E9	2.9105431309904155
3.103803981E9	58.339100346020764
3.1038051675E9	20.827332117897296
3.1038063525E9	19.468354430379748
3.1038075365E9	0.0
3.1038087195E9	17.15489989462592
3.1038099E9	0.0
3.103811076E9	0.0
3.103812247E9	15.588235294117647
3.103813415E9	16.980164670658684
3.1038145815E9	45.07268578878748
3.103815747E9	0.0
3.1038169115E9	0.0
3.103818075E9	28.4590616375345
3.1038192355E9	59.02535359614806
3.1038203935E9	0.0
3.103821551E9	3.9568034557235423
3.103822708E9	54.90045310998215
3.103823865E9	50.758059887113745
3.103825021E9	0.0
3.1038261755E9	0.0
3.103827327E9	0.0
3.1038284755E9	11.209655172413793
3.1038296235E9	38.23518232569189
3.1038307705E9	0.0
3.1038319155E9	0.0
3.1038330575E9	0.0
3.1038341955E9	18.98258977149075
3.1038353305E9	0.0
3.103836464E9	33.79753648690612
3.103837595E9	30.71681691016475
3.103838723E9	22.76771653543307
3.10383985E9	0.0
3.1038409725E9	49.420385312036885
3.1038420865E9	51.44178509099975
3.1038431935E9	16.91535150645624
3.1038442975E9	55.155287642510814
3.1038454E9	54.87985573671951
3.1038464995E9	0.0
3.1038475965E9	26.08635097493036
3.1038486915E9	0.0
3.103849784E9	6.249648711943794
3.103850874E9	0.0
3.1038519615E9	57.434387723144376
3.103853047E9	8.504587155963304
3.1038541315E9	54.1290400677884
3.103855215E9	47.621746496226706
3.103856298E9	57.5119409465914
3.103857379E9	34.25393883225208
3.1038584565E9	0.0
3.103859529E9	17.93891521853607
3.1038605975E9	0.0
3.103861665E9	22.69888178913738
3.103862732E9	0.0
3.103863799E9	58.6589762076424
3.103864864E9	36.90841584158416
3.1038659265E9	49.343704423918325
3.103866987E9	59.66254218222722
3.1038680455E9	43.749655172413796
3.1038691035E9	60.0
3.10387016E9	0.0
3.1038712145E9	0.0
3.1038722685E9	3.6417989417989416
3.103873322E9	0.0
3.103874375E9	59.32647333956969
3.1038754275E9	46.36857409337796
3.103876479E9	0.0
3.103877529E9	26.852522639068564
3.103878577E9	0.0
3.1038796225E9	53.04964539007092
3.103880666E9	60.0
3.103881709E9	48.18738989824626
3.1038827515E9	3.0116214720531267
3.1038837935E9	43.85181550539745
3.103884835E9	0.0
3.1038858755E9	50.018339276617425
3.103886915E9	58.00195886385896
3.1038879535E9	0.0
3.103888991E9	2.2156133828996283
3.103890028E9	24.304255319148936
3.103891064E9	15.107857491459248
3.103892095E9	46.02040816326531
3.103893119E9	58.6833855799373
3.10389414E9	58.607204151683554
3.10389516E9	40.79933806146572
3.103896179E9	55.38398692810458
3.1038971965E9	0.0
3.1038982115E9	0.0
3.103899225E9	2.9881422924901186
3.103900236E9	0.0
3.1039012445E9	0.0
3.103902252E9	0.0
3.1039032575E9	0.0
3.1039042615E9	7.273873873873874
3.103905265E9	54.9313953191598
3.103906267E9	0.9929971988795518
3.1039072675E9	0.0
3.1039082675E9	59.267299864314786
3.1039092675E9	0.0
3.103918732E9	59.1555957934547
3.103932571E9	0.0
3.103941472E9	57.42060653267877
3.1039494115E9	0.0
3.1039572085E9	0.0
3.103963938E9	0.0
3.1039695055E9	59.3041825095057
3.103974766E9	0.0
3.1039797995E9	0.0
3.103984567E9	59.65724441435342
3.1039891115E9	0.0
3.1039934845E9	0.0
3.103997683E9	58.77202002890076
3.104001684E9	0.0
3.104005458E9	50.65949550636001
3.104009178E9	0.0
3.1040128475E9	58.829986704394365
3.104016433E9	58.21231857449317
3.104019926E9	0.0
3.104023359E9	59.5099289265778
3.104026758E9	0.0
3.1040301305E9	59.56268221574344
3.104033452E9	58.89187633334462
3.104036731E9	31.656238209942828
3.1040399985E9	0.0
3.104043259E9	54.91353543979505
3.1040464995E9	0.0
3.104049674E9	59.55494215844194
3.1040527925E9	0.0
3.1040558995E9	0.0
3.104058987E9	0.0
3.104062054E9	0.0
3.104065115E9	57.69952413324269
3.1040681395E9	0.0
3.1040711275E9	49.60706126953977
3.1040740845E9	0.0
3.1040770095E9	0.9855907780979827
3.104079908E9	55.566519963942945
3.104082775E9	0.0
3.1040856295E9	0.0
3.104088461E9	46.76355435449549
3.10409126E9	57.44140707777071
3.1040940205E9	0.0
3.1040967325E9	59.50710653279437
3.1040994055E9	58.215249434116956
3.104102056E9	59.07590759075907
3.1041046865E9	0.0
3.104107298E9	58.90921020656136
3.104109892E9	50.63474238365211
3.1041124505E9	59.71050494434625
3.1041149735E9	0.0
3.1041174795E9	0.0
3.10411997E9	34.0921895006402
3.1041224495E9	27.844559585492227
3.104124925E9	0.0
3.104127395E9	59.0382637201153
3.1041298495E9	54.67388744996468
3.1041322855E9	0.0
3.104134709E9	59.13132190145431
3.1041371215E9	55.24163770287937
3.104139523E9	32.293239405087526
3.1041418965E9	56.66178537956888
3.104144241E9	11.892373396187127
3.1041465705E9	23.01398379151438
3.104148885E9	55.62723950966525
3.1041511915E9	60.0
3.1041534905E9	59.18507831821929
3.104155772E9	29.94204483324221
3.10415804E9	56.987793267596054
3.1041603025E9	0.0
3.1041625525E9	0.0
3.1041647915E9	54.58214849921011
3.1041670245E9	57.610801891439266
3.104169246E9	0.0
3.104171456E9	0.0
3.104173654E9	17.566818317457148
3.104175845E9	56.422257748439996
3.1041780355E9	55.54569110668912
3.1041802225E9	58.99133546807308
3.1041823975E9	33.68334550497562
3.104184563E9	27.153448819385947
3.1041867265E9	53.19232188999631
3.1041888805E9	0.0
3.1041910115E9	52.006414368184736
3.1041931255E9	0.0
3.1041952355E9	0.0
3.1041973425E9	44.13507120929999
3.1041994485E9	48.288325281803544
3.1042015545E9	42.43911562184686
3.104203656E9	56.27678280690329
3.104205745E9	0.0
3.1042078145E9	57.213205206050844
3.104209871E9	54.69353297228417
3.1042119255E9	0.0
3.104213971E9	55.87564095923758
3.1042160055E9	0.0
3.1042180375E9	51.8974178623902
3.1042200635E9	59.93355481727575
3.1042220825E9	0.0
3.1042240985E9	0.0
3.104226106E9	0.0
3.104228107E9	57.516698656429945
3.104230103E9	59.62164641137354
3.1042320935E9	57.11804184761153
3.10423408E9	0.0
3.104236062E9	58.43142311858462
3.104238043E9	55.47366828087167
3.104240023E9	28.764144011756063
3.104241994E9	56.85307959893595
3.1042439415E9	7.843817787418655
3.104245872E9	55.26286173633441
3.104247777E9	49.122705919198246
3.1042496545E9	59.389012493582065
3.104251516E9	0.9640591966173362
3.104253365E9	48.54867640676986
3.104255206E9	0.0
3.1042570385E9	59.760809567617294
3.1042588675E9	51.9231100082713
3.1042606875E9	35.71458690735222
3.1042625015E9	58.8088044885628
3.104264304E9	53.058733568801664
3.104266094E9	2.986607142857143
3.1042678815E9	0.0
3.1042696635E9	0.0
3.1042714405E9	27.63547237076649
3.1042732095E9	59.774049217002236
3.1042749695E9	0.0
3.104276727E9	0.0
3.1042784825E9	0.0
3.1042802355E9	58.43670918977366
3.104281987E9	44.25748890103257
3.104283737E9	31.069264868858514
3.1042854805E9	0.0
3.104287214E9	29.333168781990963
3.1042889415E9	49.246002533521356
3.1042906625E9	56.89633767846058
3.1042923765E9	57.305255271326125
3.104294088E9	38.38866461894136
3.104295795E9	59.45695364238411
3.1042974975E9	49.1960029924121
3.104299198E9	58.931583880037486
3.1043008905E9	44.808967772069124
3.1043025755E9	30.41717101387178
3.1043042575E9	50.43182867165144
3.1043059365E9	51.72537313432836
3.1043076145E9	0.0
3.104309292E9	59.69595621769535
3.1043109685E9	50.417873051224944
3.1043126425E9	25.542101020105456
3.104314313E9	0.0
3.1043159815E9	0.0
3.104317647E9	0.0
3.1043193085E9	0.0
3.1043209685E9	55.40623005234265
3.1043226275E9	59.44709246901811
3.1043242845E9	0.0
3.1043259405E9	54.93357487922705
3.1043275945E9	0.0
3.104329244E9	0.0
3.10433089E9	59.22600619195047
3.104332533E9	0.0
3.1043341725E9	32.30135072193759
3.104335808E9	0.0
3.1043374375E9	56.87714910909659
3.1043390575E9	0.0
3.1043406705E9	0.0
3.104342279E9	0.0
3.104343883E9	46.024337333062164
3.104345484E9	38.86009538950715
3.104347078E9	0.0
3.1043486665E9	51.80414227825304
3.104350253E9	0.0
3.1043518375E9	59.13710450623202
3.1043534215E9	51.35735484855171
3.1043550035E9	0.0
3.1043565795E9	35.487858117326056
3.1043581505E9	52.25322987887833
3.10435972E9	0.0
3.1043612885E9	54.33059805285118
3.104362856E9	0.9973944762897342
3.104364422E9	12.192340425531915
3.104365984E9	43.833416959357756
3.104367543E9	43.87624466571835
3.1043691005E9	0.0
3.1043706555E9	55.29848130841121
3.104372207E9	0.0
3.1043737525E9	57.802547770700635
3.104375294E9	47.42465585054081
3.1043768335E9	0.0
3.104378371E9	37.80436429762085
3.104379907E9	0.0
3.1043814395E9	59.04966757919437
3.1043829685E9	0.0
3.1043844935E9	60.0
3.1043860115E9	0.0
3.104387523E9	59.543639475185394
3.104389031E9	42.0356783919598
3.1043905345E9	48.9103731476522
3.104392034E9	0.0
3.104393533E9	0.9975786924939467
3.104395031E9	59.58075509776669
3.1043965275E9	0.0
3.1043980195E9	56.00114416475972
3.1043995065E9	0.0
3.104400992E9	0.0
3.104402475E9	57.73991031390135
3.104403955E9	58.50765306122449
3.1044054305E9	53.95756207674943
3.1044069025E9	47.19697380745022
3.1044083735E9	59.11307528192624
3.1044098415E9	0.0
3.104411307E9	0.0
3.10441277E9	32.03883495145631
3.1044142295E9	50.49616454522465
3.104415687E9	31.445045731707317
3.1044171395E9	32.42116630669546
3.104418587E9	0.0
3.1044200325E9	1.802849002849003
3.104421476E9	55.260854341736696
3.104422919E9	0.0
3.1044243595E9	0.9814814814814815
3.1044257945E9	34.27625873399874
3.1044272255E9	53.788850038850036
3.1044286555E9	9.701492537313433
3.104430085E9	0.0
3.104431514E9	0.0
3.104432943E9	0.0
3.1044343705E9	0.0
3.1044357965E9	0.0
3.1044372195E9	59.06731603175662
3.1044386375E9	53.917479029698484
3.1044400535E9	0.0
3.104441469E9	56.92348162475822
3.104442884E9	29.503386004514674
3.1044442985E9	0.0
3.104445712E9	0.0
3.1044471235E9	32.0
3.104448531E9	0.0
3.1044499345E9	58.624180095554294
3.1044513345E9	0.0
3.104452732E9	0.0
3.104454128E9	55.2824
3.1044555215E9	0.0
3.1044569115E9	40.77455228191797
3.1044582985E9	0.0
3.1044596825E9	0.0
3.104461064E9	52.521421285277114
3.104462444E9	0.0
3.1044638215E9	41.92528596501846
3.1044651965E9	22.28197987188188
3.1044665705E9	54.04200155561317
3.104467944E9	0.0
3.104469317E9	52.06137968495383
3.1044706895E9	53.21129583775498
3.1044720605E9	59.1269199676637
3.104473429E9	26.243049702928523
3.104474795E9	57.84346337941546
3.1044761595E9	59.73145780051151
3.104477522E9	56.98510427010923
3.104478883E9	0.0
3.104480241E9	0.0
3.104481596E9	0.0
3.1044829505E9	31.490820073439412
3.104484304E9	46.36664463746224
3.104485655E9	4.8310344827586205
3.104487002E9	57.70614035087719
3.1044883465E9	0.0
3.10448969E9	0.0
3.1044910305E9	3.9464627151051626
3.1044923685E9	57.4862969004894
3.1044937065E9	0.0
3.1044950435E9	0.0
3.104496378E9	22.585577256442853
3.104497711E9	0.0
3.1044990435E9	0.0
3.1045003715E9	38.896267288785204
3.104501695E9	0.0
3.104503018E9	2.945578231292517
3.1045043395E9	0.0
3.1045056595E9	0.0
3.104506978E9	0.0
3.1045082945E9	0.0
3.1045096045E9	47.68101448641078
3.1045109085E9	0.0
3.104512212E9	51.33856655290102
3.1045135145E9	0.0
3.104514816E9	0.0
3.1045161165E9	59.241226683528296
3.1045174155E9	40.343297075034265
3.104518713E9	0.0
3.104520009E9	0.0
3.1045212985E9	0.0
3.104522582E9	30.373042607173286
3.104523865E9	18.380478987799368
3.104525146E9	57.88627789155977
3.1045264245E9	0.0
3.104527699E9	33.457206468884884
3.10452897E9	0.0
3.1045302395E9	0.0
3.1045315055E9	42.032823365785816
3.104532769E9	53.243576567317575
3.1045340315E9	56.38796467447114
3.104535293E9	12.47762289068232
3.1045365535E9	59.19431279620853
3.104537813E9	4.76878612716763
3.104539072E9	0.0
3.1045403305E9	58.09394409937888
3.1045415875E9	0.0
3.104542842E9	48.37477258944815
3.1045440925E9	0.0
3.1045453405E9	0.0
3.1045465875E9	0.0
3.1045478335E9	0.0
3.1045490785E9	0.0
3.1045503195E9	55.611601513240856
3.1045515575E9	58.51428571428571
3.1045527945E9	56.83312456506611
3.1045540295E9	28.0
3.1045552635E9	0.0
3.104556496E9	3.420289855072464
3.104557727E9	0.0
3.1045589575E9	57.81030385023218
3.1045601875E9	0.0
3.1045614165E9	28.31779382797111
3.104562644E9	58.36065573770492
3.1045638685E9	0.0
3.1045650905E9	22.92404268675455
3.104566312E9	29.658335355496238
3.104567533E9	57.86866167913549
3.1045687535E9	40.688510991289924
3.1045699725E9	22.753535353535355
3.1045711905E9	22.696756756756756
3.1045724075E9	59.26078028747433
3.1045736235E9	0.0
3.1045748375E9	59.6484375
3.1045760485E9	42.368556701030926
3.104577258E9	0.0
3.1045784665E9	53.79262002380637
3.1045796745E9	0.0
3.1045808815E9	0.0
3.104582087E9	0.0
3.104583292E9	0.0
3.1045844955E9	27.135537190082644
3.1045856965E9	0.0
3.104586896E9	0.0
3.1045880945E9	56.495456560283685
3.1045892925E9	58.75409836065574
3.1045904905E9	23.389830508474578
3.104591687E9	59.978655282817506
3.1045928815E9	44.37349578820698
3.104594074E9	59.77358490566038
3.104595264E9	5.37860368183397
3.1045964525E9	59.86872493010818
3.1045976365E9	42.21995464852608
3.1045988165E9	49.7094303494495
3.104599996E9	0.0
3.1046011715E9	46.033499131060104
3.1046023415E9	0.0
3.1046035085E9	48.8841732979664
3.10460467E9	0.0
3.1046058265E9	0.0
3.1046069825E9	59.5525633640553
3.104608138E9	59.35151827071539
3.1046092925E9	0.0
3.1046104465E9	59.548460661345494
3.104611598E9	26.9493006993007
3.104612744E9	0.0
3.104613887E9	0.0
3.1046150285E9	49.21804511278196
3.104616167E9	36.845764272559855
3.104617303E9	0.9501557632398754
3.104618438E9	24.117583603020496
3.104619573E9	0.0
3.104620704E9	48.97843265662519
3.104621831E9	57.481916346841864
3.1046229575E9	55.89584939604215
3.104624082E9	35.72267178713482
3.104625205E9	51.434187434187436
3.104626328E9	58.574380165289256
3.1046274505E9	43.14734299516908
3.1046285725E9	0.0
3.104629694E9	54.74601991734977
3.104630815E9	47.0632644453817
3.104631935E9	0.0
3.104633054E9	0.0
3.104634173E9	0.0
3.1046352915E9	36.42604856512141
3.104636408E9	0.0
3.1046375185E9	0.0
3.1046386245E9	0.0
3.1046397295E9	0.0
3.1046408325E9	0.0
3.104641934E9	50.80985756274022
3.1046430335E9	26.923773059519664
3.1046441315E9	0.0
3.1046452285E9	0.0
3.1046463245E9	0.0
3.10464742E9	0.0
3.104648514E9	59.93485342019544
3.1046496055E9	39.90384615384615
3.104650695E9	0.0
3.104651783E9	0.0
3.10465287E9	0.0
3.104653956E9	48.014595808383234
3.104655041E9	48.31853750674582
3.104656126E9	3.7254237288135594
3.10465721E9	0.0
3.1046582915E9	56.056343577620176
3.1046593715E9	0.0
3.104660451E9	3.7823129251700682
3.10466153E9	0.0
3.104662609E9	0.8890814558058926
3.104663686E9	15.162492495068188
3.1046647605E9	48.57509079256569
3.104665834E9	0.0
3.1046669055E9	7.053024645257655
3.1046679745E9	12.89810924369748
3.104669042E9	0.0
3.1046701085E9	0.0
3.1046711745E9	22.68918918918919
3.1046722405E9	39.82075247686891
3.104673305E9	0.0
3.104674368E9	24.537682333873583
3.104675431E9	23.724085122770912
3.1046764935E9	11.412221144519883
3.1046775535E9	0.0
3.1046786105E9	51.70362473347548
3.1046796645E9	60.0
3.104680716E9	0.0
3.104681767E9	0.0
3.1046828175E9	0.0
3.1046838665E9	35.76075058639562
3.1046849135E9	0.0
3.1046859595E9	1.260986454348051
3.104687005E9	51.54002869440459
3.104688049E9	0.0
3.1046890895E9	20.89677419354839
3.1046901265E9	51.494680851063826
3.104691162E9	44.53745215965008
3.104692197E9	58.91235632183908
3.104693232E9	60.0
3.104694266E9	58.56824124106676
3.1046952985E9	0.0
3.10469633E9	49.07949790794979
3.1046973585E9	45.68214872155759
3.1046983845E9	59.341489744512415
3.1046994105E9	0.0
3.104700435E9	42.7003599280144
3.1047014575E9	46.3031914893617
3.1047024785E9	0.0
3.1047034985E9	0.0
3.1047045185E9	59.25501432664756
3.104705538E9	59.55323901712584
3.1047065565E9	52.01795332136445
3.1047075745E9	0.0
3.104708592E9	21.756944444444443
3.104709608E9	58.257321171387424
3.104710623E9	6.0
3.104711638E9	28.311414392059554
3.1047126525E9	60.0
3.1047136665E9	0.0
3.10471468E9	1.234704112337011
3.104715693E9	26.978128179043743
3.104716706E9	59.402152251893185
3.1047177185E9	55.2638700947226
3.10471873E9	0.0
3.104719741E9	0.9881188118811881
3.104720751E9	20.786295265378545
3.1047217595E9	5.97877358490566
3.1047227675E9	26.758928571428573
3.104723775E9	0.0
3.104724782E9	58.23235130628127
3.104725789E9	55.303030303030305
3.1047267955E9	0.0
3.104727801E9	0.0
3.104728805E9	6.490066225165563
3.104729807E9	59.63500622148486
3.1047308075E9	0.0
3.104740963E9	0.0
3.104756475E9	52.276474992726975
3.104767963E9	56.45147167500375
3.104778484E9	0.0
3.1047881575E9	48.7778360885157
3.1047976135E9	54.710681949608755
3.1048068795E9	48.7196966952826
3.1048160235E9	58.567815838835386
3.104824959E9	52.25020548189973
3.1048336895E9	48.76976241536416
3.1048423175E9	2.8715182208521415
3.1048506295E9	57.74305445423221
3.104858538E9	57.08589344075397
3.10486621E9	25.14355445262935
3.104873738E9	0.0
3.104881204E9	46.865339205462185
3.1048886055E9	57.72389353431883
3.104895888E9	57.69420853126049
3.1049030315E9	53.4558520198304
3.1049100215E9	39.69665053521408
3.104916928E9	37.62007087385961
3.1049238165E9	54.87350712542826
3.104930685E9	48.98828176198658
3.1049375335E9	57.50497008995391
3.1049443175E9	0.0
3.1049510255E9	55.01748813865036
3.104957646E9	57.72387248168498
3.1049641205E9	0.9910195456946645
3.104970491E9	14.454778375608507
3.104976811E9	58.26006848725017
3.1049830915E9	45.812707764964806
3.104989311E9	50.509540008874424
3.104995483E9	54.70292747332797
3.1050016285E9	53.08575559539645
3.105007741E9	58.8033935204035
3.105013843E9	57.431833324599296
3.105019839E9	57.32434535028271
3.1050257E9	39.0402009589556
3.105031511E9	47.02764378478664
3.1050372955E9	1.7450845815333684
3.105043063E9	0.0
3.1050488005E9	59.35416179413217
3.1050545125E9	56.959798021313446
3.1050601615E9	48.564346148137155
3.1050657395E9	57.92787734584068
3.1050713015E9	46.74672500415213
3.1050767895E9	18.113481487612425
3.105082186E9	39.27617707646117
3.1050875235E9	58.89500215872682
3.105092801E9	49.047553401439515
3.105098007E9	57.285333364316045
3.1051031505E9	56.05754431730598
3.1051082045E9	55.65457190976479
3.105113172E9	46.9774637548174
3.105118124E9	46.88649952795552
3.105123046E9	55.54224946895754
3.105127928E9	9.881377108350108
3.105132784E9	57.954684229471916
3.1051375455E9	54.7028097815645
3.105142205E9	58.450197024830786
3.1051468215E9	50.65898346663941
3.105151389E9	51.14613952891342
3.1051559265E9	54.45118666117239
3.105160444E9	58.498813243399084
3.105164943E9	56.91817826426896
3.1051694125E9	0.9960971379011275
3.1051738415E9	44.5071293454208
3.105178253E9	13.268125973351792
3.1051826085E9	49.93170731707317
3.1051869095E9	54.280825583729175
3.105191198E9	58.19656895310857
3.105195423E9	11.22107969151671
3.105199594E9	51.53952603788694
3.1052037465E9	2.396593001841621
3.105207865E9	50.334031674171825
3.10521196E9	9.312796208530806
3.105216012E9	55.142197840473706
3.1052200195E9	1.615178445478911
3.105224006E9	50.6626617302583
3.1052278585E9	54.230953383142165
3.105231579E9	54.378031144281174
3.1052352765E9	56.950706902481855
3.1052389575E9	54.65187059184299
3.105242632E9	51.65419137022398
3.1052463045E9	47.59331566548881
3.105249957E9	50.79662713458097
3.10525359E9	58.57902017418634
3.105257213E9	17.839473508716356
3.105260822E9	11.544510721179764
3.1052644205E9	51.787328176577816
3.1052680095E9	46.563667092625415
3.1052715945E9	0.9912280701754386
3.105275175E9	57.07226613334064
3.105278732E9	27.996565540927303
3.1052822555E9	42.61598341876152
3.105285765E9	52.9698224380922
3.1052892635E9	56.96084056246281
3.105292744E9	0.9936836060867069
3.105296203E9	0.0
3.105299639E9	56.951209266038525
3.10530305E9	51.26940857643871
3.105306431E9	57.30969251336899
3.105309783E9	49.73735529562827
3.1053131135E9	57.76429070737592
3.105316433E9	48.53210639156
3.105319747E9	44.00254481705593
3.105323045E9	0.0
3.1053263115E9	0.9016129032258065
3.10532956E9	1.9871897518014412
3.105332802E9	58.236187173771455
3.105336038E9	0.9574283231972198
3.1053392555E9	54.877276390008056
3.105342453E9	59.27499440912431
3.105345638E9	24.586380097804025
3.1053488045E9	59.412931551011965
3.105351955E9	43.530928684758194
3.105355096E9	53.822642187905785
3.1053582345E9	55.26580908267042
3.1053613715E9	0.0
3.1053645055E9	0.0
3.1053676375E9	59.330730619074174
3.105370751E9	31.877776512131224
3.1053738455E9	54.05015628141622
3.105376939E9	53.81188135507479
3.105380015E9	0.0
3.105383037E9	55.683987149636
3.105386017E9	0.0
3.105388988E9	32.49724353226396
3.105391952E9	1.377910447761194
3.10539491E9	57.89308697894477
3.105397855E9	54.22904447420681
3.105400789E9	29.885932274809708
3.10540371E9	6.974452554744525
3.1054066165E9	46.36198181666528
3.1054095145E9	56.937344292315224
3.1054124035E9	30.686560743476978
3.105415289E9	14.97324474771054
3.1054181705E9	20.439975247524753
3.105421047E9	55.6081243972999
3.105423915E9	55.955065554231226
3.1054267735E9	46.00238570143533
3.1054296205E9	34.60007686281466
3.10543244E9	50.53590042688375
3.105435239E9	53.329937514697484
3.1054380315E9	54.21715328467153
3.105440812E9	52.717669418205546
3.105443576E9	57.820178475267326
3.1054463305E9	0.9661280298321939
3.105449079E9	56.63592674788051
3.105451813E9	26.691139644505547
3.1054545365E9	58.43990232564981
3.1054572385E9	56.047084891289295
3.105459914E9	12.236722306525039
3.10546258E9	30.239095380527164
3.1054652375E9	35.53961821749879
3.105467887E9	57.10056424443288
3.105470528E9	51.35952751579526
3.105473162E9	0.0
3.105475793E9	40.67655480400743
3.1054784135E9	36.93043392001814
3.105481019E9	53.87518854810565
3.1054836015E9	54.31323187469046
3.1054861625E9	27.875473899095947
3.105488716E9	56.507277771443775
3.105491267E9	27.499187274731362
3.1054938115E9	55.15987599645704
3.1054963495E9	54.85163776493256
3.105498881E9	24.683602771362587
3.1055013925E9	16.429556650246305
3.1055038895E9	0.0
3.105506379E9	56.38239589103178
3.105508858E9	49.922572922572925
3.10551133E9	58.95460594410765
3.105513792E9	54.281014790252115
3.1055162415E9	36.63302325581395
3.105518682E9	55.31076955918454
3.105521118E9	53.941239568750795
3.105523549E9	51.7306425846836
3.105525972E9	57.52923926168708
3.105528388E9	36.031525423728816
3.1055308005E9	47.90982669449233
3.1055332065E9	49.41383300122131
3.105535606E9	47.462068260083875
3.1055380035E9	34.38166328733076
3.105540398E9	8.590117593848937
3.1055427875E9	56.43738338835011
3.1055451725E9	11.566558686153382
3.1055475555E9	53.752773025771205
3.1055499375E9	34.17027417027417
3.105552312E9	1.954459203036053
3.1055546785E9	0.0
3.1055570425E9	53.67917245638413
3.105559404E9	51.232803433268856
3.105561761E9	47.783155205450285
3.105564112E9	23.678871017560514
3.1055664605E9	57.20570296616796
3.1055688045E9	46.717237156851574
3.105571144E9	28.45245245245245
3.1055734815E9	55.173754334732614
3.105575816E9	26.96105804555474
3.1055781475E9	0.972972972972973
3.105580476E9	39.69785146606782
3.1055827985E9	54.61149649259548
3.105585104E9	54.27670248064465
3.1055873965E9	59.19721871049305
3.105589686E9	46.70765594665316
3.1055919665E9	34.82333674513818
3.1055942405E9	24.931318681318682
3.105596511E9	57.68598329134067
3.1055987745E9	13.524263904034896
3.105601033E9	59.27953085730243
3.1056032815E9	56.55430831944417
3.105605521E9	51.520557519940795
3.1056077565E9	4.7294133659997275
3.1056099875E9	34.432847158918264
3.1056122175E9	16.81828978622328
3.1056144435E9	4.767025089605735
3.1056166625E9	0.0
3.1056188775E9	17.029995660663918
3.1056210895E9	12.326378707567384
3.105623296E9	6.618995971490548
3.105625496E9	35.693194318236166
3.1056276925E9	52.127695342653745
3.1056298885E9	58.620042355358954
3.105632076E9	30.534748555835137
3.1056342545E9	47.00345218284177
3.1056364325E9	23.86331834780693
3.1056386075E9	0.9757575757575757
3.1056407785E9	54.14508200351338
3.105642947E9	27.208490566037735
3.105645114E9	0.0
3.105647276E9	48.368245313074375
3.105649431E9	24.50467289719626
3.105651583E9	0.0
3.105653732E9	54.34575023350365
3.105655878E9	42.361920949527544
3.1056580215E9	49.782283884738526
3.1056601635E9	47.41726952581147
3.1056623025E9	19.10037644781359
3.1056644355E9	33.40284879034684
3.1056665645E9	54.27984684109764
3.1056686915E9	58.203067765567766
3.1056708175E9	0.0
3.10567294E9	57.4045074847093
3.105675053E9	32.73642075395217
3.105677152E9	55.475328831266616
3.105679241E9	34.55463142575205
3.1056813275E9	23.502572363976512
3.105683412E9	53.94722153530929
3.105685491E9	19.60740458741791
3.105687566E9	40.94704430002554
3.1056896395E9	42.79869748669969
3.1056917095E9	28.780332419422873
3.105693777E9	0.9506578947368421
3.105695838E9	0.0
3.105697891E9	56.79915951672211
3.1056999415E9	50.21897355002017
3.105701983E9	45.844404238821404
3.1057040115E9	53.21638746636577
3.1057060315E9	25.16933581626319
3.105708045E9	46.569891391794044
3.105710055E9	35.092005874947546
3.105712061E9	48.95506192841459
3.105714063E9	23.61623555128672
