#Position (bp)	mapping quality
3882144.5	54.09282654410852
1.16464325E7	56.45380320929212
1.94107205E7	56.88407828023986
2.71750085E7	57.829290155127
3.49392965E7	57.94184716117033
4.27035845E7	57.928508452015244
5.04678725E7	57.96495177301862
5.82321605E7	57.902665514677906
6.59964485E7	57.91451835972428
7.37607365E7	57.93184475577621
8.15250245E7	57.856769247827174
8.92893125E7	57.948027971255215
9.70536005E7	57.934430307314074
1.048178885E8	56.46889668290303
1.125821765E8	57.89547166902074
1.203464645E8	16.923027363352368
1.281107525E8	9.602390573816194
1.358750405E8	0.0
1.436393285E8	28.977051913597084
1.514036165E8	51.50911561119023
1.591679045E8	56.93992789399858
1.669321925E8	57.91197326288833
1.746964805E8	57.94000767638458
1.824607685E8	57.869110392146276
1.902250565E8	57.99509278916286
1.979893445E8	57.914196293902364
2.057536325E8	57.17165023555727
2.135179205E8	57.95524411943141
2.212822085E8	57.80946014058296
2.290464965E8	56.407687072950665
2.368107845E8	57.894119595470734
2.445750725E8	57.74978749412134
2.487068195E8	52.72738228975024
2.525889635E8	57.724719174899214
2.601036485E8	57.93035295184608
2.678679365E8	57.88675602961699
2.756322245E8	57.899387445633785
2.833965125E8	57.62138841903102
2.911608005E8	57.90474016934109
2.989250885E8	57.985150529556904
3.066893765E8	57.98746807487658
3.144536645E8	57.88593572611568
3.222179525E8	57.73319296677132
3.299822405E8	57.89356936997782
3.377465285E8	37.682142652036134
3.455108165E8	52.10437997701678
3.532751045E8	57.509932958282256
3.610393925E8	51.68755043914166
3.688036805E8	57.91692641038889
3.765679685E8	56.251368252419894
3.843322565E8	57.751626840833
3.920965445E8	58.02449672495354
3.998608325E8	57.79525908188332
4.076251205E8	57.90473731569402
4.153894085E8	57.81607361818303
4.231536965E8	57.951097722677744
4.309179845E8	58.01750170898724
4.386822725E8	57.975225966887216
4.464465605E8	57.983397657536194
4.542108485E8	57.98216129614636
4.619751365E8	57.961994331240604
4.697394245E8	57.87073015225438
4.775037125E8	57.86353409790391
4.852680005E8	57.749439777960404
4.90150048E8	56.89530354145566
4.94032192E8	57.8809944308677
5.007965765E8	57.88503665061083
5.085608645E8	57.904178807178724
5.163251525E8	57.89441795890729
5.240894405E8	58.00037173574284
5.318537285E8	57.884505275554424
5.396180165E8	57.905945225242526
5.473823045E8	57.91278256782397
5.551465925E8	57.93226320765302
5.629108805E8	57.86313921235142
5.706751685E8	57.840663743748436
5.784394565E8	53.21918393200818
5.862037445E8	40.995094492738076
5.939680325E8	57.9514246209537
6.017323205E8	57.91153171808671
6.094966085E8	57.90267645242656
6.172608965E8	57.74132670892446
6.250251845E8	57.83261040248575
6.327894725E8	57.91724878358465
6.405537605E8	57.93786261620755
6.483180485E8	57.947089314843566
6.560823365E8	57.97877380847671
6.638466245E8	57.953029010201654
6.716109125E8	57.96987319045221
6.793752005E8	57.796264334226265
6.863514275E8	56.79218473654407
6.902335715E8	55.67406855842872
6.949037765E8	55.931624244373864
7.026680645E8	57.546097202404134
7.104323525E8	57.82838430933354
7.181966405E8	57.992696836060375
7.259609285E8	58.01035501651317
7.337252165E8	57.96953367607172
7.414895045E8	29.787777133313224
7.492537925E8	57.94150514261242
7.570180805E8	57.95857028935556
7.647823685E8	57.90529145212152
7.725466565E8	57.90226447298713
7.803109445E8	57.95478460958977
7.880752325E8	57.998236666047546
7.958395205E8	57.96822794935772
8.036038085E8	58.01023483818191
8.113680965E8	57.84562812571347
8.191323845E8	57.68080282942285
8.268966725E8	57.846913885421486
8.346609605E8	57.91554767396101
8.424252485E8	57.94002722558575
8.501895365E8	57.96687090708035
8.579538245E8	57.894737692497955
8.657181125E8	58.07421908292988
8.734824005E8	57.828955519581044
8.78512305E8	52.56936389490917
8.82394449E8	57.58367373740296
8.890109765E8	57.830684355885786
8.967752645E8	57.279685765883485
9.045395525E8	57.86656938845076
9.123038405E8	57.81165727960541
9.200681285E8	57.93341414602699
9.278324165E8	41.41958197384766
9.355967045E8	57.90606766373792
9.433609925E8	57.92331936183981
9.511252805E8	47.8888985256208
9.588895685E8	57.955110092340824
9.666538565E8	57.95349209055567
9.744181445E8	57.9601376146356
9.821824325E8	57.784768750872004
9.899467205E8	57.87255541689035
9.977110085E8	57.9649781269127
1.0054752965E9	57.927586846843525
1.0132395845E9	57.977452518409244
1.0210038725E9	57.94185136364069
1.0287681605E9	57.84321891743929
1.0365324485E9	57.87233604603272
1.0442967365E9	57.93139778579788
1.0520610245E9	57.140714465906775
1.0585707465E9	55.718347522468676
1.0624528905E9	57.268386139578794
1.0675896005E9	57.851666629185104
1.0753538885E9	57.87304795410769
1.0831181765E9	57.92401356217741
1.0908824645E9	56.40710783138603
1.0986467525E9	57.82731127547751
1.1064110405E9	57.9103865510016
1.1141753285E9	58.05203910929165
1.1219396165E9	39.59242560223002
1.1297039045E9	57.968564465460986
1.1374681925E9	57.9380602249144
1.1452324805E9	57.93305790031411
1.1529967685E9	58.01204826788409
1.1607610565E9	57.947179331591784
1.1685253445E9	57.9201818416834
1.1762896325E9	57.98742425578332
1.1840539205E9	57.98040729056001
1.1918182085E9	57.89111040867748
1.1995824965E9	58.007864045783926
1.2073467845E9	57.99016038260362
1.2151110725E9	57.88006006721183
1.2228753605E9	57.18411998003713
1.229380904E9	56.8848326501767
1.233263048E9	57.22648745885868
1.2384039365E9	57.14926166217099
1.2461682245E9	57.998560328644444
1.2539325125E9	57.95585452330981
1.2616968005E9	57.79768107336824
1.2694610885E9	57.855409388459286
1.2772253765E9	57.85028897634358
1.2849896645E9	57.35835001744149
1.2927539525E9	24.880377493864174
1.3005182405E9	56.803573502253855
1.3082825285E9	52.99846098170015
1.3160468165E9	58.00484682417159
1.3238111045E9	57.963163832580875
1.3315753925E9	55.54124993572667
1.3393396805E9	57.95805156901313
1.3471039685E9	57.94175394749671
1.3548682565E9	57.95454431010514
1.3626325445E9	57.86200039426142
1.3703968325E9	57.91022912682719
1.3781611205E9	54.997057744495955
1.3859254085E9	57.44991906044173
1.3905789145E9	57.39125078557485
1.3944610585E9	55.81173879031551
1.4014539845E9	51.16600214380045
1.4092182725E9	57.9406221993898
1.4169825605E9	57.87941165756735
1.4247468485E9	57.936916322497474
1.4325111365E9	44.79125471481355
1.4402754245E9	54.33415623172747
1.4480397125E9	57.90823751627164
1.4558040005E9	57.928741657438415
1.4635682885E9	57.819438171866224
1.4713325765E9	58.03599216186907
1.4790968645E9	51.67244255898966
1.4868611525E9	57.94450016304007
1.4946254405E9	57.97279126715472
1.5023897285E9	57.99862495655811
1.5101540165E9	57.99096761905891
1.5179183045E9	57.85266686832814
1.5256825925E9	57.838269752802795
1.5330268245E9	57.70330384611144
1.5369089685E9	55.36105550115249
1.5412111685E9	57.924029899266486
1.5489754565E9	57.9497475337271
1.5567397445E9	57.955669333712294
1.5645040325E9	58.017051340808564
1.5722683205E9	55.21559427346786
1.5800326085E9	25.324723340361935
1.5877968965E9	0.0
1.5955611845E9	15.568074845940115
1.6033254725E9	36.71850521429488
1.6110897605E9	57.953996663656625
1.6188540485E9	57.831379398798134
1.6266183365E9	57.76251934510689
1.6343826245E9	57.64651559674461
1.6421469125E9	57.948002440867754
1.6499112005E9	57.64940593620297
1.6576754885E9	57.89989559234366
1.6654397765E9	57.84391060885741
1.672102775E9	56.93106941669892
1.675984919E9	56.6074289676227
1.6809683525E9	57.820392571897195
1.6887326405E9	57.92912695123128
1.6964969285E9	57.72929660268679
1.7042612165E9	57.88143602473766
1.7120255045E9	40.747779845828724
1.7197897925E9	42.128157183181095
1.7275540805E9	57.61211288811226
1.7353183685E9	57.97076170508597
1.7430826565E9	57.939353892812036
1.7508469445E9	57.792477873233885
1.7586112325E9	57.33725218008733
1.7663755205E9	57.97452569940367
1.7741398085E9	57.90815155118789
1.7819040965E9	57.883824586803634
1.7896683845E9	57.9150084612396
1.7974326725E9	57.85694780183889
1.804997934E9	55.48812580629878
1.808880078E9	46.96933511776418
1.8129612485E9	57.11344930842737
1.8207255365E9	57.902084661822904
1.8284898245E9	57.93905723642307
1.8362541125E9	57.90868861855752
1.8440184005E9	57.96724169633912
1.8517826885E9	57.90102684200748
1.8595469765E9	32.81000119889881
1.8673112645E9	57.83277531788087
1.8750755525E9	57.74565522743102
1.8828398405E9	57.87554754021789
1.8906041285E9	57.983306847665055
1.8983684165E9	56.46514438632471
1.9061327045E9	57.896255743091324
1.9138969925E9	57.982072740166686
1.9216612805E9	57.87508325009706
1.9294255685E9	57.85902775362547
1.9371898565E9	57.87768266156399
1.942419837E9	57.798791187889464
1.946301981E9	57.71902017631789
1.9527184325E9	57.67763793547731
1.9604827205E9	58.006289925579246
1.9682470085E9	57.9735716700891
1.9760112965E9	41.12843485473128
1.9837755845E9	52.769784673292904
1.9915398725E9	57.961613402422564
1.9993041605E9	57.90571861122765
2.0070684485E9	57.93670060500269
2.0148327365E9	57.92671565151993
2.0225970245E9	58.01157368023335
2.0303613125E9	58.00848397515578
2.0381256005E9	57.965031638612516
2.0458898885E9	57.91012038870678
2.0536541765E9	57.91805628069901
2.0614184645E9	57.931205319861675
2.0691827525E9	57.87009824152649
2.0750539395E9	57.63683131875499
2.0789360835E9	0.0
2.0847113285E9	0.0
2.0924756165E9	10.483279205404259
2.1002399045E9	57.85825095304371
2.1080041925E9	57.88666462899051
2.1157684805E9	57.91643429387744
2.1235327685E9	57.9510043822148
2.1312970565E9	57.215961556654904
2.1390613445E9	57.88768210058213
2.1468256325E9	58.00093863838215
2.1545899205E9	57.95683488047206
2.1623542085E9	58.061487907089365
2.1701184965E9	58.01173410673375
2.1778827845E9	57.88180666112981
2.1856470725E9	57.650150198080816
2.1904682635E9	57.58122177081539
2.1943504075E9	0.0
2.2011756485E9	0.0
2.2089399365E9	38.62476807555699
2.2167042245E9	57.87214765234443
2.2244685125E9	57.98453358812403
2.2322328005E9	58.01368375984471
2.2399970885E9	57.99448153493949
2.2477613765E9	57.93352193756436
2.2555256645E9	57.97639665500795
2.2632899525E9	57.93605921230688
2.2710542405E9	57.87919240472854
2.2788185285E9	57.92189580583599
2.2865828165E9	57.84957053753824
2.2943471045E9	57.5953646329866
2.2983401385E9	58.33702948477633
2.3022222825E9	0.0
2.3098756805E9	0.0
2.3176399685E9	19.391674526235583
2.3254042565E9	53.12744558093403
2.3331685445E9	55.73590330654846
2.3409328325E9	57.51066823159522
2.3486971205E9	57.932060615436534
2.3564614085E9	57.953989894028425
2.3642256965E9	57.90693203010314
2.3719899845E9	57.223190480373646
2.3797542725E9	55.94567238573496
2.3875185605E9	57.6347084592531
2.3952828485E9	57.86252539904235
2.399803605E9	54.88166670634231
2.403685749E9	57.39019739505911
2.4108114245E9	57.88404251601926
2.4185757125E9	50.07535105980376
2.4263400005E9	53.87989476489349
2.4341042885E9	37.496075168103204
2.4418685765E9	1.568941147968714
2.4496328645E9	48.537883847122714
2.4573971525E9	57.859067337930924
2.4651614405E9	57.97457841844199
2.4729257285E9	56.90395644504632
2.4806900165E9	57.8578963572719
2.4876763615E9	56.551117005337666
2.4915585055E9	56.87736305088692
2.4962185925E9	57.799890662597896
2.5039828805E9	57.687600522550724
2.5117471685E9	40.69853750272787
2.5195114565E9	47.40736333027344
2.5272757445E9	53.66621807918969
2.5350400325E9	54.851709968053335
2.5428043205E9	57.902864716907125
2.5505686085E9	57.8084363115507
2.5583328965E9	57.79709564516346
2.5660971845E9	57.818914928004524
2.572008666E9	57.449967490182985
2.57589081E9	55.0895084473435
2.5816257605E9	57.84824868567071
2.5893900485E9	25.637573749619097
2.5971543365E9	52.997908719124766
2.6049186245E9	58.014401910690665
2.6126829125E9	57.90836557617932
2.6204472005E9	57.66458338284183
2.6282114885E9	57.91816969483221
2.6359757765E9	57.988900056316616
2.6437400645E9	58.02503511741803
2.6510167485E9	57.67131885698414
2.6548988925E9	46.63835729350442
2.6592686405E9	57.66362596546568
2.6670329285E9	56.86183401555593
2.6747972165E9	57.91886843024832
2.6825615045E9	56.69010672718792
2.6903257925E9	54.62884906810877
2.6980900805E9	57.87566371441035
2.7058543685E9	56.90197263184292
2.7113827085E9	57.80328552048574
2.7152648525E9	57.68929564885464
2.7213829445E9	57.97199622463444
2.7291472325E9	57.9222445972523
2.7369115205E9	39.77575219014141
2.7446758085E9	44.82286868830769
2.7524400965E9	57.889668923548314
2.7602043845E9	57.87831585697765
2.7679686725E9	57.90248132749833
2.774661944E9	57.56413109957801
2.778544088E9	0.0
2.7834972485E9	17.99537515872587
2.7912615365E9	52.73405948148841
2.7990258245E9	58.06494970530201
2.8067901125E9	57.90767810552939
2.8145544005E9	57.64558961158963
2.8213097995E9	55.59710504137674
2.8251919435E9	0.0
2.8300829765E9	0.0
2.8378472645E9	36.44172518131711
2.8456115525E9	51.39003071132229
2.8533758405E9	57.87478665738998
2.8611401285E9	57.8732900065069
2.8689044165E9	57.81290618343244
2.8738940415E9	57.24203525569335
2.8777761855E9	56.21872344409969
2.8844329925E9	57.72087987959999
2.8921972805E9	57.93608950439488
2.8999615685E9	58.00752932799266
2.9077258565E9	58.026487697904784
2.9154901445E9	57.91106585852119
2.9232544325E9	55.86505322768707
2.9310187205E9	42.931761627631616
2.9387830085E9	46.38434773767151
2.9465472965E9	55.39423796540247
2.9543115845E9	57.95827930838098
2.9620758725E9	57.681984279199234
2.9698401605E9	57.735208091751375
2.9776044485E9	55.78481312035981
2.9853687365E9	57.94143644694811
2.9931330245E9	56.14683605508326
3.0008973125E9	57.955443190215505
3.0086616005E9	56.61314995634401
3.0164258885E9	56.18061279302718
3.0241901765E9	56.88963404966968
3.029557369E9	53.06738041749791
3.033439513E9	37.4702245385572
3.0397187525E9	20.190677600279905
3.0474830405E9	12.929487323185905
3.0552473285E9	13.036753658029172
3.0630116165E9	0.0
3.0707759045E9	0.0
3.0785401925E9	0.0
3.0853460845E9	44.54947768672751
3.088278117E9	57.960495050414266
3.088373929E9	45.002700764327244
3.0884774725E9	49.00492376303261
3.0885573295E9	53.957313814178285
3.0886546005E9	27.252405116838197
3.0887081185E9	28.225541903326764
3.0887493115E9	39.611391101275764
3.088858438E9	24.884638991991753
3.088966832E9	50.54246241454124
3.089008063E9	43.3129400711215
3.089109657E9	11.72291496345143
3.089267292E9	9.778402310606268
3.08942189E9	7.7990131145347705
3.089604443E9	36.10532726900363
3.089755642E9	44.631531676533214
3.0898220175E9	20.656580594762918
3.0898610755E9	23.71999696747618
3.089968525E9	33.58947451301326
3.0900764725E9	41.00176562547896
3.090141311E9	3.814099291849243
3.090191469E9	0.0
3.090297168E9	34.664567328993805
3.090503609E9	27.22569371194635
3.0907062205E9	52.91582093332489
3.09089898E9	36.383382706052714
3.091013772E9	43.763307235642976
3.091052607E9	50.09250003031936
3.0911587895E9	44.56900506508572
3.091267064E9	53.48917188759025
3.0915130575E9	8.566220081338916
3.092673561E9	13.353126865996765
3.093702736E9	46.74509211823121
3.093935951E9	32.13862728045715
3.094132646E9	30.232450441132844
3.0942642985E9	15.692336805276506
3.094360447E9	48.55217609828993
3.0944711045E9	9.649034156423136
3.0946435155E9	11.992346210772743
3.094747446E9	38.949020148217706
3.0948598115E9	9.651622459083585
3.0950026905E9	36.11924269185164
3.095104297E9	39.849462710751105
3.095190977E9	9.14809835293265
3.0952465895E9	0.0
3.0952663465E9	26.006327900287634
3.095268566E9	25.618789965568126
3.0952706195E9	30.421205218471734
3.0952723265E9	10.305239179954443
3.0952838005E9	5.969500924214418
3.0952967465E9	16.186154604568184
3.095299555E9	17.846656158522855
3.0953008775E9	9.285521278991219
3.0953027375E9	33.104695919938415
3.0953043745E9	0.907439446366782
3.095311073E9	16.977289377289377
3.0953361175E9	11.12374269005848
3.095355552E9	0.8822222222222222
3.0953574645E9	27.204052098408106
3.095360032E9	0.0
3.095361791E9	3.235644637053088
3.095363378E9	15.53656148806386
3.095365611E9	31.917919422730005
3.0953678415E9	0.0
3.095369933E9	50.81740921967551
3.095371677E9	8.140683730087703
3.09537289E9	4.361038961038961
3.0953743225E9	6.847470817120622
3.095375945E9	52.22295805739515
3.095572656E9	43.8166875758796
3.095769303E9	47.30478835656957
3.0957708065E9	30.195019080136575
3.0957736535E9	50.252365165812385
3.095822105E9	42.96622907297416
3.095924849E9	25.90676054234381
3.095983129E9	50.573285633323884
3.095986364E9	24.11264104569322
3.0959887305E9	33.14218854468464
3.0959909825E9	28.736819446284276
3.095993051E9	44.54942515779982
3.0959946765E9	45.90488136301871
3.096006671E9	38.3027566944285
3.0960870785E9	40.614684896628546
3.0961589785E9	52.8359155711318
3.096165879E9	57.641882744975526
3.096173123E9	49.656310497720604
3.09617898E9	50.053887553272865
3.096183283E9	50.61427516093855
3.096185859E9	36.130018565792525
3.0961883E9	7.580525502318393
3.0961908755E9	44.91357234314981
3.096192456E9	0.0
3.096238607E9	46.92076779370016
3.0962848625E9	0.9144295302013423
3.096286263E9	25.82608695652174
3.0962877625E9	0.0
3.096289947E9	42.42442638131495
3.096292208E9	33.59207094418362
3.0962965075E9	0.961241639512948
3.096315547E9	18.818097383994186
3.0963533005E9	26.323583773299355
3.09637788E9	49.42158257474595
3.096382479E9	49.24374064115156
3.0963879875E9	21.43275472763195
3.0963943185E9	24.542257927962748
3.096398918E9	36.41346153846154
3.0964033365E9	30.866218899801414
3.0964070605E9	25.214894971355825
3.0964084065E9	1.2597938144329897
3.0964096105E9	0.0
3.096411644E9	24.085186241470257
3.0964135175E9	0.0
3.0964147555E9	0.0
3.0964161835E9	0.5567010309278351
3.0964174105E9	15.97998717713867
3.096418484E9	19.214008053167625
3.096419946E9	0.0
3.096422275E9	2.3809183916250296
3.0964254675E9	26.857142857142858
3.0964313925E9	2.4777867800958746
3.0964360765E9	0.0
3.096437123E9	0.0
3.0964382945E9	0.0
3.096440137E9	0.0
3.096442099E9	0.0
3.096443439E9	21.900601277715143
3.0964449505E9	0.0
3.0964464985E9	0.0
3.0964475915E9	0.0
3.0964489705E9	0.0
3.0964506065E9	0.0
3.0964522235E9	0.0
3.0964537525E9	0.0
3.0964552355E9	0.0
3.09645655E9	0.0
3.0964580005E9	0.0
3.0964594605E9	0.8865979381443299
3.096462063E9	41.613780157129945
3.0964647385E9	0.0
3.0964666345E9	0.0
3.0964687875E9	0.0
3.096470338E9	0.0
3.0964722525E9	2.793656093489149
3.096474844E9	0.0
3.0964802425E9	56.36028080594954
3.0964880595E9	56.26229248422367
3.0965833285E9	30.72781489983055
3.0967643755E9	54.0154382961322
3.0969348755E9	10.183493797500903
3.097105623E9	36.84841072459956
3.0972741855E9	9.623831302730762
3.0973604055E9	3.6113294413827757
3.097450029E9	18.98801936096304
3.0976374775E9	35.454231392441784
3.0978270425E9	32.91787322603116
3.0979310955E9	40.699237069819674
3.097952041E9	30.572523961661343
3.0979864125E9	52.22443952118271
3.098119023E9	19.300350525474684
3.098265051E9	15.944218876180335
3.098391091E9	50.90405764572909
3.0985448955E9	37.84891707048291
3.0986946915E9	34.88256047554222
3.098783935E9	0.0
3.0988292795E9	18.094370419835442
3.098880847E9	18.145114527012442
3.098919304E9	43.954766687926984
3.0989774605E9	29.543173020986853
3.099052881E9	40.93566655945008
3.0991573655E9	28.956685455338985
3.099319594E9	28.499669974477793
3.0995012675E9	20.016903604618406
3.099670145E9	39.588684077559286
3.09983663E9	0.0
3.0999236415E9	0.0
3.099926258E9	53.745235554200335
3.0999293305E9	56.11694698534474
3.0999317075E9	53.941589811155026
3.099933225E9	49.07446808510638
3.099934473E9	46.15509601181684
3.099935544E9	0.0
3.099936873E9	55.63586321934946
3.0999392435E9	53.991901108269396
3.0999417715E9	56.514839491217444
3.099944294E9	59.4323163057159
3.099947122E9	0.0
3.099949542E9	41.18144598492603
3.099951465E9	0.0
3.0999532635E9	0.0
3.0999548975E9	0.0
3.099956276E9	0.0
3.0999589355E9	57.65474674059644
3.099961492E9	0.0
3.0999627755E9	0.0
3.099966206E9	51.058211757908424
3.099971928E9	0.0
3.0999763185E9	58.455040207944116
3.0999787225E9	0.0
3.099980804E9	0.0
3.099982934E9	59.17372881355932
3.0999846185E9	51.20357142857143
3.0999859675E9	26.0
3.099987108E9	0.0
3.0999883185E9	15.275307980717729
3.099989888E9	52.617492096944154
3.0999934275E9	53.44579432805418
3.099997199E9	55.225593848688725
3.0999989405E9	0.0
3.100000503E9	44.88657171922686
3.100002242E9	47.173611111111114
3.100004537E9	58.11296660117878
3.100007437E9	35.23605870020965
3.1000093805E9	0.0
3.1000104305E9	47.6061776061776
3.100011833E9	53.62247337535318
3.1000136915E9	58.166326530612245
3.1000154645E9	41.54803996925442
3.100017134E9	50.995892018779344
3.1000187915E9	52.05221445221445
3.100020568E9	52.764811197916664
3.1000221625E9	0.0
3.1000236955E9	39.30775018811136
3.1000264625E9	42.527493311977096
3.100029677E9	57.84448698627347
3.100031578E9	34.935960591133004
3.1000326205E9	0.0
3.100033658E9	0.0
3.100035464E9	49.04519089143498
3.1000409715E9	35.009754677029534
3.1000479435E9	17.287567939262065
3.100051797E9	55.20542024294815
3.100053416E9	56.86907020872865
3.10005829E9	53.89160225442834
3.1000639665E9	39.23656913942342
3.1000665115E9	40.34910277324633
3.100068816E9	51.94993234100135
3.100070957E9	50.04708097928437
3.1000725955E9	0.0
3.10007379E9	40.48042234931808
3.1000757855E9	57.95161857846587
3.1000785755E9	58.06261914088001
3.1000897445E9	56.68249392150052
3.1001009405E9	57.974198816084915
3.1001076425E9	58.421887390959554
3.1001174535E9	0.0
3.10012562E9	57.64574464342258
3.1001304845E9	58.43414634146342
3.1001326025E9	58.95120174799709
3.100134138E9	6.110153514678158
3.100136976E9	56.58615775797033
3.1001412695E9	57.38975230393312
3.1001454075E9	0.0
3.1001489115E9	0.0
3.1001523505E9	56.96629213483146
3.1001553555E9	40.11079429735234
3.1001569595E9	48.72347188264059
3.1001596515E9	56.66135428357651
3.100164687E9	58.10791366906475
3.100169456E9	58.824856208413216
3.100173756E9	58.119740200662136
3.100178605E9	0.0
3.100182461E9	58.67649449894315
3.1001845245E9	36.11990969870626
3.100186698E9	57.79570861882438
3.1001901715E9	58.99186138093988
3.1001926785E9	44.905974338412186
3.1001942255E9	0.0
3.100196577E9	58.70700583115018
3.100199826E9	59.46629957113358
3.1002050385E9	57.49815731283563
3.1002116325E9	57.78072809270581
3.100215983E9	58.663040617598035
3.100218536E9	0.0
3.1002222875E9	0.0
3.100226716E9	0.0
3.100230998E9	59.11245216367383
3.10023432E9	57.874072796273936
3.100237109E9	26.5282084220529
3.100241596E9	57.92451839798436
3.1002465235E9	58.09635722679201
3.100249222E9	0.0
3.1002504975E9	58.00328407224959
3.1002526125E9	57.62786319422654
3.1002555955E9	52.65120582962235
3.1002585615E9	57.91568267296422
3.1002608765E9	52.63797079169869
3.100264232E9	58.00938240557141
3.1002683515E9	0.0
3.1002730005E9	58.0846735128851
3.100276567E9	0.0
3.1002785615E9	56.57947336403928
3.1002805655E9	41.9021990104453
3.1002818545E9	0.0
3.100283864E9	0.0
3.100286221E9	0.0
3.1002886105E9	30.95131086142322
3.100297238E9	58.14058214271093
3.100308266E9	57.84962335657138
3.1003148695E9	0.0
3.1003201675E9	58.024012006003
3.100323191E9	0.0
3.100327556E9	58.98719518984523
3.1003361335E9	57.0459615365717
3.100341505E9	30.79858981340824
3.100343284E9	56.58417135961384
3.1003451525E9	53.175374049546235
3.10034797E9	0.0
3.1003522945E9	57.685162598406485
3.1003595775E9	56.91114257821089
3.100367519E9	58.18739747177458
3.1003726985E9	57.42999556177666
3.1003758895E9	58.02464693712332
3.1003787135E9	0.0
3.1003813635E9	0.0
3.100384543E9	58.26249551953483
3.100388122E9	29.42700508055061
3.100390936E9	58.17370374084846
3.1003962175E9	58.14810199535818
3.1004020815E9	57.810316762704694
3.1004062135E9	26.109219858156028
3.100409423E9	0.0
3.1004119315E9	57.100459391522925
3.100414125E9	57.840501792114694
3.100417918E9	58.37368937165271
3.100423028E9	57.301508844953176
3.1004269835E9	58.19038908041934
3.1004299135E9	0.0
3.100431937E9	0.0
3.100433132E9	0.0
3.100434876E9	0.0
3.1004377605E9	52.00550193353664
3.1004408225E9	57.74769125527306
3.1004441155E9	0.0
3.1004490815E9	59.06430543073565
3.100453243E9	59.50199203187251
3.1004556705E9	59.341434731477854
3.1004587745E9	58.253749493311716
3.100461398E9	52.370102214650764
3.100462798E9	40.811007268951194
3.1004649905E9	59.02673129529203
3.100471036E9	0.0
3.1004779445E9	58.21127029608405
3.1004820575E9	33.00615562181398
3.100486718E9	58.081861703814084
3.1004910255E9	0.0
3.10049749E9	0.0
3.1005038655E9	0.0
3.1005113075E9	0.0
3.100520375E9	58.71631808338587
3.100524579E9	59.09863747525329
3.100528576E9	57.21543722520762
3.100533401E9	57.70738587792785
3.1005371995E9	58.712943396226414
3.100540127E9	0.0
3.100544135E9	0.0
3.1005486665E9	58.60624159091655
3.1005512115E9	58.418212012178245
3.100552639E9	52.517116182572614
3.1005539095E9	0.0
3.1005560785E9	57.021569527306106
3.100558656E9	59.38007171164371
3.100561947E9	43.53659322944653
3.10056789E9	0.0
3.100573138E9	0.0
3.100576513E9	57.40083762886598
3.100580371E9	57.37269169094953
3.100591292E9	10.735755599957935
3.100602639E9	59.4040164111423
3.100606305E9	0.0
3.100608874E9	0.0
3.1006116575E9	58.209148366857356
3.1006156585E9	0.0
3.100620518E9	0.0
3.1006254325E9	57.98019012165127
3.1006312815E9	0.0
3.1006367155E9	49.575613490159135
3.100640534E9	59.075938210326115
3.100643878E9	51.888000392464676
3.100647993E9	0.0
3.1006508345E9	0.0
3.100653317E9	0.0
3.1006563755E9	0.0
3.1006598935E9	0.0
3.1006649805E9	0.0
3.1006712605E9	0.0
3.1006757165E9	0.0
3.100677201E9	23.342868860863323
3.10067847E9	0.0
3.100683289E9	57.112997274264224
3.1006885805E9	56.76014516661168
3.100691006E9	58.78529173937098
3.1006942785E9	0.0
3.1006969395E9	0.0
3.1006991355E9	52.47171672878755
3.1007016905E9	47.8397212543554
3.100704182E9	49.60458679319889
3.100706833E9	43.67841005211213
3.100708945E9	0.0
3.100712266E9	0.0
3.10071577E9	55.26573998364677
3.100717503E9	51.42011834319526
3.100719116E9	0.0
3.1007206285E9	0.0
3.1007221265E9	43.735085363514294
3.100724699E9	0.0
3.1007268945E9	0.0
3.1007289465E9	0.0
3.1007309285E9	0.0
3.1007330965E9	58.61463678098839
3.1007392415E9	58.05391481991384
3.1007470865E9	58.769387635051665
3.1007528755E9	0.0
3.1007561985E9	59.01913515142384
3.1007588475E9	0.0
3.100761762E9	44.471875735467165
3.1007635275E9	0.0
3.100764747E9	40.5372460496614
3.1007667445E9	34.17743662977508
3.1007691425E9	54.78123951493074
3.100772442E9	0.0
3.100775528E9	53.96678966789668
3.100781116E9	58.49665044957844
3.10079114E9	0.0
3.100797975E9	0.0
3.1008007345E9	59.11599450618055
3.100804877E9	58.516292629814544
3.100809349E9	0.0
3.1008114985E9	36.46207295888824
3.1008137425E9	8.384229905879574
3.1008164375E9	3.3270490402688386
3.100825815E9	6.490572344926077
3.100837982E9	4.509020525932087
3.100842972E9	0.96484375
3.1008451085E9	48.1764705882353
3.10084822E9	59.21481985044188
3.1008510465E9	51.373056994818654
3.100852321E9	0.0
3.1008571395E9	58.209871819399275
3.1008619615E9	51.41721854304636
3.1008648315E9	59.26147449807619
3.100868278E9	57.146870330400134
3.100873156E9	55.85133606673264
3.1008795525E9	43.215484799895286
3.100884274E9	38.54279980768829
3.10088846E9	26.991207856999036
3.1008916615E9	18.86164896939413
3.10089384E9	21.418298446995273
3.1008970555E9	57.19554973680366
3.1008998325E9	46.264785675529026
3.100902708E9	35.299827726127255
3.1009063655E9	48.30197550966155
3.1009089965E9	50.868025906360806
3.1009125255E9	38.0489322411099
3.1009156975E9	49.54121824031954
3.100917935E9	41.42834277271608
3.1009210515E9	47.714360563123606
3.1009240305E9	40.66750137842308
3.100926116E9	40.75119264250234
3.1009275335E9	28.130285714285716
3.100928649E9	44.563811515196775
3.1009304855E9	45.33668299975085
3.100935775E9	0.0
3.1009404825E9	0.0
3.1009433075E9	25.16195743398825
3.100962012E9	8.699908555889834
3.100979643E9	8.397771976910915
3.1009826315E9	58.26524451599919
3.100986095E9	45.207831880546706
3.100988659E9	27.062334451704043
3.1009913515E9	43.70299921073402
3.100994484E9	27.870106761565836
3.100999235E9	44.45408179478217
3.1010045095E9	53.120577171857896
3.101007663E9	0.0
3.101009454E9	0.0
3.1010139635E9	58.52103064642872
3.10102777E9	58.324604667717495
3.101038557E9	24.60846699973705
3.1010399745E9	12.631578947368421
3.10104147E9	0.0
3.101043057E9	0.0
3.101044461E9	52.937106918238996
3.101046252E9	21.883258817685046
3.101048543E9	58.76007113585402
3.101051444E9	58.190656354014514
3.101053714E9	0.0
3.101055658E9	0.0
3.1010593945E9	0.0
3.1010636115E9	56.099681496964266
3.101066684E9	56.229845129541175
3.101069485E9	0.0
3.10107171E9	0.0
3.1010747125E9	58.98519113764206
3.101082788E9	58.903645865506974
3.1010891985E9	59.71518987341772
3.101090371E9	0.0
3.101091454E9	0.0
3.1010926105E9	0.0
3.101093789E9	0.0
3.101094954E9	0.0
3.1010960955E9	0.0
3.1010976565E9	48.29614850798057
3.1010992105E9	0.0
3.1011004015E9	0.9245283018867925
3.101103073E9	0.0
3.101108811E9	0.0
3.1011134185E9	0.0
3.1011171035E9	57.603464218859244
3.1011208445E9	37.7714457559582
3.1011223705E9	58.44714213454729
3.1011236055E9	57.996553209823354
3.101126918E9	0.0
3.101130602E9	29.48143291723487
3.1011321595E9	0.0
3.101133927E9	45.33296689874191
3.1011356635E9	0.0
3.1011368845E9	54.232513661202184
3.1011381815E9	0.0
3.10113931E9	54.644913627639156
3.1011404165E9	0.0
3.101141667E9	57.507360157016684
3.101143503E9	56.57065948855989
3.1011454715E9	58.3495779403489
3.101147397E9	57.12283594394064
3.1011501335E9	16.36966126656848
3.101157518E9	56.40871823911759
3.1011645045E9	57.496411327156466
3.1011668885E9	17.895555293098695
3.1011686545E9	0.0
3.1011709785E9	56.86695278969957
3.101173445E9	0.0
3.101205684E9	37.57962456211998
3.1012403025E9	42.66450402144772
3.1012453615E9	42.804929467492585
3.1012505225E9	53.2028254069082
3.1012614495E9	36.943631260666606
3.1012739195E9	39.68558483747924
3.101281912E9	54.710286737219924
3.1012871705E9	47.0082491829973
3.101295694E9	47.54254870677355
3.1013044905E9	52.84342364887627
3.1013083555E9	52.99396746540164
3.1013114625E9	52.997104682976065
3.101316135E9	42.6635698300369
3.1013198035E9	31.451306413301662
3.101320917E9	0.0
3.101322018E9	49.88773841961853
3.1013238925E9	21.703034435731333
3.101326703E9	15.5279573809307
3.1013294495E9	20.175358605523837
3.1013318685E9	0.9470899470899471
3.1013343305E9	26.517142447281596
3.101336736E9	8.718533757247055
3.101339303E9	15.97083908699537
3.101342702E9	43.032437580738154
3.101345195E9	0.0
3.1013472335E9	55.76223776223776
3.101349218E9	57.016949152542374
3.1013517465E9	52.58465120791695
3.101354867E9	47.16354515050167
3.1013568785E9	0.0
3.101370363E9	57.21794549266247
3.1013921985E9	56.844745472884064
3.1014090845E9	58.26394971969166
3.101423574E9	57.304810994944475
3.101436092E9	0.0
3.1014467775E9	0.0
3.10145676E9	58.28989569656108
3.1014665925E9	57.86492170731356
3.101476343E9	57.658660384224945
3.1014858855E9	56.055520812808936
3.1014950245E9	0.0
3.101503724E9	0.0
3.1015121195E9	43.29369329981419
3.101520406E9	0.0
3.101528602E9	58.76389618097564
3.101536693E9	57.76386591685963
3.1015446345E9	58.596222447523566
3.1015524055E9	56.79534644383292
3.1015601115E9	0.0
3.101567702E9	57.181334647352514
3.1015751255E9	0.0
3.1015823905E9	56.996698176454814
3.101589504E9	42.488644388037486
3.101596546E9	0.0
3.101603554E9	0.0
3.1016105495E9	0.0
3.101617536E9	24.49679680889641
3.101624424E9	0.0
3.101631085E9	54.526865736895026
3.1016374705E9	55.870614209247286
3.1016435565E9	57.77295943915874
3.1016494765E9	0.0
3.1016553825E9	58.534784953485236
3.101661271E9	0.0
3.1016671275E9	0.0
3.101672916E9	0.0
3.101678576E9	0.0
3.101684071E9	0.0
3.1016894025E9	0.0
3.1016946505E9	58.666732629183464
3.1016998325E9	0.0
3.1017049205E9	0.0
3.101709929E9	0.0
3.101714835E9	57.36503507814238
3.1017196755E9	57.65826454511253
3.101724499E9	0.0
3.101729313E9	0.0
3.1017340725E9	57.89379148770012
3.1017387675E9	0.0
3.10174343E9	51.49579044830111
3.1017480095E9	0.0
3.101752486E9	44.38518097193513
3.1017569135E9	0.0
3.101761326E9	59.19820703179717
3.1017657265E9	59.04819277108434
3.101770102E9	0.0
3.101774441E9	0.0
3.1017787455E9	55.20086206896552
3.1017830115E9	58.73376425148985
3.1017872465E9	56.897175307672164
3.1017914715E9	0.0
3.1017956905E9	0.0
3.1017999035E9	57.18875113005295
3.1018041115E9	56.19433341430559
3.1018082655E9	0.0
3.101812367E9	57.61080449810695
3.101816459E9	0.0
3.101820484E9	42.86237224501147
3.101824445E9	0.0
3.101828395E9	0.0
3.1018323325E9	55.621552979072675
3.101836262E9	51.03615489050233
3.1018401885E9	0.0
3.10184411E9	47.266267647373176
3.1018480235E9	0.0
3.1018519235E9	0.0
3.1018558145E9	56.39610027855153
3.101859689E9	0.0
3.1018635415E9	55.737766816534986
3.101867382E9	0.0
3.1018712145E9	0.0
3.1018750435E9	58.89607390300231
3.10187887E9	0.0
3.101882693E9	0.0
3.101886508E9	0.0
3.101890313E9	0.0
3.101894113E9	50.19914703722533
3.101897881E9	0.0
3.1019016E9	55.36294254822981
3.1019052995E9	51.2599506209786
3.1019089945E9	0.0
3.1019126835E9	54.25935656698349
3.101916365E9	56.56312173674086
3.1019200355E9	0.0
3.101923674E9	44.456154148643336
3.101927286E9	52.022045790251106
3.1019308945E9	57.39598426826744
3.1019344895E9	56.867132634934336
3.101938072E9	0.9812797821647379
3.101941634E9	0.0
3.1019451695E9	57.71329837940896
3.101948697E9	55.013513513513516
3.1019522085E9	58.91256862860854
3.101955703E9	57.1451717841627
3.1019591915E9	58.617924978524385
3.101962651E9	0.0
3.101966064E9	52.669748422081966
3.1019694465E9	57.75852315021587
3.101972819E9	0.0
3.101976185E9	57.74490279753438
3.101979541E9	54.585559991809994
3.1019828865E9	54.84256011838698
3.1019862165E9	57.3264473529065
3.1019895175E9	55.68401513028859
3.1019927975E9	58.741878931628335
3.1019960665E9	57.01206636500754
3.1019993255E9	59.08666438902175
3.102002581E9	56.35125137730206
3.102005831E9	58.29255658272235
3.1020090695E9	0.0
3.1020122965E9	0.0
3.1020155165E9	0.0
3.1020187305E9	55.74975058197539
3.1020219335E9	53.72727272727273
3.102025125E9	57.689021862552494
3.102028308E9	56.51766576073022
3.1020314845E9	35.92552418769067
3.102034659E9	0.0
3.1020378305E9	49.342038841758395
3.1020409985E9	59.56923076923077
3.102044163E9	0.0
3.102047316E9	54.10111901418022
3.102050456E9	48.70532434505308
3.1020535825E9	55.757446808510636
3.1020566935E9	53.181593600892526
3.102059793E9	57.507772191002005
3.102062879E9	0.0
3.102065945E9	0.0
3.102068997E9	0.0
3.10207203E9	44.302529004867694
3.1020750435E9	58.11534342970781
3.102078054E9	34.4703557312253
3.102081057E9	0.0
3.102084054E9	55.50410135789536
3.102087044E9	54.3761009982384
3.102090025E9	53.57695040500213
3.102092998E9	58.13042815785464
3.102095965E9	59.130434782608695
3.1020989315E9	0.0
3.1021018915E9	54.188846841164725
3.1021048445E9	57.32919678457963
3.1021077875E9	58.89765122127968
3.1021107135E9	39.06410419892522
3.10211362E9	57.611464968152866
3.102116511E9	56.563455558434825
3.102119394E9	54.91877912027166
3.1021222725E9	57.31378478475077
3.1021251475E9	45.27386312807514
3.1021280175E9	57.198319638075894
3.1021308845E9	0.0
3.10213375E9	57.86178790534619
3.1021366145E9	58.14023877585337
3.102139476E9	58.51176227816756
3.1021423325E9	45.09596800701216
3.1021451745E9	58.57869495712833
3.1021480035E9	0.0
3.1021508295E9	58.90339425587467
3.102153651E9	57.55337766888344
3.102156467E9	19.09779010097666
3.102159278E9	0.0
3.1021620835E9	0.0
3.10216488E9	0.0
3.102167667E9	0.0
3.1021704475E9	55.25803792250618
3.102173225E9	0.0
3.1021759985E9	0.0
3.102178768E9	0.0
3.102181536E9	57.46660494643566
3.102184301E9	57.73647176038359
3.102187055E9	57.08579980046558
3.1021897985E9	50.51259360108918
3.1021925375E9	56.47767910957528
3.10219527E9	47.79330904272938
3.1021979975E9	0.0
3.10220072E9	56.71600688468158
3.102203437E9	0.0
3.1022061485E9	57.27309617205464
3.1022088545E9	59.46857142857143
3.1022115525E9	0.0
3.102214244E9	53.69006721433906
3.1022169345E9	57.53766867837526
3.102219623E9	42.125152811735944
3.102222305E9	0.0
3.1022249775E9	55.256572350350964
3.1022276455E9	59.04620972623932
3.102230311E9	57.88228846996931
3.10223297E9	0.0
3.1022356195E9	0.0
3.1022382625E9	57.93507521773555
3.1022408995E9	55.75200765471756
3.1022435315E9	57.252941176470586
3.1022461615E9	58.13953488372093
3.102248787E9	57.25516927970916
3.1022514095E9	58.479854242581986
3.10225403E9	57.42539496781744
3.102256642E9	58.795220710255556
3.102259246E9	54.108578912901116
3.102261848E9	56.702393991550615
3.1022644475E9	0.0
3.102267045E9	59.42122186495177
3.1022696415E9	0.0
3.1022722365E9	51.930725346373265
3.1022748265E9	0.0
3.102277412E9	0.0
3.102279996E9	57.83451718180073
3.1022825765E9	58.188043943501214
3.10228515E9	55.52209705372617
3.102287719E9	57.02121640735502
3.102290279E9	0.0
3.1022928285E9	0.0
3.1022953765E9	52.616875712656785
3.1022979235E9	58.90479153702552
3.102300469E9	50.259700518177
3.1023030085E9	0.0
3.102305542E9	53.97232000771568
3.1023080695E9	57.584718783162366
3.1023105915E9	35.25754343410728
3.10231311E9	58.544358751723784
3.102315624E9	0.0
3.102318134E9	13.75177304964539
3.1023206395E9	20.8141592920354
3.10232314E9	57.73949444533891
3.102325624E9	0.0
3.102328092E9	56.839526337280525
3.1023305565E9	0.0
3.102333018E9	0.0
3.102335476E9	0.0
3.1023379295E9	0.0
3.102340372E9	58.930560712959526
3.1023428065E9	0.0
3.1023452395E9	57.80432510651982
3.102347669E9	0.0
3.102350093E9	34.4080891998251
3.1023525135E9	58.67967239221932
3.1023549305E9	58.75922911305992
3.1023573395E9	0.0
3.102359743E9	0.0
3.1023621455E9	58.27254566797784
3.102364545E9	58.106002034587995
3.102366941E9	0.0
3.1023693355E9	0.0
3.1023717265E9	0.0
3.1023741115E9	0.0
3.102376493E9	54.535466461064
3.1023788735E9	0.0
3.1023812475E9	0.0
3.1023836135E9	2.6651046547953765
3.102385977E9	55.66757646303283
3.1023883325E9	0.0
3.102390676E9	59.04015887025596
3.102393013E9	0.0
3.1023953465E9	39.35489510489511
3.102397678E9	55.46288209606987
3.1024000085E9	0.0
3.102402335E9	0.0
3.102404656E9	53.962184554575856
3.1024069725E9	57.907087363247186
3.1024092835E9	55.21820398212109
3.1024115905E9	53.95321707041248
3.1024138915E9	56.89363037339191
3.102416183E9	0.0
3.102418466E9	0.0
3.1024207435E9	46.72029893394878
3.102423018E9	56.79116428033157
3.1024252855E9	0.0
3.1024275435E9	0.0
3.1024297965E9	52.95368726803292
3.102432045E9	0.0
3.102434287E9	59.506398537477146
3.102436518E9	38.11824766120109
3.1024387395E9	56.495722194262704
3.1024409585E9	59.16583912611718
3.102443175E9	31.654112983151634
3.102445389E9	57.84658040665435
3.102447597E9	52.856080556035224
3.1024497985E9	57.84472769409038
3.102451997E9	55.1293609138623
3.1024541925E9	58.58527131782946
3.102456381E9	0.0
3.102458562E9	55.82091690544413
3.10246074E9	58.16035698862819
3.102462917E9	57.277722277722276
3.102465094E9	57.190055339886015
3.1024672665E9	56.5536575824749
3.1024694305E9	42.92964490589295
3.102471588E9	0.0
3.1024737375E9	49.878826530612244
3.102475881E9	58.541666666666664
3.1024780205E9	56.948743718592965
3.1024801555E9	0.0
3.102482287E9	0.0
3.1024844155E9	50.59621834162137
3.102486542E9	56.542106983331514
3.102488667E9	0.0
3.1024907905E9	58.75180897250362
3.102492907E9	58.94792773645059
3.1024950155E9	59.17729956198819
3.1024971155E9	57.58210664049722
3.102499209E9	0.0
3.1025012995E9	53.420090293453725
3.1025033865E9	0.0
3.1025054725E9	59.60298826040555
3.1025075575E9	0.0
3.1025096395E9	0.0
3.102511719E9	48.61049198151672
3.1025137965E9	58.36213991769547
3.10251587E9	55.294586555621656
3.1025179385E9	58.65710399406455
3.102520002E9	58.092598447324974
3.10252206E9	0.0
3.102524114E9	0.0
3.1025261605E9	56.18443447315488
3.1025281985E9	58.59284643392589
3.102530234E9	35.6439205955335
3.1025322685E9	56.583747226038255
3.1025343015E9	52.53909858257684
3.102536332E9	0.0
3.102538359E9	0.0
3.102540382E9	57.751831169773006
3.1025424015E9	0.0
3.102544418E9	13.010526315789473
3.10254643E9	59.53772943575799
3.102548438E9	0.0
3.102550444E9	56.546899841017485
3.102552448E9	58.600440396356724
3.10255445E9	0.0
3.102556451E9	56.72509960159363
3.1025584515E9	0.0
3.1025604495E9	0.0
3.1025624435E9	0.9903846153846154
3.102564432E9	49.35457348406989
3.102566415E9	0.0
3.102568394E9	58.4532252617359
3.102570368E9	58.434817596566525
3.1025723375E9	55.42662116040955
3.1025743025E9	57.14791140181359
3.102576264E9	54.30584016393443
3.1025782245E9	54.831757417671994
3.1025801845E9	56.76477742641693
3.1025821415E9	57.677887522676876
3.1025840945E9	58.55532786885246
3.102586044E9	58.57525852163922
3.1025879895E9	0.0
3.102589933E9	0.0
3.102591875E9	0.0
3.102593814E9	0.0
3.1025957495E9	58.79275653923541
3.102597681E9	58.409761634506246
3.1025996075E9	0.0
3.1026015315E9	52.94957746478873
3.102603455E9	55.400561737063846
3.102605377E9	0.0
3.1026072965E9	0.0
3.102609213E9	0.0
3.102611128E9	0.0
3.1026130425E9	58.184693232131565
3.1026149555E9	0.0
3.1026168665E9	58.79727685325265
3.102618775E9	0.0
3.1026206805E9	0.0
3.102622581E9	49.28696051423324
3.102624475E9	58.01517987107507
3.1026263655E9	0.0
3.1026282545E9	0.0
3.1026301425E9	0.0
3.102632029E9	59.5609756097561
3.102633912E9	0.0
3.102635792E9	47.44101508916324
3.10263767E9	0.0
3.1026395465E9	57.37519300051467
3.1026414225E9	59.07419275326596
3.1026432975E9	0.0
3.1026451705E9	58.96925858951175
3.102647041E9	47.81203275186899
3.1026489085E9	0.0
3.102650774E9	57.69024771256416
3.102652639E9	59.17203311867525
3.102654504E9	0.0
3.1026563675E9	0.0
3.1026582295E9	57.51165407490757
3.10266009E9	0.0
3.1026619475E9	59.294117647058826
3.1026638035E9	0.0
3.1026656585E9	57.52509518864659
3.1026675105E9	46.412559262903656
3.10266936E9	40.69951383694839
3.102671209E9	0.8604651162790697
3.102673057E9	55.81988661142608
3.1026749E9	25.36953907815631
3.1026767365E9	57.55057540884312
3.102678564E9	56.46457112413426
3.102680382E9	58.51239669421488
3.102682195E9	54.85955629815279
3.1026840045E9	57.299291617473436
3.1026858125E9	58.13316739265713
3.10268762E9	0.0
3.102689427E9	56.3542423020035
3.1026912315E9	58.779635637634144
3.102693033E9	59.60287443267776
3.1026948335E9	20.17259978425027
3.102696631E9	45.29122437835462
3.1026984255E9	58.222177581357975
3.1027002185E9	0.0
3.1027020085E9	0.0
3.1027037955E9	0.0
3.1027055795E9	0.0
3.1027073615E9	17.13662710460944
3.102709143E9	0.0
3.102710924E9	58.56702619414484
3.102712704E9	58.84324834749764
3.102714482E9	0.0
3.1027162525E9	0.0
3.1027180155E9	53.93174702567314
3.102719774E9	54.16706487777982
3.102721526E9	42.05671077504726
3.102723274E9	53.20859444941809
3.1027250205E9	58.51870148200423
3.102726766E9	0.0
3.1027285105E9	7.220008302200083
3.1027302535E9	57.37348649487737
3.1027319945E9	0.0
3.1027337345E9	0.0
3.1027354725E9	0.0
3.102737208E9	58.61877686867286
3.1027389415E9	0.0
3.1027406735E9	0.0
3.1027424045E9	57.432803071859574
3.102744133E9	51.55690155263607
3.1027458575E9	0.0
3.1027475775E9	0.0
3.1027492945E9	0.0
3.1027510075E9	12.342620308542482
3.1027527165E9	31.483891147951205
3.102754424E9	53.58670356981473
3.1027561305E9	57.36817730731062
3.102757836E9	0.0
3.1027595405E9	57.91812865497076
3.102761242E9	0.0
3.1027629405E9	57.5491278427909
3.102764638E9	0.0
3.102766335E9	58.75162774546401
3.102768031E9	58.3334891985411
3.102769726E9	0.0
3.10277142E9	0.0
3.10277311E9	0.0
3.1027747965E9	41.40242036444568
3.1027764795E9	49.701700154559504
3.102778159E9	29.16376306620209
3.102779838E9	50.79570492260493
3.1027815165E9	56.3304347826087
3.1027831925E9	48.66323024054983
3.1027848665E9	0.0
3.102786539E9	0.0
3.102788209E9	0.0
3.102789876E9	56.96624854519592
3.10279154E9	55.95667870036101
3.1027932E9	58.35136707388016
3.102794855E9	0.0
3.1027965075E9	0.0
3.1027981585E9	55.340338053905896
3.102799808E9	56.184615384615384
3.102801457E9	59.12260967379078
3.1028031015E9	57.46722600943891
3.1028047405E9	0.0
3.1028063775E9	58.29244673983215
3.1028080115E9	0.0
3.102809643E9	42.5178947368421
3.1028112735E9	0.0
3.102812902E9	0.0
3.1028145275E9	58.44827586206897
3.102816148E9	28.34090909090909
3.1028177645E9	0.0
3.10281938E9	0.0
3.102820993E9	57.667012807199725
3.102822604E9	59.44182052382997
3.1028242125E9	0.0
3.102825818E9	0.0
3.102827423E9	0.0
3.1028290255E9	58.66807374759451
3.1028306245E9	0.0
3.1028322225E9	53.2548921224285
3.10283382E9	41.81108312342569
3.1028354165E9	55.3264726756565
3.102837012E9	0.0
3.1028386055E9	55.1397146254459
3.102840196E9	0.0
3.102841783E9	0.0
3.102843365E9	57.42171428571429
3.1028449435E9	0.0
3.102846521E9	0.0
3.102848098E9	0.0
3.102849675E9	55.50135501355014
3.1028512515E9	59.2915270464337
3.102852827E9	0.0
3.1028544015E9	0.0
3.1028559745E9	56.73818490621769
3.102857546E9	0.0
3.102859113E9	0.0
3.102860675E9	12.543859649122806
3.102862236E9	55.90033618382401
3.1028637965E9	59.13793103448276
3.1028653565E9	57.18638810327525
3.1028669135E9	58.48730415991356
3.1028684665E9	0.0
3.1028700165E9	0.0
3.1028715635E9	0.0
3.102873107E9	0.0
3.1028746455E9	0.0
3.10287618E9	58.57600640897256
3.1028777125E9	44.40629218149725
3.1028792445E9	0.0
3.1028807755E9	0.0
3.102882304E9	45.5401768172888
3.1028838305E9	56.733890801770784
3.1028853555E9	57.99313893653516
3.102886879E9	54.66584011108907
3.102888402E9	0.0
3.1028899245E9	54.085138162808065
3.1028914465E9	58.81950384944397
3.102892967E9	59.31186590207322
3.102894483E9	0.0
3.1028959935E9	0.0
3.1028975015E9	0.0
3.102899008E9	0.0
3.102900512E9	0.0
3.1029020115E9	59.10641520320219
3.102903505E9	0.0
3.1029049955E9	54.5751404494382
3.1029064855E9	0.0
3.102907974E9	55.58150851581509
3.1029094605E9	59.03498982472264
3.102910946E9	56.50874504623514
3.1029124305E9	36.622899159663866
3.102913914E9	50.14070271137494
3.102915395E9	0.0
3.102916874E9	0.0
3.1029183515E9	0.0
3.102919827E9	35.19760348583878
3.1029213005E9	0.0
3.102922771E9	56.736834934259825
3.1029242395E9	0.0
3.102925707E9	0.0
3.102927173E9	59.707317073170735
3.1029286375E9	57.8411214953271
3.102930101E9	0.0
3.102931564E9	0.0
3.102933025E9	57.65100141933449
3.102934484E9	57.68771485435136
3.1029359425E9	56.47983142685129
3.1029374005E9	58.858695652173914
3.1029388565E9	54.30339384372534
3.102940308E9	0.0
3.102941757E9	0.0
3.1029432055E9	33.9700222057735
3.1029446525E9	0.0
3.1029460965E9	58.47027972027972
3.102947538E9	58.07288449660284
3.1029489785E9	51.63857109502685
3.102950418E9	0.0
3.102951856E9	0.0
3.1029532925E9	0.0
3.102954725E9	30.046378653113088
3.102956154E9	58.81773399014779
3.102957582E9	0.0
3.1029590085E9	0.0
3.102960434E9	57.99735333039259
3.1029618585E9	58.55832241153342
3.1029632825E9	0.0
3.102964706E9	0.0
3.102966129E9	0.0
3.102967552E9	0.0
3.1029689705E9	0.0
3.1029703845E9	0.0
3.102971798E9	0.0
3.102973211E9	37.99465240641711
3.1029746225E9	0.0
3.102976032E9	0.0
3.102977441E9	0.0
3.1029788485E9	49.91323907455013
3.102980254E9	59.252615125646265
3.102981659E9	0.0
3.1029830635E9	0.0
3.1029844675E9	28.487060384870603
3.1029858705E9	35.45283018867924
3.1029872725E9	54.962131837307155
3.1029886745E9	26.283333333333335
3.1029900765E9	0.0
3.1029914775E9	57.430331753554505
3.1029928765E9	56.33228840125392
3.1029942735E9	30.478365384615383
3.102995669E9	0.0
3.1029970635E9	56.038369509485555
3.102998457E9	0.0
3.102999849E9	0.0
3.103001239E9	0.0
3.103002628E9	58.85759244689221
3.1030040165E9	57.33386709367494
3.103005404E9	0.0
3.1030067895E9	58.86415581834443
3.103008172E9	58.36730123180291
3.103009553E9	52.92
3.103010933E9	58.93805309734513
3.103012311E9	0.0
3.1030136875E9	0.0
3.1030150635E9	57.95725364100624
3.103016439E9	0.0
3.1030178135E9	45.601990049751244
3.1030191865E9	57.860760750819345
3.103020558E9	49.80009219422249
3.1030219285E9	0.0
3.1030232985E9	41.812984997413345
3.1030246665E9	0.0
3.103026031E9	0.0
3.1030273925E9	0.0
3.1030287505E9	0.0
3.103030106E9	56.921373200442964
3.103031461E9	46.52120383036936
3.1030328145E9	56.54864359214219
3.103034163E9	54.18737891942312
3.1030355075E9	0.0
3.1030368515E9	31.71615150195908
3.1030381945E9	53.781829049611474
3.1030395365E9	56.91592214422463
3.1030408755E9	57.635320528810176
3.1030422105E9	0.0
3.1030435445E9	0.0
3.103044878E9	36.17428328129435
3.1030462105E9	56.835443037974684
3.1030475405E9	56.673874926943306
3.1030488685E9	55.956808544055285
3.1030501965E9	58.19606182511116
3.103051524E9	57.26600985221675
3.10305285E9	57.20303285593934
3.1030541735E9	0.0
3.1030554945E9	57.62917933130699
3.103056814E9	58.44074844074844
3.1030581325E9	57.318289786223275
3.103059449E9	57.41675264984523
3.1030607635E9	0.0
3.103062077E9	52.82882011605416
3.10306339E9	57.71111835670036
3.1030647025E9	0.0
3.1030660135E9	59.193114577729965
3.103067323E9	58.21339950372209
3.103068632E9	58.32793259883344
3.10306994E9	58.465414316227616
3.103071247E9	51.65851659609343
3.103072553E9	0.0
3.1030738575E9	0.0
3.103075161E9	58.99665551839465
3.1030764635E9	58.380722891566265
3.1030777655E9	59.09145248057382
3.103079067E9	53.467631898120075
3.103080368E9	0.0
3.1030816685E9	46.93011861784425
3.103082968E9	45.19586089182846
3.103084266E9	0.0
3.103085562E9	0.0
3.1030868565E9	0.0
3.10308815E9	59.08683974932856
3.103089442E9	0.0
3.103090733E9	57.26269577598481
3.103092023E9	0.0
3.1030933115E9	0.0
3.1030945995E9	31.129851059366477
3.103095887E9	0.0
3.103097174E9	57.891373801916934
3.103098461E9	0.0
3.1030997475E9	0.0
3.103101032E9	0.0
3.103102314E9	38.562805403851684
3.103103593E9	0.0
3.1031048685E9	0.0
3.1031061405E9	0.0
3.103107409E9	57.645148193260255
3.1031086755E9	59.608163265306125
3.1031099385E9	0.0
3.103111198E9	45.67491926803014
3.1031124565E9	0.0
3.1031137145E9	0.0
3.1031149725E9	55.41965485171024
3.1031162295E9	34.41035474592522
3.103117485E9	0.0
3.1031187395E9	45.48621894409938
3.1031199935E9	0.0
3.103121247E9	0.0
3.1031224985E9	0.0
3.103123748E9	0.0
3.1031249965E9	0.0
3.1031262445E9	59.5097037793667
3.103127492E9	55.90146967501553
3.1031287365E9	59.420639710319854
3.1031299785E9	51.6576852418861
3.10313122E9	52.79755283648498
3.103132461E9	0.0
3.103133702E9	59.19210053859964
3.103134942E9	58.23144104803494
3.1031361805E9	0.0
3.103137418E9	14.53198127925117
3.1031386545E9	5.473174667204518
3.10313989E9	58.51239669421488
3.1031411245E9	0.0
3.1031423585E9	0.0
3.1031435925E9	58.8036976617727
3.103144826E9	38.50837988826816
3.1031460585E9	0.0
3.1031472905E9	50.66084992814617
3.103148522E9	0.0
3.1031497525E9	58.66242038216561
3.1031509815E9	0.0
3.103152209E9	56.74452144596366
3.103153436E9	59.02202643171806
3.1031546625E9	56.92432228915663
3.1031558875E9	0.0
3.1031571115E9	0.0
3.1031583335E9	0.0
3.1031595535E9	0.0
3.103160773E9	0.0
3.103161991E9	39.079282218597065
3.1031632075E9	52.70161290322581
3.103164423E9	0.0
3.1031656375E9	58.5290763968073
3.1031668515E9	53.48306354916067
3.1031680655E9	48.08995953702832
3.103169279E9	0.0
3.1031704915E9	58.43585639149325
3.103171702E9	57.46077818090829
3.1031729105E9	58.81288863764839
3.103174118E9	0.0
3.103175325E9	55.64858096828047
3.103176532E9	0.0
3.1031777385E9	7.354625550660793
3.1031789445E9	0.0
3.10318015E9	0.0
3.103181355E9	57.65
3.1031825595E9	26.590972029908613
3.1031837635E9	0.0
3.1031849675E9	0.0
3.103186171E9	54.31297709923664
3.103187373E9	34.63881636205396
3.103188574E9	0.0
3.1031897745E9	0.0
3.1031909745E9	0.0
3.103192174E9	58.55491839435377
3.1031933725E9	0.0
3.10319457E9	52.02327173169062
3.1031957665E9	0.0
3.103196962E9	0.0
3.1031981565E9	52.152234636871505
3.1031993505E9	0.0
3.103200543E9	55.413796125865545
3.103201733E9	37.691418137553256
3.1032029205E9	0.0
3.1032041065E9	54.110512129380055
3.1032052915E9	32.410714285714285
3.103206475E9	0.0
3.103207658E9	59.36879018118059
3.1032088405E9	0.0
3.103210022E9	0.0
3.103211203E9	18.860979462875196
3.103212384E9	53.92231812577065
3.103213565E9	0.0
3.103214745E9	0.0
3.1032159235E9	0.0
3.1032171015E9	0.0
3.103218279E9	0.0
3.103219456E9	0.0
3.10322063E9	58.319652341863836
3.103221801E9	0.0
3.103222972E9	57.77614678899083
3.1032241425E9	0.0
3.1032253125E9	51.98644351464435
3.103226481E9	57.994858611825194
3.103227648E9	47.31581267217631
3.103228815E9	0.0
3.103229981E9	0.0
3.103231146E9	0.0
3.1032323095E9	58.113207547169814
3.103233469E9	57.56818181818182
3.1032346255E9	0.0
3.1032357815E9	56.13677545056016
3.1032369365E9	55.35493416185826
3.1032380905E9	0.0
3.103239243E9	0.0
3.103240394E9	0.0
3.1032415445E9	56.406619385342786
3.1032426945E9	59.21328671328671
3.103243843E9	52.15427927927928
3.10324499E9	45.828808446455504
3.1032461365E9	0.0
3.1032472815E9	51.59060973018908
3.1032484255E9	59.06720160481444
3.103249569E9	0.0
3.1032507115E9	57.729729729729726
3.103251853E9	0.0
3.103252994E9	0.0
3.1032541345E9	0.0
3.1032552735E9	43.715479506565856
3.1032564095E9	57.21787709497207
3.1032575435E9	54.658480429777434
3.1032586765E9	59.28118393234672
3.103259808E9	56.29181494661922
3.103260939E9	16.715035106125413
3.1032620695E9	0.0
3.103263198E9	0.0
3.1032643245E9	58.45986984815618
3.1032654495E9	58.465714285714284
3.1032665725E9	0.0
3.1032676945E9	0.0
3.103268816E9	0.0
3.103269936E9	58.72531867033242
3.103271055E9	0.0
3.103272174E9	59.28951716541216
3.103273293E9	0.0
3.1032744115E9	31.671312427409987
3.1032755285E9	0.0
3.1032766445E9	9.539900497512438
3.10327776E9	0.0
3.103278875E9	0.0
3.10327999E9	58.841571956730114
3.1032811045E9	0.0
3.103282218E9	59.645669291338585
3.103283331E9	59.10179640718563
3.1032844425E9	0.0
3.1032855525E9	59.47136563876652
3.103286662E9	57.94195250659631
3.1032877705E9	42.14104882459313
3.103288878E9	57.26119468637283
3.103289985E9	0.0
3.103291092E9	0.0
3.103292199E9	49.784320809248555
3.1032933055E9	0.0
3.10329441E9	58.45810055865922
3.103295513E9	35.19222283507998
3.103296616E9	49.43144424131627
3.1032977175E9	34.63880025526484
3.103298817E9	0.0
3.1032999155E9	54.98402555910543
3.103301013E9	0.0
3.1033021095E9	39.38809034907597
3.1033032055E9	31.067073170731707
3.1033043005E9	58.273092369477915
3.103305394E9	0.0
3.1033064855E9	0.0
3.1033075745E9	55.04020806973148
3.103308662E9	0.0
3.1033097485E9	0.0
3.103310834E9	0.0
3.1033119185E9	0.0
3.1033130025E9	56.809406410013274
3.1033140865E9	0.0
3.1033151705E9	47.61907582938389
3.103316254E9	0.0
3.103317337E9	47.31070496083551
3.1033184195E9	56.91532258064516
3.1033195015E9	58.67236610510435
3.103320583E9	0.0
3.103321664E9	58.88580931263858
3.103322744E9	50.72043596730245
3.1033238215E9	47.10899780541332
3.1033248965E9	58.717263495456976
3.10332597E9	34.54528798809115
3.103327043E9	0.0
3.103328115E9	58.81996974281392
3.103329185E9	0.0
3.103330253E9	0.0
3.10333132E9	0.0
3.103332387E9	59.61038961038961
3.1033334535E9	53.086021505376344
3.103334519E9	57.78714436248683
3.103335584E9	0.0
3.103336649E9	0.0
3.103337714E9	0.0
3.103338779E9	0.0
3.1033398435E9	57.01559068950373
3.1033409075E9	0.0
3.1033419715E9	0.0
3.103343035E9	0.0
3.1033440975E9	0.0
3.1033451595E9	53.793103448275865
3.1033462215E9	54.89827179890023
3.103347283E9	55.560154926167996
3.1033483435E9	58.55975995999333
3.103349402E9	59.175991861648015
3.103350459E9	0.0
3.1033515155E9	51.8377253814147
3.103352571E9	0.0
3.103353626E9	0.0
3.103354681E9	56.98562421185372
3.103355736E9	57.95704557359874
3.1033567905E9	0.0
3.103357843E9	0.0
3.1033588935E9	22.014667956157318
3.1033599435E9	0.0
3.103360993E9	0.0
3.1033620415E9	50.05374368396876
3.103363089E9	0.0
3.1033641355E9	0.0
3.1033651815E9	0.0
3.1033662275E9	51.19253091092607
3.103367273E9	58.826687116564415
3.103368318E9	0.0
3.103369363E9	59.16925280496539
3.1033704075E9	0.0
3.1033714505E9	0.0
3.103372492E9	0.0
3.103373532E9	0.0
3.103374571E9	56.02760463045414
3.1033756095E9	0.0
3.1033766465E9	0.0
3.1033776825E9	0.0
3.103378718E9	57.18778908418131
3.103379753E9	27.842829076620824
3.103380787E9	0.0
3.1033818195E9	36.40657216494845
3.103382851E9	0.0
3.103383882E9	58.882803943044905
3.103384913E9	0.0
3.103385942E9	28.4866693195384
3.103386969E9	0.0
3.1033879955E9	0.0
3.1033890215E9	0.0
3.1033900465E9	17.345345345345347
3.1033910705E9	0.0
3.1033920935E9	39.95935334872979
3.1033931155E9	58.91234804862444
3.103394137E9	36.850179914949294
3.1033951575E9	0.0
3.103396177E9	0.0
3.1033971955E9	0.0
3.1033982135E9	19.318858560794045
3.1033992315E9	56.604324324324324
3.1034002485E9	0.0
3.1034012615E9	58.48512173128945
3.1034022715E9	58.67820192650731
3.103403281E9	59.582608695652176
3.1034042895E9	0.0
3.103405297E9	0.0
3.1034063035E9	0.0
3.103407309E9	58.780633592349076
3.103408314E9	0.0
3.1034093185E9	0.0
3.1034103225E9	0.0
3.103411326E9	0.0
3.103412329E9	0.0
3.103413332E9	59.13260219341974
3.103414335E9	57.95275590551181
3.1034153375E9	59.06976744186046
3.1034163395E9	0.0
3.1034173405E9	0.0
3.1034183405E9	43.11253395421032
3.1034230195E9	30.487654320987655
3.1034311645E9	49.014781514116166
3.1034385535E9	58.733264675592174
3.103444272E9	46.461944313848406
3.103448588E9	0.0
3.103452529E9	17.737317930688096
3.1034563265E9	57.44558876775154
3.103460075E9	18.645175683212493
3.1034637975E9	55.313374095157776
3.103467461E9	43.03415146922212
3.103471038E9	55.141772603717634
3.1034745565E9	50.032902889193245
3.10347799E9	53.95884829758876
3.1034813295E9	55.04994734466677
3.103484605E9	55.35150383105249
3.1034878305E9	53.528721432983325
3.1034910465E9	47.90943147099013
3.1034942485E9	54.53860953860954
3.1034973905E9	51.67777965814859
3.10350048E9	56.1998612074948
3.1035035475E9	53.50648533629383
3.103506574E9	51.949469429004544
3.1035095785E9	54.7929798820575
3.10351256E9	53.234000153291944
3.1035155065E9	55.83009199234426
3.10351844E9	45.240591500038015
3.10352132E9	59.13934426229508
3.1035241305E9	48.18005540166205
3.103526902E9	0.0
3.103529649E9	58.04055858261466
3.103532388E9	40.390094683175526
3.1035351035E9	52.61037057146736
3.103537785E9	57.696
3.1035404345E9	52.12556561085973
3.1035429975E9	57.77566539923954
3.103545488E9	27.456295679424947
3.1035479665E9	55.7399561723886
3.1035504075E9	52.37220892552867
3.103552812E9	7.22325
3.1035551875E9	53.07668582644049
3.103557535E9	55.81770791347575
3.1035598595E9	42.16222463965189
3.1035621585E9	36.869911657716955
3.103564445E9	55.05810084463783
3.103566722E9	58.674858591769066
3.103568983E9	10.391614629794827
3.103571211E9	52.21915990712541
3.1035734005E9	40.33777263076626
3.103575568E9	0.0
3.103577725E9	44.85568065506653
3.103579877E9	54.01000227324392
3.103582016E9	52.92857142857143
3.1035841385E9	58.69565217391305
3.103586253E9	57.37340274491245
3.1035883585E9	56.28674471508628
3.1035904405E9	56.630035116711426
3.1035925065E9	48.556508577194755
3.103594569E9	6.061757719714964
3.103596622E9	58.045155758788226
3.1035986655E9	52.23909175633314
3.1036007005E9	23.709202891173774
3.1036027275E9	41.3862122168455
3.10360474E9	0.0
3.1036067365E9	51.276925953627526
3.103608723E9	0.0
3.103610703E9	0.0
3.103612671E9	42.05908256880734
3.103614626E9	40.84217613789389
3.1036165745E9	0.0
3.1036185145E9	52.79765256730678
3.1036204485E9	57.22273998136067
3.1036223555E9	57.44
3.1036242355E9	29.59322152016354
3.1036261095E9	0.0
3.103627955E9	0.0
3.103629772E9	16.814065510597302
3.103631583E9	0.0
3.1036333895E9	56.96100403406544
3.10363519E9	58.56427378964941
3.103636984E9	0.0
3.10363877E9	0.0
3.1036405435E9	58.08885754583921
3.1036423085E9	3.789473684210526
3.103644062E9	0.0
3.103645804E9	40.014433206911086
3.103647529E9	49.93583868010999
3.1036492365E9	58.06565064478312
3.10365094E9	57.418677859391394
3.103652635E9	54.1901128870784
3.1036543025E9	0.0
3.103655946E9	59.01806328942007
3.103657586E9	0.0
3.1036592235E9	57.95071629059891
3.1036608575E9	57.14716981132076
3.103662488E9	0.0
3.103664114E9	52.825313117996046
3.1036657365E9	49.329301075268816
3.1036673585E9	56.89655172413793
3.103668979E9	52.80981132075472
3.1036705915E9	32.09576138147567
3.103672191E9	0.0
3.1036737835E9	49.509502090459904
3.1036753585E9	8.569143932267169
3.10367691E9	42.70159894787845
3.1036784535E9	48.78189625946435
3.1036799945E9	54.38089066918002
3.103681529E9	58.72930866601752
3.1036830525E9	54.54545454545455
3.103684569E9	0.0
3.103686083E9	0.0
3.103687593E9	59.122632103688936
3.1036890985E9	58.483177396369044
3.1036906E9	41.26230361947748
3.103692097E9	55.3868792152054
3.103693592E9	0.0
3.1036950855E9	58.2680412371134
3.1036965775E9	58.89141274238227
3.103698068E9	49.46840826245443
3.103699555E9	0.989100817438692
3.103701039E9	50.081597619592586
3.103702517E9	0.0
3.1037039885E9	0.0
3.103705455E9	53.85609797584623
3.1037069165E9	0.8299180327868853
3.1037083755E9	0.9725
3.1037098325E9	11.203610108303248
3.103711287E9	0.0
3.103712735E9	57.25048923679061
3.103714177E9	57.27205337286879
3.1037156105E9	0.0
3.103717036E9	57.08008048289739
3.1037184575E9	59.142121818701746
3.103719873E9	36.71537678207739
3.103721286E9	0.0
3.1037226985E9	55.33538753259066
3.103724108E9	0.0
3.1037255145E9	47.19902377578334
3.1037269155E9	2.0965372507869886
3.1037283085E9	0.0
3.1037296945E9	32.846779778393355
3.1037310735E9	60.0
3.103732449E9	0.0
3.103733822E9	48.50876517048738
3.103735191E9	0.0
3.1037365565E9	59.294117647058826
3.1037379165E9	59.845360824742265
3.103739272E9	0.0
3.1037406255E9	58.729361091170134
3.1037419765E9	0.0
3.1037433245E9	49.51902854281422
3.10374467E9	44.9378753365086
3.1037460125E9	0.0
3.1037473475E9	0.0
3.103748677E9	0.0
3.1037500035E9	5.0
3.1037513235E9	57.87257617728532
3.103752635E9	58.94333843797856
3.1037539405E9	50.424528301886795
3.1037552445E9	46.34865714977014
3.103756548E9	0.0
3.10375785E9	0.0
3.1037591505E9	50.2407707253886
3.103760449E9	30.80814639905549
3.1037617455E9	0.0
3.1037630385E9	54.8045669200645
3.1037643255E9	16.354430379746834
3.1037656085E9	0.0
3.10376689E9	4.6
3.1037681705E9	0.0
3.10376945E9	0.0
3.1037707255E9	48.954081632653065
3.103771995E9	0.0
3.103773262E9	0.0
3.1037745285E9	0.0
3.1037757935E9	0.0
3.1037770575E9	9.850746268656716
3.1037783215E9	0.0
3.103779585E9	0.0
3.103780841E9	58.96193771626297
3.1037820855E9	0.0
3.103783325E9	29.97851045039741
3.103784562E9	56.61654135338346
3.103785797E9	48.12677648578811
3.103787031E9	0.0
3.1037882635E9	58.49025974025974
3.1037894945E9	43.30789473684211
3.1037907225E9	52.041666666666664
3.103791947E9	0.0
3.1037931655E9	0.0
3.103794379E9	0.0
3.103795591E9	55.75780800919716
3.103796801E9	0.0
3.1037980065E9	0.0
3.103799207E9	35.13247172859451
3.103800405E9	44.39892904953146
3.1038016E9	0.0
3.103802792E9	0.0
3.103803981E9	0.0
3.1038051675E9	43.03823773898587
3.1038063525E9	1.3836930455635492
3.1038075365E9	0.0
3.1038087195E9	25.04920993227991
3.1038099E9	0.0
3.103811076E9	0.0
3.103812247E9	0.0
3.103813415E9	20.389325426241662
3.1038145815E9	52.82846715328467
3.103815747E9	0.0
3.1038169115E9	0.0
3.103818075E9	0.0
3.1038192355E9	59.714285714285715
3.1038203935E9	0.0
3.103821551E9	0.0
3.103822708E9	22.369436201780417
3.103823865E9	40.33095632242455
3.103825021E9	0.39491150442477874
3.1038261755E9	0.0
3.103827327E9	0.0
3.1038284755E9	0.0
3.1038296235E9	37.309683313032885
3.1038307705E9	12.677685950413224
3.1038319155E9	0.0
3.1038330575E9	0.864406779661017
3.1038341955E9	51.92315470171891
3.1038353305E9	0.0
3.103836464E9	47.13374543411071
3.103837595E9	46.66339607529035
3.103838723E9	0.0
3.10383985E9	0.0
3.1038409725E9	46.923006724303555
3.1038420865E9	58.50309510410805
3.1038431935E9	51.06200997861725
3.1038442975E9	58.51959361393324
3.1038454E9	52.4377923292797
3.1038464995E9	0.0
3.1038475965E9	0.0
3.1038486915E9	0.0
3.103849784E9	56.95571955719557
3.103850874E9	0.0
3.1038519615E9	0.0
3.103853047E9	0.9279112754158965
3.1038541315E9	58.837638376383765
3.103855215E9	47.840217010850544
3.103856298E9	34.024868748273
3.103857379E9	11.847567567567568
3.1038584565E9	0.0
3.103859529E9	58.98971000935454
3.1038605975E9	0.0
3.103861665E9	0.0
3.103862732E9	0.0
3.103863799E9	0.0
3.103864864E9	0.8184931506849316
3.1038659265E9	0.0
3.103866987E9	33.00807609475951
3.1038680455E9	41.603908794788275
3.1038691035E9	42.047326906222615
3.10387016E9	0.9823008849557522
3.1038712145E9	0.0
3.1038722685E9	54.89534161490683
3.103873322E9	0.0
3.103874375E9	0.0
3.1038754275E9	48.86608375517717
3.103876479E9	0.0
3.103877529E9	46.86658749010293
3.103878577E9	53.30650684931507
3.1038796225E9	0.0
3.103880666E9	55.63876651982379
3.103881709E9	47.125516933050186
3.1038827515E9	0.0
3.1038837935E9	0.0
3.103884835E9	0.0
3.1038858755E9	37.767375886524825
3.103886915E9	51.16702355460385
3.1038879535E9	58.108374384236456
3.103888991E9	0.0
3.103890028E9	58.89105058365759
3.103891064E9	22.281574239713773
3.103892095E9	43.724402730375424
3.103893119E9	53.691403379867744
3.10389414E9	49.26485710869305
3.10389516E9	55.12060583395662
3.103896179E9	53.70619423251002
3.1038971965E9	0.0
3.1038982115E9	0.0
3.103899225E9	0.0
3.103900236E9	0.0
3.1039012445E9	0.0
3.103902252E9	0.0
3.1039032575E9	0.0
3.1039042615E9	2.1619479048697623
3.103905265E9	52.82764149430816
3.103906267E9	29.940350877192984
3.1039072675E9	0.0
3.1039082675E9	58.495486459378135
3.1039092675E9	0.0
3.103918732E9	55.79696523945386
3.103932571E9	0.0
3.103941472E9	43.252168646320534
3.1039494115E9	57.171694019131444
3.1039572085E9	0.0
3.103963938E9	2.6105205025541904
3.1039695055E9	43.09075522792237
3.103974766E9	0.0
3.1039797995E9	0.0
3.103984567E9	56.71604614577871
3.1039891115E9	0.0
3.1039934845E9	0.0
3.103997683E9	56.92636321267671
3.104001684E9	56.4756446991404
3.104005458E9	43.62432349637496
3.104009178E9	0.0
3.1040128475E9	0.0
3.104016433E9	59.39479123604795
3.104019926E9	58.86871508379888
3.104023359E9	0.0
3.104026758E9	0.0
3.1040301305E9	13.88432157148054
3.104033452E9	0.0
3.104036731E9	27.374042216902797
3.1040399985E9	0.0
3.104043259E9	56.66758351956908
3.1040464995E9	0.0
3.104049674E9	58.13358841341753
3.1040527925E9	0.0
3.1040558995E9	0.0
3.104058987E9	0.0
3.104062054E9	59.07513918925137
3.104065115E9	59.47006869479882
3.1040681395E9	58.3601108033241
3.1040711275E9	53.74512185248158
3.1040740845E9	0.0
3.1040770095E9	22.499224505622333
3.104079908E9	58.8588506996332
3.104082775E9	57.9921851517884
3.1040856295E9	59.04468412942989
3.104088461E9	44.14418864412038
3.10409126E9	58.777231201686575
3.1040940205E9	0.0
3.1040967325E9	58.97348323134576
3.1040994055E9	58.67530528652911
3.104102056E9	49.682912507339985
3.1041046865E9	0.0
3.104107298E9	58.512302117108526
3.104109892E9	36.623594851185274
3.1041124505E9	0.0
3.1041149735E9	0.0
3.1041174795E9	0.846286701208981
3.10411997E9	54.90630323679727
3.1041224495E9	54.3252427184466
3.104124925E9	0.0
3.104127395E9	53.893006575014944
3.1041298495E9	45.66101438304315
3.1041322855E9	0.0
3.104134709E9	0.0
3.1041371215E9	44.156783382336094
3.104139523E9	28.017261284075673
3.1041418965E9	55.83359062321326
3.104144241E9	22.034605705309875
3.1041465705E9	55.381405054486436
3.104148885E9	57.71148225469729
3.1041511915E9	0.0
3.1041534905E9	57.52163119493809
3.104155772E9	55.19281168101835
3.10415804E9	54.02573785600288
3.1041603025E9	0.0
3.1041625525E9	59.0
3.1041647915E9	52.000833173107736
3.1041670245E9	57.989035009137496
3.104169246E9	0.0
3.104171456E9	0.0
3.104173654E9	5.280130215173321
3.104175845E9	56.21816976127321
3.1041780355E9	0.0
3.1041802225E9	58.07168145113171
3.1041823975E9	35.68848941780376
3.104184563E9	45.47130078672271
3.1041867265E9	0.0
3.1041888805E9	23.215409093690717
3.1041910115E9	58.9423614997202
3.1041931255E9	0.0
3.1041952355E9	0.0
3.1041973425E9	47.36707947577251
3.1041994485E9	58.13793103448276
3.1042015545E9	35.11286246541408
3.104203656E9	0.0
3.104205745E9	59.67505575023893
3.1042078145E9	54.81405130767949
3.104209871E9	56.76262245666918
3.1042119255E9	57.70434782608696
3.104213971E9	57.37205151705176
3.1042160055E9	0.0
3.1042180375E9	45.862225405921684
3.1042200635E9	0.0
3.1042220825E9	0.0
3.1042240985E9	58.29181494661922
3.104226106E9	0.0
3.104228107E9	51.15128974205159
3.104230103E9	0.0
3.1042320935E9	0.0
3.10423408E9	6.9185454545454546
3.104236062E9	58.13199653235837
3.104238043E9	0.0
3.104240023E9	50.1861320259149
3.104241994E9	57.870712088951976
3.1042439415E9	0.0
3.104245872E9	51.48863636363637
3.104247777E9	55.518672199170126
3.1042496545E9	57.32178676130227
3.104251516E9	0.0
3.104253365E9	23.46044531761624
3.104255206E9	0.0
3.1042570385E9	59.16439104314582
3.1042588675E9	41.19784484336673
3.1042606875E9	8.879168239371376
3.1042625015E9	57.4352648075223
3.104264304E9	57.57995384108144
3.104266094E9	0.0
3.1042678815E9	0.0
3.1042696635E9	0.0
3.1042714405E9	11.801006289308177
3.1042732095E9	59.21052631578947
3.1042749695E9	0.0
3.104276727E9	0.0
3.1042784825E9	0.0
3.1042802355E9	58.96031856923292
3.104281987E9	34.625061491538766
3.104283737E9	41.50262927256792
3.1042854805E9	0.0
3.104287214E9	23.25999053314635
3.1042889415E9	56.30511020810245
3.1042906625E9	56.929503916449086
3.1042923765E9	57.39631537588405
3.104294088E9	30.357270059870082
3.104295795E9	0.0
3.1042974975E9	59.01550910316925
3.104299198E9	2.091364933894231
3.1043008905E9	52.109347048300535
3.1043025755E9	41.90192736331454
3.1043042575E9	58.63514376996805
3.1043059365E9	54.86723348593852
3.1043076145E9	0.0
3.104309292E9	56.610131416376504
3.1043109685E9	56.347779939854945
3.1043126425E9	36.76508572289598
3.104314313E9	0.0
3.1043159815E9	50.06656804733728
3.104317647E9	0.0
3.1043193085E9	0.0
3.1043209685E9	59.13737297704178
3.1043226275E9	58.33004754725734
3.1043242845E9	54.379746835443036
3.1043259405E9	58.12912692589875
3.1043275945E9	0.0
3.104329244E9	0.0
3.10433089E9	13.636690647482014
3.104332533E9	0.9381868131868132
3.1043341725E9	41.20771001150748
3.104335808E9	58.22122150295525
3.1043374375E9	37.75581145071029
3.1043390575E9	59.08822287885184
3.1043406705E9	0.0
3.104342279E9	0.0
3.104343883E9	48.87843520782396
3.104345484E9	45.59205548549811
3.104347078E9	0.0
3.1043486665E9	57.77237569060773
3.104350253E9	0.0
3.1043518375E9	58.0146537461593
3.1043534215E9	52.8793168193469
3.1043550035E9	0.0
3.1043565795E9	47.20272479564033
3.1043581505E9	52.78349836721795
3.10435972E9	51.9285
3.1043612885E9	35.08268598745145
3.104362856E9	0.0
3.104364422E9	56.935047361299056
3.104365984E9	58.07568954457986
3.104367543E9	31.70622568093385
3.1043691005E9	0.0
3.1043706555E9	54.81087174348698
3.104372207E9	0.0
3.1043737525E9	0.0
3.104375294E9	57.40345110928513
3.1043768335E9	0.0
3.104378371E9	47.39070567986231
3.104379907E9	0.0
3.1043814395E9	59.73063973063973
3.1043829685E9	0.0
3.1043844935E9	52.266844965921834
3.1043860115E9	0.0
3.104387523E9	0.0
3.104389031E9	33.52595410479813
3.1043905345E9	2.5213815789473686
3.104392034E9	0.0
3.104393533E9	0.0
3.104395031E9	58.06423516603157
3.1043965275E9	0.0
3.1043980195E9	59.516129032258064
3.1043995065E9	0.9487179487179487
3.104400992E9	0.0
3.104402475E9	47.392131979695435
3.104403955E9	52.467270601987146
3.1044054305E9	58.840019333011114
3.1044069025E9	52.18739499604247
3.1044083735E9	58.55143187363554
3.1044098415E9	58.84403669724771
3.104411307E9	0.0
3.10441277E9	0.0
3.1044142295E9	58.37737789203085
3.104415687E9	12.662526790130242
3.1044171395E9	0.0
3.104418587E9	0.0
3.1044200325E9	0.9782068965517241
3.104421476E9	40.219803600654664
3.104422919E9	0.0
3.1044243595E9	0.0
3.1044257945E9	32.69309597319845
3.1044272255E9	1.963071512309496
3.1044286555E9	0.0
3.104430085E9	0.0
3.104431514E9	0.0
3.104432943E9	57.85326376317751
3.1044343705E9	0.0
3.1044357965E9	0.0
3.1044372195E9	57.63106348657679
3.1044386375E9	58.919567827130855
3.1044400535E9	0.0
3.104441469E9	52.00661221314664
3.104442884E9	32.12132615324726
3.1044442985E9	0.0
3.104445712E9	0.0
3.1044471235E9	0.0
3.104448531E9	54.88167308750688
3.1044499345E9	59.08921548333678
3.1044513345E9	0.9413027916964924
3.104452732E9	0.0
3.104454128E9	0.0
3.1044555215E9	0.0
3.1044569115E9	37.29382568989478
3.1044582985E9	0.0
3.1044596825E9	0.0
3.104461064E9	59.0625
3.104462444E9	0.0
3.1044638215E9	24.077629662820655
3.1044651965E9	37.90469233036313
3.1044665705E9	55.92581651075004
3.104467944E9	0.0
3.104469317E9	0.0
3.1044706895E9	57.786970010341264
3.1044720605E9	0.0
3.104473429E9	0.0
3.104474795E9	0.0
3.1044761595E9	54.826623141095396
3.104477522E9	0.0
3.104478883E9	49.23114956736712
3.104480241E9	0.0
3.104481596E9	28.72126960963152
3.1044829505E9	0.0
3.104484304E9	35.514121800529566
3.104485655E9	0.9012841091492777
3.104487002E9	0.0
3.1044883465E9	58.95165987186954
3.10448969E9	0.0
3.1044910305E9	0.0
3.1044923685E9	51.16379310344828
3.1044937065E9	0.0
3.1044950435E9	0.0
3.104496378E9	30.393991416309014
3.104497711E9	0.0
3.1044990435E9	0.0
3.1045003715E9	24.617214532871973
3.104501695E9	56.451174529217624
3.104503018E9	55.47928709055876
3.1045043395E9	0.0
3.1045056595E9	0.0
3.104506978E9	0.0
3.1045082945E9	0.0
3.1045096045E9	49.306967657911876
3.1045109085E9	0.0
3.104512212E9	58.66748920419494
3.1045135145E9	0.0
3.104514816E9	0.0
3.1045161165E9	58.89992360580596
3.1045174155E9	42.06677475529935
3.104518713E9	0.9255813953488372
3.104520009E9	0.0
3.1045212985E9	0.0
3.104522582E9	35.62966675018792
3.104523865E9	33.22745344214271
3.104525146E9	58.605967684868496
3.1045264245E9	0.0
3.104527699E9	23.79046874547613
3.10452897E9	0.0
3.1045302395E9	0.0
3.1045315055E9	29.549294030220462
3.104532769E9	37.73504983388705
3.1045340315E9	59.26733536851287
3.104535293E9	19.012727272727272
3.1045365535E9	56.67891891891892
3.104537813E9	3.080940850916638
3.104539072E9	0.0
3.1045403305E9	0.0
3.1045415875E9	58.733377659574465
3.104542842E9	44.62938881664499
3.1045440925E9	0.0
3.1045453405E9	0.0
3.1045465875E9	0.0
3.1045478335E9	0.0
3.1045490785E9	0.0
3.1045503195E9	52.87438118811881
3.1045515575E9	56.46393972012917
3.1045527945E9	57.80731581658939
3.1045540295E9	34.46110210696921
3.1045552635E9	0.0
3.104556496E9	0.0
3.104557727E9	0.0
3.1045589575E9	58.86146682188591
3.1045601875E9	0.0
3.1045614165E9	34.30406820221358
3.104562644E9	0.0
3.1045638685E9	0.0
3.1045650905E9	9.25338078291815
3.104566312E9	49.62168978562421
3.104567533E9	0.0
3.1045687535E9	4.329090909090909
3.1045699725E9	19.711401425178146
3.1045711905E9	0.0
3.1045724075E9	0.0
3.1045736235E9	0.0
3.1045748375E9	58.51008794619762
3.1045760485E9	10.196078431372548
3.104577258E9	0.0
3.1045784665E9	57.75050268096515
3.1045796745E9	0.0
3.1045808815E9	0.0
3.104582087E9	56.774744027303754
3.104583292E9	0.0
3.1045844955E9	0.0
3.1045856965E9	0.0
3.104586896E9	0.0
3.1045880945E9	59.594124468496325
3.1045892925E9	57.81818181818182
3.1045904905E9	0.0
3.104591687E9	34.15580155801558
3.1045928815E9	0.0
3.104594074E9	0.0
3.104595264E9	0.0
3.1045964525E9	57.712615684364344
3.1045976365E9	58.84090909090909
3.1045988165E9	59.06438631790744
3.104599996E9	0.0
3.1046011715E9	43.20670995670996
3.1046023415E9	0.0
3.1046035085E9	25.201437793427232
3.10460467E9	0.0
3.1046058265E9	57.91959157626037
3.1046069825E9	49.565848030328006
3.104608138E9	58.93992932862191
3.1046092925E9	0.0
3.1046104465E9	59.14831437219497
3.104611598E9	58.7855421686747
3.104612744E9	0.0
3.104613887E9	59.04
3.1046150285E9	47.09218436873748
3.104616167E9	44.96042216358839
3.104617303E9	16.765759559076816
3.104618438E9	10.000593706708885
3.104619573E9	0.8563432835820896
3.104620704E9	45.66544117647059
3.104621831E9	51.74574018126888
3.1046229575E9	53.01143168209037
3.104624082E9	41.35818005808325
3.104625205E9	59.388122375524894
3.104626328E9	0.0
3.1046274505E9	56.843235504652824
3.1046285725E9	57.459789240155295
3.104629694E9	45.7062527138515
3.104630815E9	0.9411196911196911
3.104631935E9	8.274193548387096
3.104633054E9	32.3336875664187
3.104634173E9	58.76923076923077
3.1046352915E9	0.0
3.104636408E9	0.0
3.1046375185E9	35.49395465994962
3.1046386245E9	59.49305974652987
3.1046397295E9	0.0
3.1046408325E9	0.0
3.104641934E9	55.48201832353343
3.1046430335E9	3.74555659494855
3.1046441315E9	0.0
3.1046452285E9	0.0
3.1046463245E9	0.0
3.10464742E9	51.03264331210191
3.104648514E9	52.67139052691649
3.1046496055E9	0.9333639705882353
3.104650695E9	0.0
3.104651783E9	40.9625567322239
3.10465287E9	0.0
3.104653956E9	58.419243986254294
3.104655041E9	53.720007503986494
3.104656126E9	0.9251401120896717
3.10465721E9	0.0
3.1046582915E9	46.888319873941306
3.1046593715E9	15.495965900441467
3.104660451E9	37.986888552697934
3.10466153E9	0.0
3.104662609E9	43.73845417564011
3.104663686E9	36.69316957552252
3.1046647605E9	58.02672147995889
3.104665834E9	0.0
3.1046669055E9	0.0
3.1046679745E9	40.61776706231454
3.104669042E9	57.21854304635762
3.1046701085E9	0.8909090909090909
3.1046711745E9	0.0
3.1046722405E9	43.15831004762092
3.104673305E9	58.95712630359212
3.104674368E9	35.30810463121784
3.104675431E9	27.280177648871568
3.1046764935E9	0.0
3.1046775535E9	0.0
3.1046786105E9	58.97689028494503
3.1046796645E9	59.199157007376186
3.104680716E9	59.313929313929314
3.104681767E9	0.0
3.1046828175E9	0.0
3.1046838665E9	11.837700145560408
3.1046849135E9	0.7955974842767296
3.1046859595E9	7.780306345733042
3.104687005E9	0.0
3.104688049E9	0.9698795180722891
3.1046890895E9	0.9292035398230089
3.1046901265E9	57.24292023902312
3.104691162E9	0.9431216931216931
3.104692197E9	58.56304985337243
3.104693232E9	51.501962983735275
3.104694266E9	59.1432720232333
3.1046952985E9	0.0
3.10469633E9	0.0
3.1046973585E9	47.09190109751482
3.1046983845E9	59.318058812917194
3.1046994105E9	0.0
3.104700435E9	45.8348807313241
3.1047014575E9	44.52741702741703
3.1047024785E9	60.0
3.1047034985E9	0.0
3.1047045185E9	58.86293521375055
3.104705538E9	0.0
3.1047065565E9	39.99226285108638
3.1047075745E9	0.0
3.104708592E9	0.0
3.104709608E9	58.63803180644285
3.104710623E9	0.0
3.104711638E9	0.9388560157790927
3.1047126525E9	2.6015625
3.1047136665E9	0.0
3.10471468E9	0.0
3.104715693E9	0.0
3.104716706E9	0.0
3.1047177185E9	58.71156979902227
3.10471873E9	5.343457067866517
3.104719741E9	0.0
3.104720751E9	33.9870297940872
3.1047217595E9	0.0
3.1047227675E9	23.59045956951716
3.104723775E9	0.0
3.104724782E9	0.0
3.104725789E9	54.92617449664429
3.1047267955E9	0.0
3.104727801E9	0.0
3.104728805E9	0.0
3.104729807E9	59.907786885245905
3.1047308075E9	0.0
3.104740963E9	0.0
3.104756475E9	51.29520772626047
3.104767963E9	52.722391830719026
3.104778484E9	57.02845743598095
3.1047881575E9	22.597003148406795
3.1047976135E9	54.71425094472555
3.1048068795E9	54.55254113196803
3.1048160235E9	57.419571358779926
3.104824959E9	45.21079637174264
3.1048336895E9	38.370380847247134
3.1048423175E9	25.571024974573398
3.1048506295E9	53.3476671562966
3.104858538E9	55.55620272972268
3.10486621E9	20.32811948208156
3.104873738E9	0.0
3.104881204E9	46.21719876534679
3.1048886055E9	55.30000126930937
3.104895888E9	54.12656643427889
3.1049030315E9	51.92271565601248
3.1049100215E9	51.791927710843375
3.104916928E9	16.554808294905012
3.1049238165E9	44.951269100259985
3.104930685E9	45.039544383266104
3.1049375335E9	49.7747482519822
3.1049443175E9	0.8034685780110074
3.1049510255E9	58.59988481321868
3.104957646E9	24.626640926640928
3.1049641205E9	24.385950649796758
3.104970491E9	15.324397244546498
3.104976811E9	56.83651525714592
3.1049830915E9	29.72741899274115
3.104989311E9	42.49659406483107
3.104995483E9	37.939170106452316
3.1050016285E9	39.70510669204568
3.105007741E9	26.348409410512712
3.105013843E9	46.277327241576245
3.105019839E9	52.413319374412445
3.1050257E9	45.48999677715249
3.105031511E9	36.532339148044194
3.1050372955E9	0.0
3.105043063E9	0.0
3.1050488005E9	55.73610593780906
3.1050545125E9	53.93590281314599
3.1050601615E9	53.99971476653641
3.1050657395E9	52.92233836257863
3.1050713015E9	30.01356458428393
3.1050767895E9	31.449941755112608
3.105082186E9	47.40964553936172
3.1050875235E9	57.58937804044546
3.105092801E9	58.169804303044174
3.105098007E9	54.71252277555437
3.1051031505E9	52.47181814498156
3.1051082045E9	51.53343621399177
3.105113172E9	59.28703021370671
3.105118124E9	43.53264036131078
3.105123046E9	47.34561357544489
3.105127928E9	0.0
3.105132784E9	52.58311711461903
3.1051375455E9	42.62375515061695
3.105142205E9	47.063119958046485
3.1051468215E9	32.483875573686895
3.105151389E9	34.76150999259808
3.1051559265E9	30.744191765998263
3.105160444E9	58.793543269952195
3.105164943E9	47.511040212275326
3.1051694125E9	4.647958196245404
3.1051738415E9	51.68927660930529
3.105178253E9	26.295189383466962
3.1051826085E9	50.80729755939874
3.1051869095E9	56.145841652448546
3.105191198E9	53.1526519835567
3.105195423E9	0.0
3.105199594E9	42.97028806584362
3.1052037465E9	8.770450503852993
3.105207865E9	45.424048030265645
3.10521196E9	0.0
3.105216012E9	49.09760336932179
3.1052200195E9	5.898305084745763
3.105224006E9	44.18473966947797
3.1052278585E9	58.45358053103055
3.105231579E9	51.01860274952727
3.1052352765E9	36.53526124089425
3.1052389575E9	50.102243442475576
3.105242632E9	57.41885922796236
3.1052463045E9	56.31624649859944
3.105249957E9	44.70560068405302
3.10525359E9	54.222920344791774
3.105257213E9	13.214706559103048
3.105260822E9	8.31856341956231
3.1052644205E9	49.508476590350945
3.1052680095E9	26.689194922168195
3.1052715945E9	5.935828877005347
3.105275175E9	55.07007899719266
3.105278732E9	31.613968253968252
3.1052822555E9	39.66139399622216
3.105285765E9	0.0
3.1052892635E9	54.91306928556011
3.105292744E9	32.59628154050465
3.105296203E9	0.0
3.105299639E9	57.17726747421136
3.10530305E9	52.268354430379745
3.105306431E9	52.234899990146815
3.105309783E9	57.2712723718771
3.1053131135E9	59.24388705316912
3.105316433E9	56.95574997896862
3.105319747E9	42.99223065250379
3.105323045E9	53.1966330895543
3.1053263115E9	18.734354194407455
3.10532956E9	0.9842072015161086
3.105332802E9	54.122707116722
3.105336038E9	15.672354948805461
3.1053392555E9	51.23642752224878
3.105342453E9	57.06968792018976
3.105345638E9	20.358817145957676
3.1053488045E9	57.90835485259307
3.105351955E9	40.80246913580247
3.105355096E9	49.07160503509666
3.1053582345E9	55.58473114908293
3.1053613715E9	0.0
3.1053645055E9	0.0
3.1053676375E9	50.81561315119722
3.105370751E9	54.146056782334384
3.1053738455E9	59.34564431955038
3.105376939E9	47.97176501545951
3.105380015E9	0.0
3.105383037E9	46.75173763064408
3.105386017E9	0.0
3.105388988E9	42.72325010776219
3.105391952E9	0.0
3.10539491E9	49.723537247668816
3.105397855E9	51.57833042927293
3.105400789E9	21.903733015566097
3.10540371E9	49.22074029671812
3.1054066165E9	39.967507274490785
3.1054095145E9	54.702959793486336
3.1054124035E9	33.61143407774495
3.105415289E9	50.9587092297016
3.1054181705E9	0.8713550600343053
3.105421047E9	37.6646658259773
3.105423915E9	58.12565995868085
3.1054267735E9	51.04231045634208
3.1054296205E9	42.5812312954254
3.10543244E9	46.35364073047379
3.105435239E9	52.896728629488976
3.1054380315E9	55.48344699318041
3.105440812E9	45.71022199713008
3.105443576E9	0.0
3.1054463305E9	2.2271169848262358
3.105449079E9	56.78391182924396
3.105451813E9	47.90659470161214
3.1054545365E9	54.67910539668465
3.1054572385E9	24.325188830395973
3.105459914E9	16.750822067957618
3.10546258E9	17.85659603731721
3.1054652375E9	38.57806533213339
3.105467887E9	57.42686061290778
3.105470528E9	58.62901674042717
3.105473162E9	0.9160260201064458
3.105475793E9	42.57366269408394
3.1054784135E9	29.646025688374575
3.105481019E9	35.26760927443327
3.1054836015E9	52.658866575901975
3.1054861625E9	36.50134663341646
3.105488716E9	58.27875
3.105491267E9	24.118465880505426
3.1054938115E9	43.22583881395608
3.1054963495E9	0.0
3.105498881E9	0.9855936413313463
3.1055013925E9	33.541463414634144
3.1055038895E9	0.0
3.105506379E9	31.311827956989248
3.105508858E9	49.89472147895889
3.10551133E9	57.64640608094987
3.105513792E9	59.437682153265904
3.1055162415E9	0.0
3.105518682E9	43.09266443569165
3.105521118E9	56.83338494890059
3.105523549E9	55.01257274867831
3.105525972E9	46.041742882604005
3.105528388E9	34.86631534569983
3.1055308005E9	37.98733328865357
3.1055332065E9	38.68810667211607
3.105535606E9	54.63883248730964
3.1055380035E9	51.95146219069043
3.105540398E9	31.43418877147581
3.1055427875E9	58.3636934016522
3.1055451725E9	5.373173970783532
3.1055475555E9	45.00365682137834
3.1055499375E9	56.91520979020979
3.105552312E9	19.419050517346317
3.1055546785E9	51.08881083793276
3.1055570425E9	56.40428639466582
3.105559404E9	49.858422576951575
3.105561761E9	42.89426753409804
3.105564112E9	22.678981677246604
3.1055664605E9	48.52463352805026
3.1055688045E9	40.94922179711006
3.105571144E9	26.04296783282461
3.1055734815E9	45.70969617676988
3.105575816E9	29.34970330601865
3.1055781475E9	37.528553027050236
3.105580476E9	47.13299125168237
3.1055827985E9	46.41108061589989
3.105585104E9	37.85975525917778
3.1055873965E9	56.85393513268315
3.105589686E9	40.878703776092564
3.1055919665E9	42.74122934183821
3.1055942405E9	22.338866225910817
3.105596511E9	52.29026937877955
3.1055987745E9	14.758409785932722
3.105601033E9	22.680115273775215
3.1056032815E9	56.294618644067796
3.105605521E9	29.231594246479226
3.1056077565E9	25.14431155071804
3.1056099875E9	39.89814923965578
3.1056122175E9	0.0
3.1056144435E9	0.0
3.1056166625E9	0.0
3.1056188775E9	25.915257113763648
3.1056210895E9	0.9842889206284432
3.105623296E9	5.801351351351351
3.105625496E9	43.74979670982673
3.1056276925E9	31.76180101670298
3.1056298885E9	55.814340035720456
3.105632076E9	46.28209346249924
3.1056342545E9	31.30529440870856
3.1056364325E9	23.471249270286048
3.1056386075E9	0.0
3.1056407785E9	56.51917593670937
3.105642947E9	37.33454800280308
3.105645114E9	0.0
3.105647276E9	39.985981757081134
3.105649431E9	34.99896308585649
3.105651583E9	0.0
3.105653732E9	59.017288444040034
3.105655878E9	35.80283073172384
3.1056580215E9	40.586869495596474
3.1056601635E9	41.24776985107867
3.1056623025E9	18.202688439950446
3.1056644355E9	35.11536553664157
3.1056665645E9	33.1322162586726
3.1056686915E9	58.82576329701154
3.1056708175E9	0.0
3.10567294E9	50.89696106362773
3.105675053E9	35.32984513326014
3.105677152E9	52.7574973630156
3.105679241E9	25.092462504753506
3.1056813275E9	24.19281349114257
3.105683412E9	52.2846367744178
3.105685491E9	23.75875770353552
3.105687566E9	25.7298937784522
3.1056896395E9	38.40403791702573
3.1056917095E9	26.89073905652561
3.105693777E9	33.721502209131074
3.105695838E9	0.0
3.105697891E9	49.1721731037692
3.1056999415E9	45.242849585611005
3.105701983E9	48.8663117581552
3.1057040115E9	58.239683647359854
3.1057060315E9	1.9015817223198594
3.105708045E9	42.41636609558161
3.105710055E9	21.665300976993382
3.105712061E9	37.18731887678625
3.105714063E9	20.308313590351066
