#Position (bp)	mapping quality
3882144.5	54.916918230991854
1.16464325E7	57.29110569027083
1.94107205E7	57.80183443181527
2.71750085E7	58.57867815027064
3.49392965E7	58.572738274384015
4.27035845E7	58.58098455423707
5.04678725E7	58.606445500106965
5.82321605E7	58.54416694790621
6.59964485E7	58.54131298316735
7.37607365E7	58.574602811434524
8.15250245E7	58.546076056208975
8.92893125E7	58.58075018894382
9.70536005E7	58.614752433690526
1.048178885E8	56.89061751023373
1.125821765E8	58.43519100087775
1.203464645E8	18.97131348882477
1.281107525E8	10.47235764152025
1.358750405E8	0.0
1.436393285E8	29.216711695895476
1.514036165E8	53.2576237944393
1.591679045E8	57.882960527602876
1.669321925E8	58.57296331892462
1.746964805E8	58.58152414929253
1.824607685E8	58.561662751441844
1.902250565E8	58.6074758298002
1.979893445E8	58.55419176729732
2.057536325E8	58.02945379347719
2.135179205E8	58.58452900734825
2.212822085E8	58.45767659215113
2.290464965E8	56.55229665920244
2.368107845E8	58.55353354580196
2.445750725E8	58.31288678984405
2.487068195E8	52.09984140415098
2.525889635E8	58.34252063564331
2.601036485E8	58.531130719495806
2.678679365E8	58.55052672765415
2.756322245E8	58.565436721974834
2.833965125E8	58.25785266767078
2.911608005E8	58.570256116948265
2.989250885E8	58.592712201023
3.066893765E8	58.58271337016925
3.144536645E8	58.58641845216584
3.222179525E8	58.49270502814924
3.299822405E8	58.58045242583082
3.377465285E8	41.78553488060428
3.455108165E8	53.43716405836679
3.532751045E8	58.17265137878195
3.610393925E8	52.825260305909275
3.688036805E8	58.54469161698907
3.765679685E8	56.96827162812387
3.843322565E8	58.32544692136089
3.920965445E8	58.60009663408686
3.998608325E8	58.52033480564108
4.076251205E8	58.57629096190092
4.153894085E8	58.504851207073465
4.231536965E8	58.55389550140299
4.309179845E8	58.60341878764257
4.386822725E8	58.58499833781338
4.464465605E8	58.599656651037776
4.542108485E8	58.63358626665027
4.619751365E8	58.58016875766351
4.697394245E8	58.56420066736163
4.775037125E8	58.549742328175164
4.852680005E8	58.47544127700754
4.90150048E8	57.839301517933116
4.94032192E8	58.502276173138235
5.007965765E8	58.545895990868445
5.085608645E8	58.60258139698955
5.163251525E8	58.5878520322128
5.240894405E8	58.58886378141511
5.318537285E8	58.559039844399685
5.396180165E8	58.586814918929505
5.473823045E8	58.5904918744367
5.551465925E8	58.58527357935714
5.629108805E8	58.55883828612302
5.706751685E8	58.41764191488295
5.784394565E8	53.45631306767381
5.862037445E8	40.79234957118407
5.939680325E8	58.5798376237166
6.017323205E8	58.569055719961135
6.094966085E8	58.601186078636964
6.172608965E8	58.44098824122027
6.250251845E8	58.50693487499509
6.327894725E8	58.5893121035406
6.405537605E8	58.5224957576055
6.483180485E8	58.62817986173702
6.560823365E8	58.56700282938676
6.638466245E8	58.59239726120973
6.716109125E8	58.615112732704894
6.793752005E8	58.373930116037336
6.863514275E8	57.68898809663332
6.902335715E8	56.93809732741412
6.949037765E8	57.614119360427395
7.026680645E8	58.3368240223767
7.104323525E8	58.46895763443371
7.181966405E8	58.57075546752947
7.259609285E8	58.59132730264894
7.337252165E8	58.56337774196904
7.414895045E8	28.972367637968567
7.492537925E8	58.47800268492289
7.570180805E8	58.53552760736514
7.647823685E8	58.54801128025849
7.725466565E8	58.56912168374982
7.803109445E8	58.52728145352701
7.880752325E8	58.60291253030963
7.958395205E8	58.574418727924446
8.036038085E8	58.586937461460295
8.113680965E8	58.540019750764685
8.191323845E8	58.41781667164009
8.268966725E8	58.52079746687537
8.346609605E8	58.58931118133582
8.424252485E8	58.585318174295566
8.501895365E8	58.596982392832274
8.579538245E8	58.49903894078729
8.657181125E8	58.598085382026476
8.734824005E8	58.43910929317118
8.78512305E8	53.20071028201366
8.82394449E8	58.262525253792454
8.890109765E8	58.500210327964794
8.967752645E8	58.07003175820617
9.045395525E8	58.53415316147453
9.123038405E8	58.49527956563383
9.200681285E8	58.58529682232047
9.278324165E8	41.22252456798553
9.355967045E8	58.55710466342334
9.433609925E8	58.594974937398696
9.511252805E8	51.8455954016059
9.588895685E8	58.56364053867419
9.666538565E8	58.59337529331057
9.744181445E8	58.57415985992179
9.821824325E8	58.47910155134587
9.899467205E8	58.53900782854334
9.977110085E8	58.58497786862288
1.0054752965E9	58.56062828482864
1.0132395845E9	58.60281538960691
1.0210038725E9	58.56585662234458
1.0287681605E9	58.50922114854433
1.0365324485E9	58.52609425491034
1.0442967365E9	58.570131865622564
1.0520610245E9	57.85163207713976
1.0585707465E9	56.299784813514876
1.0624528905E9	57.89547014774276
1.0675896005E9	58.54828176238516
1.0753538885E9	58.589169364878884
1.0831181765E9	58.554421427694436
1.0908824645E9	57.503639092273495
1.0986467525E9	58.55312922603585
1.1064110405E9	58.56605332588884
1.1141753285E9	58.57490257873082
1.1219396165E9	34.83642539486366
1.1297039045E9	58.578536251090334
1.1374681925E9	58.57309064622679
1.1452324805E9	58.57313451122313
1.1529967685E9	58.63080565851468
1.1607610565E9	58.61793181967516
1.1685253445E9	58.59924495429308
1.1762896325E9	58.58010242265344
1.1840539205E9	58.5969962504602
1.1918182085E9	58.54005642279814
1.1995824965E9	58.60543293541202
1.2073467845E9	58.610091193295766
1.2151110725E9	58.5528281835391
1.2228753605E9	58.11828080015614
1.229380904E9	57.71930641112896
1.233263048E9	57.755658957289754
1.2384039365E9	57.953309659377716
1.2461682245E9	58.620329713669804
1.2539325125E9	58.53906665362899
1.2616968005E9	58.457965499052044
1.2694610885E9	58.52183293687473
1.2772253765E9	58.546231361691504
1.2849896645E9	57.89947752792295
1.2927539525E9	27.802996362757632
1.3005182405E9	57.73109843128689
1.3082825285E9	53.89027531469221
1.3160468165E9	58.61306042621444
1.3238111045E9	58.62009314929296
1.3315753925E9	56.019632892468714
1.3393396805E9	58.60007851289139
1.3471039685E9	58.569693926332796
1.3548682565E9	58.5584068807537
1.3626325445E9	58.556957173885024
1.3703968325E9	58.57412988366459
1.3781611205E9	56.04005889787503
1.3859254085E9	58.27988799574702
1.3905789145E9	57.922135342855725
1.3944610585E9	56.76390723775468
1.4014539845E9	53.00047891546925
1.4092182725E9	58.57385792934622
1.4169825605E9	58.52577144856472
1.4247468485E9	58.56609963202957
1.4325111365E9	46.53309345171365
1.4402754245E9	52.56870798354949
1.4480397125E9	58.57966296555986
1.4558040005E9	58.62393842353911
1.4635682885E9	58.47504254171093
1.4713325765E9	58.60931733311119
1.4790968645E9	53.238455075121514
1.4868611525E9	58.608377231277025
1.4946254405E9	58.62745461399737
1.5023897285E9	58.61223259367383
1.5101540165E9	58.6128733433177
1.5179183045E9	58.50795695952622
1.5256825925E9	58.53257094813049
1.5330268245E9	58.36675599060591
1.5369089685E9	56.72358961735048
1.5412111685E9	58.548743525533176
1.5489754565E9	58.59810261947557
1.5567397445E9	58.607169100602455
1.5645040325E9	58.601736332846386
1.5722683205E9	55.84252302205739
1.5800326085E9	25.219420631402457
1.5877968965E9	0.0
1.5955611845E9	17.752606509510528
1.6033254725E9	36.19932729675671
1.6110897605E9	58.58318923436097
1.6188540485E9	58.497048159977865
1.6266183365E9	58.49718374640749
1.6343826245E9	58.465694587569594
1.6421469125E9	58.573794896374395
1.6499112005E9	58.328668941393715
1.6576754885E9	58.57470173081156
1.6654397765E9	58.52007075066382
1.672102775E9	57.2341359116905
1.675984919E9	57.41505204266354
1.6809683525E9	58.47284291165123
1.6887326405E9	58.57647836242252
1.6964969285E9	58.51651268621084
1.7042612165E9	58.55368063244283
1.7120255045E9	42.74881682472567
1.7197897925E9	42.15371440696776
1.7275540805E9	58.37363428297868
1.7353183685E9	58.5980159701126
1.7430826565E9	58.55169417243104
1.7508469445E9	58.475315924892826
1.7586112325E9	57.97150542651305
1.7663755205E9	58.57655248900769
1.7741398085E9	58.55352406694043
1.7819040965E9	58.50582110402507
1.7896683845E9	58.55944555849437
1.7974326725E9	58.512057647607634
1.804997934E9	56.797869691501035
1.808880078E9	43.98429776596021
1.8129612485E9	57.722994663496216
1.8207255365E9	58.55439995272724
1.8284898245E9	58.569060084240995
1.8362541125E9	58.521578250199305
1.8440184005E9	58.56334509099541
1.8517826885E9	58.56931377867263
1.8595469765E9	28.463840090575108
1.8673112645E9	58.47770629212724
1.8750755525E9	58.490731490299076
1.8828398405E9	58.56107015983107
1.8906041285E9	58.599302620071676
1.8983684165E9	57.346080069158816
1.9061327045E9	58.543970320466
1.9138969925E9	58.60995736486879
1.9216612805E9	58.54768732627613
1.9294255685E9	58.57655628933594
1.9371898565E9	58.53122392983085
1.942419837E9	58.48666469275767
1.946301981E9	58.37276464216983
1.9527184325E9	58.292408918105025
1.9604827205E9	58.60696139752619
1.9682470085E9	58.568031530731474
1.9760112965E9	44.72505667679305
1.9837755845E9	54.364808263925546
1.9915398725E9	58.616577153340785
1.9993041605E9	58.561625528546514
2.0070684485E9	58.61631540955381
2.0148327365E9	58.54799565567945
2.0225970245E9	58.62991896631903
2.0303613125E9	58.579928860522195
2.0381256005E9	58.55155612187621
2.0458898885E9	58.59298694997737
2.0536541765E9	58.599263196938466
2.0614184645E9	58.60620145112006
2.0691827525E9	58.50345162295327
2.0750539395E9	58.260515444387245
2.0789360835E9	0.0
2.0847113285E9	0.0
2.0924756165E9	10.82805492851406
2.1002399045E9	58.582002576467495
2.1080041925E9	58.53640012568759
2.1157684805E9	58.55311854346191
2.1235327685E9	58.535846548374266
2.1312970565E9	57.88926316118555
2.1390613445E9	58.492381506104834
2.1468256325E9	58.58191567702257
2.1545899205E9	58.59946425599016
2.1623542085E9	58.63065875911397
2.1701184965E9	58.59936404350848
2.1778827845E9	58.56643617334409
2.1856470725E9	58.375652884248744
2.1904682635E9	58.24481205154365
2.1943504075E9	0.0
2.2011756485E9	0.0
2.2089399365E9	40.42841523008292
2.2167042245E9	58.541770126776136
2.2244685125E9	58.61489265777813
2.2322328005E9	58.60900686404893
2.2399970885E9	58.616027378821585
2.2477613765E9	58.60083244088635
2.2555256645E9	58.58635900500152
2.2632899525E9	58.618495983794915
2.2710542405E9	58.507568521380925
2.2788185285E9	58.52119203143827
2.2865828165E9	58.5313627103513
2.2943471045E9	58.353350803491466
2.2983401385E9	58.30205102688337
2.3022222825E9	0.0
2.3098756805E9	0.0
2.3176399685E9	22.413903066604487
2.3254042565E9	53.48296111541978
2.3331685445E9	55.696534338515725
2.3409328325E9	58.304140229238236
2.3486971205E9	58.56727489643564
2.3564614085E9	58.57195495230388
2.3642256965E9	58.56203244159623
2.3719899845E9	58.10023640050642
2.3797542725E9	56.8161210041949
2.3875185605E9	58.40351843019599
2.3952828485E9	58.49255857340693
2.399803605E9	54.95788488449331
2.403685749E9	58.212188033683596
2.4108114245E9	58.58469396202638
2.4185757125E9	51.60013208506043
2.4263400005E9	55.07660290069376
2.4341042885E9	37.09412733564793
2.4418685765E9	1.692356968397711
2.4496328645E9	46.69338079137209
2.4573971525E9	58.55646239172297
2.4651614405E9	58.61916321230979
2.4729257285E9	57.75766683003366
2.4806900165E9	58.54773634884069
2.4876763615E9	57.36308769470437
2.4915585055E9	57.253649658904884
2.4962185925E9	58.480275750804424
2.5039828805E9	58.421870597073244
2.5117471685E9	43.524274898371665
2.5195114565E9	49.489628332824246
2.5272757445E9	56.72379248499026
2.5350400325E9	56.72679258933779
2.5428043205E9	58.62602261936431
2.5505686085E9	58.499596622062704
2.5583328965E9	58.35583533003498
2.5660971845E9	58.494270773151506
2.572008666E9	58.143978575973414
2.57589081E9	57.08982017855703
2.5816257605E9	58.52131368696504
2.5893900485E9	30.623561173968334
2.5971543365E9	55.1492810097763
2.6049186245E9	58.609861566183056
2.6126829125E9	58.53471444223792
2.6204472005E9	58.38349241495534
2.6282114885E9	58.559031940839816
2.6359757765E9	58.586276523733936
2.6437400645E9	58.568741544711536
2.6510167485E9	58.27398532820012
2.6548988925E9	50.336673945624085
2.6592686405E9	58.37051807650152
2.6670329285E9	58.301159283026756
2.6747972165E9	58.53791552250557
2.6825615045E9	57.611141609924864
2.6903257925E9	57.33722392623956
2.6980900805E9	58.515954956320705
2.7058543685E9	57.12606244029138
2.7113827085E9	58.423418268879175
2.7152648525E9	58.44530645973789
2.7213829445E9	58.58332592547247
2.7291472325E9	58.57080601356304
2.7369115205E9	37.19577987574036
2.7446758085E9	44.8581369696863
2.7524400965E9	58.59234314315879
2.7602043845E9	58.52664005843989
2.7679686725E9	58.57042317859605
2.774661944E9	58.24569717314892
2.778544088E9	0.0
2.7834972485E9	25.036440241740994
2.7912615365E9	53.212501281806226
2.7990258245E9	58.60680102740193
2.8067901125E9	58.603868525805304
2.8145544005E9	58.21020776668661
2.8213097995E9	56.68834507992035
2.8251919435E9	0.0
2.8300829765E9	0.0
2.8378472645E9	39.47048994576786
2.8456115525E9	54.97155321977101
2.8533758405E9	58.55339413431449
2.8611401285E9	58.53798939326098
2.8689044165E9	58.481939560088115
2.8738940415E9	57.9640437050121
2.8777761855E9	57.23386355385525
2.8844329925E9	58.36674225427478
2.8921972805E9	58.58640310519754
2.8999615685E9	58.5982932113383
2.9077258565E9	58.60520618977798
2.9154901445E9	58.49391988234163
2.9232544325E9	56.55778600160793
2.9310187205E9	40.957271360593545
2.9387830085E9	44.217852950959
2.9465472965E9	56.35853524901942
2.9543115845E9	58.574184212726
2.9620758725E9	58.26043138846284
2.9698401605E9	58.45736069364537
2.9776044485E9	56.40285596794308
2.9853687365E9	58.58779103594709
2.9931330245E9	56.66261359625181
3.0008973125E9	58.51825769325355
3.0086616005E9	58.10854541415556
3.0164258885E9	56.81368503818144
3.0241901765E9	57.621366907005175
3.029557369E9	53.387772484267266
3.033439513E9	58.05127441638716
3.0397187525E9	40.19158828300683
3.0474830405E9	46.73898947695581
3.0552473285E9	22.10813005165808
3.0630116165E9	0.0
3.0707759045E9	0.0
3.0785401925E9	0.0
3.0853460845E9	4.7956165503614345
3.088278117E9	57.81801389661427
3.088373929E9	46.84833837204341
3.0884774725E9	52.53818063005847
3.0885573295E9	54.518155139754306
3.0886546005E9	27.63802449736454
3.0887081185E9	39.349236775931786
3.0887493115E9	41.98523696771526
3.088858438E9	32.45304221703057
3.088966832E9	54.720466431365274
3.089008063E9	51.83776920618381
3.089109657E9	2.727363197992672
3.089267292E9	11.48589889793193
3.08942189E9	9.67526837936189
3.089604443E9	36.432658232792036
3.089755642E9	48.26663406562954
3.0898220175E9	20.956839745458886
3.0898610755E9	24.067500758283465
3.089968525E9	40.04419084303549
3.0900764725E9	42.884389157968435
3.090141311E9	10.407646117179599
3.090191469E9	0.0
3.090297168E9	34.03296313920211
3.090503609E9	33.78875904389099
3.0907062205E9	43.945441718488006
3.09089898E9	38.590820949571025
3.091013772E9	54.5769316296975
3.091052607E9	54.367943242843175
3.0911587895E9	50.204052635719776
3.091267064E9	57.509766032812486
3.0915130575E9	7.652511004461213
3.092673561E9	23.759898419239033
3.093702736E9	47.50626277893525
3.093935951E9	34.50325933878412
3.094132646E9	31.893535531218596
3.0942642985E9	10.559797073237956
3.094360447E9	54.34863787719525
3.0944711045E9	16.834235859577685
3.0946435155E9	16.50739409871459
3.094747446E9	39.92204584384156
3.0948598115E9	8.698264046879551
3.0950026905E9	31.75871437323969
3.095104297E9	40.36951078327853
3.095190977E9	14.906717012443144
3.0952465895E9	54.20953863117712
3.0952663465E9	14.670684039087948
3.095268566E9	30.0165767154973
3.0952706195E9	24.646604473868994
3.0952723265E9	44.83551769331586
3.0952838005E9	10.94903796151846
3.0952967465E9	26.99410801365038
3.095299555E9	25.152670644738755
3.0953008775E9	26.614728461757178
3.0953027375E9	8.113350125944585
3.0953043745E9	7.9462486002239645
3.095311073E9	10.930821529745042
3.0953361175E9	5.171201588877855
3.095355552E9	5.563714902807775
3.0953574645E9	9.64990593466735
3.095360032E9	0.937170474516696
3.095361791E9	9.162875916098054
3.095363378E9	25.536899880968125
3.095365611E9	10.50903350289423
3.0953678415E9	27.254752851711025
3.095369933E9	59.52755905511811
3.095371677E9	0.993006993006993
3.09537289E9	0.0
3.0953743225E9	3.9623597538906985
3.095375945E9	16.13547562534234
3.095572656E9	45.56802636615001
3.095769303E9	49.313145954924224
3.0957708065E9	38.331016152116135
3.0957736535E9	52.52031589121639
3.095822105E9	45.621951716743666
3.095924849E9	20.359238903441852
3.095983129E9	53.460723325754
3.095986364E9	24.005737803255943
3.0959887305E9	48.35726186509259
3.0959909825E9	30.952584479764926
3.095993051E9	46.33152902225609
3.0959946765E9	48.84082134082134
3.096006671E9	37.71524445117356
3.0960870785E9	40.31719021899668
3.0961589785E9	54.3944530046225
3.096165879E9	51.015822037165
3.096173123E9	53.78465054177579
3.09617898E9	52.95661508017996
3.096183283E9	52.04532688173331
3.096185859E9	25.32664243190559
3.0961883E9	13.91763891635357
3.0961908755E9	9.953686976515026
3.096192456E9	0.0
3.096238607E9	47.49385662849831
3.0962848625E9	26.830132939438702
3.096286263E9	0.0
3.0962877625E9	46.389150943396224
3.096289947E9	48.77472057133074
3.096292208E9	44.250389004149376
3.0962965075E9	5.121614532100466
3.096315547E9	18.50960546076125
3.0963533005E9	32.35592517908668
3.09637788E9	49.39696922694416
3.096382479E9	54.75597182274655
3.0963879875E9	26.575056252009
3.0963943185E9	29.89008857787708
3.096398918E9	19.544366271133047
3.0964033365E9	32.581621364189985
3.0964070605E9	43.57114312496916
3.0964084065E9	0.0
3.0964096105E9	0.0
3.096411644E9	24.56896831996155
3.0964135175E9	0.0
3.0964147555E9	0.0
3.0964161835E9	0.0
3.0964174105E9	18.59208212891498
3.096418484E9	19.00360730426986
3.096419946E9	46.25254901960784
3.096422275E9	0.975609756097561
3.0964254675E9	17.508533333333332
3.0964313925E9	1.7926435241735292
3.0964360765E9	0.0
3.096437123E9	0.0
3.0964382945E9	0.0
3.096440137E9	11.576591562074702
3.096442099E9	1.56
3.096443439E9	28.400709219858157
3.0964449505E9	2.9872408293460926
3.0964464985E9	0.0
3.0964475915E9	0.0
3.0964489705E9	27.959537572254334
3.0964506065E9	0.0
3.0964522235E9	0.0
3.0964537525E9	0.0
3.0964552355E9	0.98671875
3.09645655E9	32.226686507936506
3.0964580005E9	0.0
3.0964594605E9	0.0
3.096462063E9	13.372192652213423
3.0964647385E9	0.0
3.0964666345E9	7.915418502202643
3.0964687875E9	0.6875
3.096470338E9	0.0
3.0964722525E9	0.8046177726038028
3.096474844E9	0.7406113537117904
3.0964802425E9	56.57616825938201
3.0964880595E9	53.550291142331965
3.0965833285E9	34.15495915525069
3.0967643755E9	52.87135587842657
3.0969348755E9	20.882230108907287
3.097105623E9	43.33976030613167
3.0972741855E9	12.317739322525405
3.0973604055E9	3.096472340462542
3.097450029E9	0.8517019147995626
3.0976374775E9	43.538618477053625
3.0978270425E9	40.36981550049308
3.0979310955E9	37.594671058381905
3.097952041E9	37.965820080702585
3.0979864125E9	53.872636545782115
3.098119023E9	24.79932562850438
3.098265051E9	26.86685868750929
3.098391091E9	53.599397990614506
3.0985448955E9	40.5698089813441
3.0986946915E9	39.013290071837545
3.098783935E9	0.0
3.0988292795E9	36.23683078344985
3.098880847E9	23.014516958768954
3.098919304E9	47.64971999904304
3.0989774605E9	31.19077523892962
3.099052881E9	42.245342802389196
3.0991573655E9	29.851450669277323
3.099319594E9	27.32920804499784
3.0995012675E9	23.598362010086046
3.099670145E9	46.051667481736686
3.09983663E9	0.0
3.0999236415E9	0.0
3.099926258E9	51.0399570793521
3.0999293305E9	53.56020871679697
3.0999317075E9	56.932783652984405
3.099933225E9	59.28188196450681
3.099934473E9	59.5077484047402
3.099935544E9	55.593253012048194
3.099936873E9	54.05638107624777
3.0999392435E9	58.8372630160716
3.0999417715E9	58.845859643718875
3.099944294E9	58.91902428157719
3.099947122E9	13.503362474781438
3.099949542E9	11.443400230400776
3.099951465E9	0.0
3.0999532635E9	0.0
3.0999548975E9	59.5405819295559
3.099956276E9	0.0
3.0999589355E9	59.04348595356518
3.099961492E9	0.0
3.0999627755E9	0.0
3.099966206E9	55.31880500072835
3.099971928E9	58.34795126285411
3.0999763185E9	58.15032523171608
3.0999787225E9	0.0
3.099980804E9	0.0
3.099982934E9	0.0
3.0999846185E9	53.535526315789475
3.0999859675E9	46.04971590909091
3.099987108E9	0.0
3.0999883185E9	47.32553831905534
3.099989888E9	58.25525040387722
3.0999934275E9	57.41005287640657
3.099997199E9	44.22929568594521
3.0999989405E9	59.42614240170032
3.100000503E9	56.78041471571906
3.100002242E9	54.10033576930674
3.100004537E9	57.30638167104859
3.100007437E9	57.9927797833935
3.1000093805E9	51.217930645616015
3.1000104305E9	54.42955745026391
3.100011833E9	51.73547951373255
3.1000136915E9	49.29523034679141
3.1000154645E9	53.86777301927195
3.100017134E9	53.722182748330255
3.1000187915E9	58.97778736251887
3.100020568E9	57.31550522648084
3.1000221625E9	49.23260487314745
3.1000236955E9	53.93586156874935
3.1000264625E9	35.04867891858719
3.100029677E9	56.05283610909969
3.100031578E9	54.4112250404749
3.1000326205E9	59.14025902452466
3.100033658E9	59.327354260089685
3.100035464E9	38.98262926368352
3.1000409715E9	39.2582468367511
3.1000479435E9	16.55184776613348
3.100051797E9	49.96449232249326
3.100053416E9	48.30617508724018
3.10005829E9	53.05785777243029
3.1000639665E9	29.504623295978266
3.1000665115E9	22.584592802000653
3.100068816E9	36.833130328867234
3.100070957E9	55.413006243438865
3.1000725955E9	44.09764846552412
3.10007379E9	36.571866892835764
3.1000757855E9	58.77307274701411
3.1000785755E9	58.08136966126657
3.1000897445E9	58.45631587226679
3.1001009405E9	58.439599731830256
3.1001076425E9	58.33812496974977
3.1001174535E9	0.0
3.10012562E9	58.78888414169747
3.1001304845E9	58.13135264809005
3.1001326025E9	45.09507909573595
3.100134138E9	22.887409360580094
3.100136976E9	58.401608444332744
3.1001412695E9	58.273987933673794
3.1001454075E9	0.0
3.1001489115E9	0.0
3.1001523505E9	57.21361119751166
3.1001553555E9	50.71094351239034
3.1001569595E9	54.8734088683732
3.1001596515E9	2.66046511627907
3.100164687E9	59.125577031738075
3.100169456E9	58.78836847415312
3.100173756E9	58.20656999112163
3.100178605E9	0.0
3.100182461E9	59.064947519846555
3.1001845245E9	21.459363129015617
3.100186698E9	59.13038066290346
3.1001901715E9	57.57407637765891
3.1001926785E9	45.75579476703072
3.1001942255E9	0.0
3.100196577E9	59.20602195905452
3.100199826E9	58.26793456479761
3.1002050385E9	58.61272848998803
3.1002116325E9	58.48716829955178
3.100215983E9	59.29579016971567
3.100218536E9	0.0
3.1002222875E9	0.0
3.100226716E9	0.0
3.100230998E9	58.985972732039855
3.10023432E9	59.216579818113374
3.100237109E9	21.453024621290908
3.100241596E9	58.040675088116494
3.1002465235E9	59.11247164293328
3.100249222E9	55.979643765903305
3.1002504975E9	58.35701223800816
3.1002526125E9	58.59886133359066
3.1002555955E9	58.18044664557252
3.1002585615E9	57.208623429385845
3.1002608765E9	54.02536528345996
3.100264232E9	0.0
3.1002683515E9	0.0
3.1002730005E9	57.02199576949462
3.100276567E9	58.8009610617444
3.1002785615E9	0.0
3.1002805655E9	42.01270263284221
3.1002818545E9	0.0
3.100283864E9	0.0
3.100286221E9	0.0
3.1002886105E9	32.89092055485498
3.100297238E9	0.0
3.100308266E9	0.0
3.1003148695E9	10.053163731245924
3.1003201675E9	0.0
3.100323191E9	52.56823850813636
3.100327556E9	58.80391851967035
3.1003361335E9	0.0
3.100341505E9	46.11433890280619
3.100343284E9	58.86596409681039
3.1003451525E9	58.5556368678504
3.10034797E9	58.7203939383431
3.1003522945E9	58.33881380735129
3.1003595775E9	57.701301038501846
3.100367519E9	58.426823030563604
3.1003726985E9	58.63523286693468
3.1003758895E9	59.15041179020373
3.1003787135E9	58.8967434471803
3.1003813635E9	0.0
3.100384543E9	58.74628943144858
3.100388122E9	27.655521114721175
3.100390936E9	0.0
3.1003962175E9	59.00727948307491
3.1004020815E9	59.11682892906815
3.1004062135E9	42.66651668541432
3.100409423E9	9.743589743589743
3.1004119315E9	57.6718109562676
3.100414125E9	58.67202944986025
3.100417918E9	57.96721217010487
3.100423028E9	58.58330818900489
3.1004269835E9	58.19852832530512
3.1004299135E9	0.0
3.100431937E9	0.0
3.100433132E9	0.0
3.100434876E9	0.0
3.1004377605E9	55.81949241024817
3.1004408225E9	57.77994546301018
3.1004441155E9	59.14357579877634
3.1004490815E9	58.00634491009743
3.100453243E9	0.0
3.1004556705E9	0.0
3.1004587745E9	0.0
3.100461398E9	47.89412292507851
3.100462798E9	0.0
3.1004649905E9	59.092044497371404
3.100471036E9	0.0
3.1004779445E9	58.37382154370172
3.1004820575E9	50.39008488128921
3.100486718E9	58.318507749202496
3.1004910255E9	0.0
3.10049749E9	0.0
3.1005038655E9	0.0
3.1005113075E9	0.0
3.100520375E9	58.68518003614626
3.100524579E9	58.69216154930441
3.100528576E9	58.35795760691879
3.100533401E9	58.95808006707189
3.1005371995E9	58.60965712690813
3.100540127E9	0.0
3.100544135E9	0.0
3.1005486665E9	58.49808660348115
3.1005512115E9	56.699362266493594
3.100552639E9	59.031107588666536
3.1005539095E9	0.0
3.1005560785E9	58.5221452244652
3.100558656E9	57.65751633986928
3.100561947E9	0.0
3.10056789E9	0.0
3.100573138E9	0.0
3.100576513E9	59.34684147794994
3.100580371E9	58.15329512893983
3.100591292E9	14.727624643731472
3.100602639E9	0.0
3.100606305E9	58.29636278155319
3.100608874E9	58.465088679369686
3.1006116575E9	58.81203394188737
3.1006156585E9	58.07155953108506
3.100620518E9	0.0
3.1006254325E9	58.49337281117717
3.1006312815E9	58.27716784264582
3.1006367155E9	44.017588411163516
3.100640534E9	58.666788504591764
3.100643878E9	53.8205737697833
3.100647993E9	0.0
3.1006508345E9	51.39033457249071
3.100653317E9	58.74549611339735
3.1006563755E9	58.260767302016994
3.1006598935E9	56.32485300768883
3.1006649805E9	54.20276940711024
3.1006712605E9	59.11488156229281
3.1006757165E9	59.24221161942184
3.100677201E9	21.1325756698548
3.10067847E9	4.2233948988566405
3.100683289E9	0.0
3.1006885805E9	57.53030663180414
3.100691006E9	59.11597873782598
3.1006942785E9	0.0
3.1006969395E9	0.0
3.1006991355E9	40.013420378481115
3.1007016905E9	46.16392694063927
3.100704182E9	56.78048780487805
3.100706833E9	39.94801344579774
3.100708945E9	59.256019170058195
3.100712266E9	58.81773842575223
3.10071577E9	0.0
3.100717503E9	0.0
3.100719116E9	58.72527329515877
3.1007206285E9	0.0
3.1007221265E9	57.573839662447256
3.100724699E9	58.42156277366452
3.1007268945E9	0.0
3.1007289465E9	0.0
3.1007309285E9	0.0
3.1007330965E9	58.74747839266704
3.1007392415E9	0.0
3.1007470865E9	58.7456378950622
3.1007528755E9	0.0
3.1007561985E9	58.712069887680514
3.1007588475E9	58.980203140191556
3.100761762E9	53.02668239523649
3.1007635275E9	0.0
3.100764747E9	0.0
3.1007667445E9	22.28740697663853
3.1007691425E9	56.11304801159968
3.100772442E9	59.04640890663762
3.100775528E9	54.80510676043845
3.100781116E9	58.16507763735193
3.10079114E9	58.80735488523014
3.100797975E9	57.156374362095605
3.1008007345E9	58.479896194937815
3.100804877E9	58.394767919289876
3.100809349E9	0.0
3.1008114985E9	55.47692307692308
3.1008137425E9	7.852200781418582
3.1008164375E9	1.9088526308891947
3.100825815E9	7.146580405234081
3.100837982E9	4.9258452363776275
3.100842972E9	55.95691955775829
3.1008451085E9	59.09751665657178
3.10084822E9	57.67616205883724
3.1008510465E9	56.88152295632699
3.100852321E9	0.0
3.1008571395E9	58.08444427369473
3.1008619615E9	0.0
3.1008648315E9	58.861876277386514
3.100868278E9	59.119641576090636
3.100873156E9	48.29938919329419
3.1008795525E9	51.71523281851454
3.100884274E9	43.58686427009785
3.10088846E9	24.400452568680834
3.1008916615E9	13.849935888933103
3.10089384E9	55.56871173635535
3.1008970555E9	57.72406831653997
3.1008998325E9	35.09829208783548
3.100902708E9	46.26472454008686
3.1009063655E9	43.55753960993816
3.1009089965E9	47.78699666007038
3.1009125255E9	44.292070258748616
3.1009156975E9	54.481164866134336
3.100917935E9	44.13027133754667
3.1009210515E9	47.386534061206476
3.1009240305E9	50.37871450237958
3.100926116E9	34.10709162632239
3.1009275335E9	31.71115205755901
3.100928649E9	38.26483639530544
3.1009304855E9	51.458825001042406
3.100935775E9	0.0
3.1009404825E9	0.0
3.1009433075E9	31.222980797066487
3.100962012E9	10.228489206518788
3.100979643E9	6.89706525064464
3.1009826315E9	42.44899379296908
3.100986095E9	53.782304334007996
3.100988659E9	45.256846780162846
3.1009913515E9	47.83515402027359
3.100994484E9	36.65792610250298
3.100999235E9	43.2482360179186
3.1010045095E9	48.99148301867973
3.101007663E9	49.581417739800216
3.101009454E9	57.69230769230769
3.1010139635E9	0.0
3.10102777E9	0.0
3.101038557E9	55.317526409129464
3.1010399745E9	0.0
3.10104147E9	57.03351955307262
3.101043057E9	0.0
3.101044461E9	48.806804374240585
3.101046252E9	56.35325991959448
3.101048543E9	59.177584955232135
3.101051444E9	58.31907853664627
3.101053714E9	0.0
3.101055658E9	0.0
3.1010593945E9	58.58261640037728
3.1010636115E9	59.14982105656749
3.101066684E9	54.26621160409557
3.101069485E9	0.0
3.10107171E9	55.255655296229804
3.1010747125E9	0.0
3.101082788E9	0.0
3.1010891985E9	0.0
3.101090371E9	0.0
3.101091454E9	0.0
3.1010926105E9	0.0
3.101093789E9	0.0
3.101094954E9	0.0
3.1010960955E9	0.0
3.1010976565E9	59.59299039005088
3.1010992105E9	52.696461824953445
3.1011004015E9	18.2070410729254
3.101103073E9	58.72832804207159
3.101108811E9	0.0
3.1011134185E9	36.647544676377834
3.1011171035E9	58.486278048980594
3.1011208445E9	0.0
3.1011223705E9	58.51533082302313
3.1011236055E9	58.8535733970237
3.101126918E9	58.20933933368697
3.101130602E9	31.835186110417187
3.1011321595E9	0.0
3.101133927E9	23.636060100166944
3.1011356635E9	55.69023569023569
3.1011368845E9	49.13713080168776
3.1011381815E9	57.981818181818184
3.10113931E9	54.141810723703486
3.1011404165E9	53.35747663551402
3.101141667E9	58.31288644616743
3.101143503E9	52.05390712788897
3.1011454715E9	58.49058172746665
3.101147397E9	59.05382926342405
3.1011501335E9	31.013659237958304
3.101157518E9	56.52401431897264
3.1011645045E9	58.72529507058551
3.1011668885E9	21.97295155057961
3.1011686545E9	0.0
3.1011709785E9	54.99739975366087
3.101173445E9	0.0
3.101205684E9	37.35503462835573
3.1012403025E9	50.61568555159559
3.1012453615E9	55.3499526752408
3.1012505225E9	53.50016942737946
3.1012614495E9	37.930439262869186
3.1012739195E9	41.98783460616453
3.101281912E9	54.064609482836936
3.1012871705E9	52.43143828545993
3.101295694E9	48.636855915498785
3.1013044905E9	54.01138039517336
3.1013083555E9	53.0230118275845
3.1013114625E9	52.791265884996136
3.101316135E9	40.914927305937105
3.1013198035E9	44.056729131175466
3.101320917E9	0.0
3.101322018E9	51.9971160778659
3.1013238925E9	23.210982774071493
3.101326703E9	25.293351388745787
3.1013294495E9	13.217014036580178
3.1013318685E9	3.9922407394912622
3.1013343305E9	21.054947300808735
3.101336736E9	20.406453466104942
3.101339303E9	17.9296646240227
3.101342702E9	44.4592131324129
3.101345195E9	59.04255319148936
3.1013472335E9	58.55054036872219
3.101349218E9	0.0
3.1013517465E9	59.17145713571607
3.101354867E9	57.47856242118537
3.1013568785E9	0.0
3.101370363E9	58.39321875088936
3.1013921985E9	58.63097807056831
3.1014090845E9	58.61767727098505
3.101423574E9	58.10619749538867
3.101436092E9	57.95732000131566
3.1014467775E9	0.0
3.10145676E9	58.08939054460295
3.1014665925E9	58.273093999334435
3.101476343E9	57.999649176487964
3.1014858855E9	55.96413910481126
3.1014950245E9	0.0
3.101503724E9	0.0
3.1015121195E9	43.553322781828804
3.101520406E9	0.0
3.101528602E9	58.74245130560517
3.101536693E9	58.87553660602167
3.1015446345E9	58.40053777897284
3.1015524055E9	56.99287502634103
3.1015601115E9	0.0
3.101567702E9	58.45443919209282
3.1015751255E9	0.0
3.1015823905E9	57.98031319613435
3.101589504E9	37.33866922531776
3.101596546E9	0.0
3.101603554E9	0.0
3.1016105495E9	58.56507635380919
3.101617536E9	43.1296040328482
3.101624424E9	0.0
3.101631085E9	57.63928108341737
3.1016374705E9	58.210605947863186
3.1016435565E9	58.65826692285885
3.1016494765E9	0.0
3.1016553825E9	58.39228979882874
3.101661271E9	0.0
3.1016671275E9	0.0
3.101672916E9	0.0
3.101678576E9	0.0
3.101684071E9	0.0
3.1016894025E9	58.4071694519006
3.1016946505E9	58.7947339641702
3.1016998325E9	59.07417668457443
3.1017049205E9	0.0
3.101709929E9	0.0
3.101714835E9	57.06696326281219
3.1017196755E9	58.38045546158338
3.101724499E9	0.0
3.101729313E9	0.0
3.1017340725E9	58.327664457700536
3.1017387675E9	0.0
3.10174343E9	57.2144908022232
3.1017480095E9	0.0
3.101752486E9	43.46614518620958
3.1017569135E9	58.15426632584748
3.101761326E9	58.744385125184095
3.1017657265E9	0.0
3.101770102E9	0.0
3.101774441E9	0.0
3.1017787455E9	53.02102157477411
3.1017830115E9	58.934514264658716
3.1017872465E9	57.096130783727155
3.1017914715E9	58.099411535632385
3.1017956905E9	0.0
3.1017999035E9	57.05728554270181
3.1018041115E9	55.86528177939492
3.1018082655E9	0.0
3.101812367E9	58.59606858197289
3.101816459E9	0.0
3.101820484E9	49.76823483254271
3.101824445E9	0.0
3.101828395E9	0.0
3.1018323325E9	55.48362295360032
3.101836262E9	39.299765688671556
3.1018401885E9	0.0
3.10184411E9	41.69242069780897
3.1018480235E9	0.0
3.1018519235E9	0.0
3.1018558145E9	48.59611503829496
3.101859689E9	0.0
3.1018635415E9	0.0
3.101867382E9	0.0
3.1018712145E9	0.0
3.1018750435E9	58.63274776267816
3.10187887E9	0.0
3.101882693E9	0.0
3.101886508E9	0.0
3.101890313E9	58.93735622013803
3.101894113E9	40.7392091117143
3.101897881E9	0.0
3.1019016E9	57.44796380090498
3.1019052995E9	54.808581491472175
3.1019089945E9	0.0
3.1019126835E9	56.54262275401177
3.101916365E9	55.2426098358479
3.1019200355E9	0.0
3.101923674E9	0.0
3.101927286E9	50.72368187641668
3.1019308945E9	58.924840119040084
3.1019344895E9	57.11702840348362
3.101938072E9	55.942727860374916
3.101941634E9	0.0
3.1019451695E9	0.0
3.101948697E9	55.84449244060475
3.1019522085E9	0.0
3.101955703E9	58.293159834576315
3.1019591915E9	58.47718295655097
3.101962651E9	57.305718844474306
3.101966064E9	58.10502467837204
3.1019694465E9	58.597593685339874
3.101972819E9	0.0
3.101976185E9	59.10097887686759
3.101979541E9	52.34049956050396
3.1019828865E9	53.485421800320836
3.1019862165E9	58.52521701700265
3.1019895175E9	54.563493729839095
3.1019927975E9	57.83903312444046
3.1019960665E9	48.75527700363673
3.1019993255E9	58.898578840927186
3.102002581E9	49.23802859750533
3.102005831E9	0.0
3.1020090695E9	0.0
3.1020122965E9	0.0
3.1020155165E9	0.0
3.1020187305E9	53.78816343122068
3.1020219335E9	53.39741687756349
3.102025125E9	58.6203261610963
3.102028308E9	54.89601282454818
3.1020314845E9	46.08528700561454
3.102034659E9	0.0
3.1020378305E9	47.74277988250151
3.1020409985E9	0.0
3.102044163E9	0.0
3.102047316E9	48.11189853029998
3.102050456E9	49.4081254613574
3.1020535825E9	53.48866939643047
3.1020566935E9	50.270531718392945
3.102059793E9	53.63952281178625
3.102062879E9	58.816965773313655
3.102065945E9	0.0
3.102068997E9	0.0
3.10207203E9	40.67909226548587
3.1020750435E9	57.987198137910966
3.102078054E9	56.74966352624495
3.102081057E9	0.0
3.102084054E9	56.54502437352426
3.102087044E9	56.58380667663179
3.102090025E9	48.179736322219085
3.102092998E9	0.0
3.102095965E9	42.316605839416056
3.1020989315E9	0.0
3.1021018915E9	52.891125001505465
3.1021048445E9	56.797492680729675
3.1021077875E9	59.19816091954023
3.1021107135E9	47.93762731198566
3.10211362E9	51.21137537119773
3.102116511E9	58.51367319378798
3.102119394E9	58.70909589685308
3.1021222725E9	58.99026201108302
3.1021251475E9	49.54017561231087
3.1021280175E9	49.95473251028807
3.1021308845E9	0.0
3.10213375E9	58.30594039332297
3.1021366145E9	59.10423197492163
3.102139476E9	57.29147964250248
3.1021423325E9	44.28865638893037
3.1021451745E9	58.88633551352307
3.1021480035E9	0.0
3.1021508295E9	58.725193125336844
3.102153651E9	58.43213841858063
3.102156467E9	30.12087717942206
3.102159278E9	0.0
3.1021620835E9	0.0
3.10216488E9	0.0
3.102167667E9	58.60201532083139
3.1021704475E9	54.84426495298175
3.102173225E9	0.0
3.1021759985E9	0.0
3.102178768E9	0.0
3.102181536E9	53.83331315271681
3.102184301E9	49.32685564476487
3.102187055E9	55.879704552056104
3.1021897985E9	55.44787294384572
3.1021925375E9	58.12076105204253
3.10219527E9	53.13937993839561
3.1021979975E9	0.0
3.10220072E9	55.667014441820875
3.102203437E9	0.0
3.1022061485E9	59.26167105578166
3.1022088545E9	0.0
3.1022115525E9	0.0
3.102214244E9	57.82972120875635
3.1022169345E9	56.853693477206036
3.102219623E9	52.20759796589889
3.102222305E9	0.0
3.1022249775E9	53.48311283774324
3.1022276455E9	58.488305311383414
3.102230311E9	58.469082329396066
3.10223297E9	0.0
3.1022356195E9	0.0
3.1022382625E9	58.5649293036075
3.1022408995E9	57.783439114971216
3.1022435315E9	0.0
3.1022461615E9	54.83450419645632
3.102248787E9	58.774561997870485
3.1022514095E9	0.0
3.10225403E9	45.73673341531893
3.102256642E9	56.93300006492242
3.102259246E9	54.73717725614551
3.102261848E9	57.52542036605327
3.1022644475E9	0.0
3.102267045E9	58.295574801905914
3.1022696415E9	0.0
3.1022722365E9	44.683428981348634
3.1022748265E9	0.0
3.102277412E9	45.01780745687257
3.102279996E9	59.09327685394545
3.1022825765E9	58.58862464730466
3.10228515E9	54.921727524072836
3.102287719E9	56.403900796295645
3.102290279E9	0.0
3.1022928285E9	0.0
3.1022953765E9	0.0
3.1022979235E9	55.706822787660435
3.102300469E9	52.580006718957684
3.1023030085E9	0.0
3.102305542E9	57.393016312578425
3.1023080695E9	55.751625487646294
3.1023105915E9	30.56573411562679
3.10231311E9	58.800802301551926
3.102315624E9	0.0
3.102318134E9	52.95417590539542
3.1023206395E9	42.4051724137931
3.10232314E9	0.0
3.102325624E9	57.80026189436927
3.102328092E9	56.53277876807289
3.1023305565E9	0.0
3.102333018E9	58.98907463472423
3.102335476E9	58.46132404181185
3.1023379295E9	0.0
3.102340372E9	0.0
3.1023428065E9	49.48791478902089
3.1023452395E9	54.457645861901185
3.102347669E9	31.80590717299578
3.102350093E9	50.702229299363054
3.1023525135E9	59.18662488984627
3.1023549305E9	58.78420899291056
3.1023573395E9	57.57260969501527
3.102359743E9	0.0
3.1023621455E9	58.666053357865685
3.102364545E9	49.685967585538165
3.102366941E9	0.0
3.1023693355E9	57.96809151113787
3.1023717265E9	0.0
3.1023741115E9	58.301499358312206
3.102376493E9	53.88316516197557
3.1023788735E9	0.0
3.1023812475E9	0.0
3.1023836135E9	57.2423887587822
3.102385977E9	55.264183197622444
3.1023883325E9	0.0
3.102390676E9	58.676388457958424
3.102393013E9	0.0
3.1023953465E9	60.0
3.102397678E9	47.69933503200547
3.1024000085E9	44.48275862068966
3.102402335E9	0.0
3.102404656E9	56.72549905917228
3.1024069725E9	58.72323500165727
3.1024092835E9	57.26219398243319
3.1024115905E9	45.96255941171196
3.1024138915E9	58.19607209245939
3.102416183E9	58.00059612518629
3.102418466E9	54.373347214992194
3.1024207435E9	39.88510901647148
3.102423018E9	52.465565559596925
3.1024252855E9	57.76207839562443
3.1024275435E9	0.0
3.1024297965E9	52.31471402004808
3.102432045E9	0.0
3.102434287E9	53.101735882223686
3.102436518E9	35.0458927495481
3.1024387395E9	58.2314746255055
3.1024409585E9	44.44441517386723
3.102443175E9	53.00398406374502
3.102445389E9	58.137175324675326
3.102447597E9	52.14769560960916
3.1024497985E9	0.0
3.102451997E9	0.0
3.1024541925E9	52.04972733154635
3.102456381E9	0.0
3.102458562E9	59.260219194312796
3.10246074E9	58.02823529411765
3.102462917E9	58.90789152211092
3.102465094E9	0.0
3.1024672665E9	0.0
3.1024694305E9	47.53037751770187
3.102471588E9	0.0
3.1024737375E9	57.67733273663012
3.102475881E9	58.18204119917746
3.1024780205E9	58.494445842470434
3.1024801555E9	0.0
3.102482287E9	0.0
3.1024844155E9	54.97677982390068
3.102486542E9	56.88903686663841
3.102488667E9	3.405128205128205
3.1024907905E9	58.83969465648855
3.102492907E9	55.611186149312374
3.1024950155E9	58.13333333333333
3.1024971155E9	58.604486143414675
3.102499209E9	58.591266698347326
3.1025012995E9	0.0
3.1025033865E9	0.0
3.1025054725E9	58.32794474244985
3.1025075575E9	58.254120411886575
3.1025096395E9	0.0
3.102511719E9	54.08596397360442
3.1025137965E9	58.903850461706945
3.10251587E9	56.08704524595286
3.1025179385E9	59.277197057684866
3.102520002E9	56.76126500113216
3.10252206E9	58.867924528301884
3.102524114E9	58.931299163857304
3.1025261605E9	56.404523217579595
3.1025281985E9	56.54919708029197
3.102530234E9	57.32788077062886
3.1025322685E9	58.881289792565205
3.1025343015E9	55.544871794871796
3.102536332E9	0.0
3.102538359E9	0.0
3.102540382E9	54.25522367452135
3.1025424015E9	0.0
3.102544418E9	59.42583732057416
3.10254643E9	58.962880886426596
3.102548438E9	0.0
3.102550444E9	58.969014756771806
3.102552448E9	0.0
3.10255445E9	0.0
3.102556451E9	57.1874596826216
3.1025584515E9	0.0
3.1025604495E9	59.20193470374849
3.1025624435E9	55.865304487179486
3.102564432E9	56.47479868774232
3.102566415E9	35.765163934426226
3.102568394E9	56.66157538730089
3.102570368E9	59.2186255679955
3.1025723375E9	56.75832873182404
3.1025743025E9	55.88775894538606
3.102576264E9	58.21709963531583
3.1025782245E9	47.63303392343246
3.1025801845E9	54.00275807722616
3.1025821415E9	58.331691297208536
3.1025840945E9	54.55035971223022
3.102586044E9	58.77146853146853
3.1025879895E9	59.099583468730614
3.102589933E9	58.095777840748084
3.102591875E9	0.0
3.102593814E9	0.0
3.1025957495E9	56.3315636239082
3.102597681E9	57.88722977490528
3.1025996075E9	0.0
3.1026015315E9	56.013817607579945
3.102603455E9	51.85430359714282
3.102605377E9	0.0
3.1026072965E9	0.0
3.102609213E9	0.0
3.102611128E9	0.0
3.1026130425E9	58.37710539586485
3.1026149555E9	0.0
3.1026168665E9	58.01749726605218
3.102618775E9	56.88307747233131
3.1026206805E9	0.0
3.102622581E9	0.0
3.102624475E9	0.0
3.1026263655E9	59.48749237339841
3.1026282545E9	0.0
3.1026301425E9	0.0
3.102632029E9	58.2619529668276
3.102633912E9	43.51479419150562
3.102635792E9	54.04736443645311
3.10263767E9	58.754214729370005
3.1026395465E9	58.55423252911814
3.1026414225E9	58.552433594349765
3.1026432975E9	0.0
3.1026451705E9	54.22709229242474
3.102647041E9	0.0
3.1026489085E9	58.22754043189679
3.102650774E9	0.0
3.102652639E9	58.795145911586246
3.102654504E9	0.0
3.1026563675E9	0.0
3.1026582295E9	50.601484905103746
3.10266009E9	0.0
3.1026619475E9	58.49076799571849
3.1026638035E9	0.0
3.1026656585E9	58.73407974509891
3.1026675105E9	56.07997962302598
3.10266936E9	34.16859025475301
3.102671209E9	59.51325040562466
3.102673057E9	0.0
3.1026749E9	59.15563605963494
3.1026767365E9	56.90376936241169
3.102678564E9	58.99159663865546
3.102680382E9	54.77947598253275
3.102682195E9	51.221334918099764
3.1026840045E9	58.66436190395885
3.1026858125E9	59.062102030114616
3.10268762E9	0.0
3.102689427E9	57.1979928914907
3.1026912315E9	59.27888555039607
3.102693033E9	58.77903700457078
3.1026948335E9	56.05088495575221
3.102696631E9	45.295906727262796
3.1026984255E9	58.97651327095665
3.1027002185E9	0.0
3.1027020085E9	0.0
3.1027037955E9	0.0
3.1027055795E9	0.0
3.1027073615E9	36.422315830721004
3.102709143E9	47.414467089876375
3.102710924E9	53.526799060431344
3.102712704E9	51.798606713109564
3.102714482E9	0.0
3.1027162525E9	0.0
3.1027180155E9	57.060629797900674
3.102719774E9	58.50379176060668
3.102721526E9	48.9307315764769
3.102723274E9	52.215445247255325
3.1027250205E9	56.884457478005864
3.102726766E9	0.0
3.1027285105E9	52.37383475420285
3.1027302535E9	58.151661956668015
3.1027319945E9	0.0
3.1027337345E9	0.0
3.1027354725E9	58.403990024937656
3.102737208E9	58.080220032088015
3.1027389415E9	0.0
3.1027406735E9	41.9927797833935
3.1027424045E9	58.46708431036293
3.102744133E9	58.26424211597151
3.1027458575E9	58.97971209697786
3.1027475775E9	0.0
3.1027492945E9	58.97376093294461
3.1027510075E9	40.269689737470166
3.1027527165E9	0.0
3.102754424E9	59.019922143347834
3.1027561305E9	58.439456075976686
3.102757836E9	0.0
3.1027595405E9	53.8085907162913
3.102761242E9	0.0
3.1027629405E9	56.784987422821864
3.102764638E9	0.0
3.102766335E9	58.645447870185826
3.102768031E9	59.27882430180294
3.102769726E9	0.0
3.10277142E9	0.0
3.10277311E9	0.0
3.1027747965E9	30.453658536585365
3.1027764795E9	0.0
3.102778159E9	47.249888442659525
3.102779838E9	53.48616430228168
3.1027815165E9	57.755612475516045
3.1027831925E9	38.96512052593134
3.1027848665E9	0.0
3.102786539E9	0.0
3.102788209E9	58.39080459770115
3.102789876E9	55.26321611106873
3.10279154E9	38.23847278452541
3.1027932E9	57.86566747995818
3.102794855E9	0.0
3.1027965075E9	0.0
3.1027981585E9	58.68928296067849
3.102799808E9	53.752044392523366
3.102801457E9	0.0
3.1028031015E9	56.86838327651175
3.1028047405E9	0.0
3.1028063775E9	59.34135367137888
3.1028080115E9	58.39466182948951
3.102809643E9	55.33757961783439
3.1028112735E9	0.0
3.102812902E9	0.0
3.1028145275E9	43.25597060624617
3.102816148E9	36.46877521381314
3.1028177645E9	56.93350178017687
3.10281938E9	0.0
3.102820993E9	0.0
3.102822604E9	59.35220729366603
3.1028242125E9	3.043659043659044
3.102825818E9	59.046770601336306
3.102827423E9	0.0
3.1028290255E9	58.52735090373437
3.1028306245E9	28.659003831417625
3.1028322225E9	59.01940632368055
3.10283382E9	33.3705759888966
3.1028354165E9	35.47349008759797
3.102837012E9	0.0
3.1028386055E9	58.070009460737936
3.102840196E9	0.0
3.102841783E9	0.0
3.102843365E9	57.02230991045682
3.1028449435E9	48.08666783155687
3.102846521E9	0.0
3.102848098E9	0.0
3.102849675E9	39.71771347918137
3.1028512515E9	56.85439411955464
3.102852827E9	0.0
3.1028544015E9	58.66533366658335
3.1028559745E9	53.02740497899806
3.102857546E9	0.0
3.102859113E9	0.0
3.102860675E9	0.0
3.102862236E9	56.941197973449626
3.1028637965E9	58.30144254684132
3.1028653565E9	57.50946693853772
3.1028669135E9	58.579294533290735
3.1028684665E9	0.0
3.1028700165E9	0.0
3.1028715635E9	0.0
3.102873107E9	0.0
3.1028746455E9	59.1931696905016
3.10287618E9	56.56497707173272
3.1028777125E9	46.13861621750253
3.1028792445E9	59.01598837209303
3.1028807755E9	0.0
3.102882304E9	47.24353459183157
3.1028838305E9	56.94644696189496
3.1028853555E9	0.0
3.102886879E9	55.38254706937981
3.102888402E9	0.0
3.1028899245E9	59.73684210526316
3.1028914465E9	58.53475935828877
3.102892967E9	55.14342895263509
3.102894483E9	0.0
3.1028959935E9	0.0
3.1028975015E9	0.0
3.102899008E9	0.0
3.102900512E9	0.0
3.1029020115E9	58.88308928818883
3.102903505E9	50.681937172774866
3.1029049955E9	50.51859439718523
3.1029064855E9	59.07906388361796
3.102907974E9	52.630428918262744
3.1029094605E9	57.17814348551494
3.102910946E9	57.6880677601781
3.1029124305E9	45.82987764094897
3.102913914E9	40.65224831257724
3.102915395E9	0.0
3.102916874E9	0.0
3.1029183515E9	57.263599481135984
3.102919827E9	47.5242577222555
3.1029213005E9	0.0
3.102922771E9	56.06407744028111
3.1029242395E9	59.571938168846614
3.102925707E9	57.72569126533602
3.102927173E9	49.58952687984665
3.1029286375E9	58.295512421481526
3.102930101E9	0.0
3.102931564E9	0.0
3.102933025E9	54.672402948650216
3.102934484E9	0.0
3.1029359425E9	52.196365888911835
3.1029374005E9	59.53988968115162
3.1029388565E9	54.72224204482792
3.102940308E9	0.0
3.102941757E9	0.0
3.1029432055E9	54.76412847347528
3.1029446525E9	0.0
3.1029460965E9	58.456029754775265
3.102947538E9	58.80131501306583
3.1029489785E9	52.36604952041044
3.102950418E9	58.31325301204819
3.102951856E9	0.0
3.1029532925E9	0.0
3.102954725E9	38.85942686435052
3.102956154E9	0.0
3.102957582E9	0.0
3.1029590085E9	0.0
3.102960434E9	57.46793545717832
3.1029618585E9	0.0
3.1029632825E9	58.31533477321814
3.102964706E9	0.0
3.102966129E9	52.432508967340006
3.102967552E9	52.092653871608206
3.1029689705E9	0.0
3.1029703845E9	0.0
3.102971798E9	0.0
3.102973211E9	0.0
3.1029746225E9	59.84848484848485
3.102976032E9	0.0
3.102977441E9	0.0
3.1029788485E9	45.563369245837414
3.102980254E9	58.659802188351094
3.102981659E9	52.622880343921665
3.1029830635E9	59.03747072599531
3.1029844675E9	32.022940635066725
3.1029858705E9	52.28277522433793
3.1029872725E9	49.9302933488237
3.1029886745E9	36.61505447342357
3.1029900765E9	0.0
3.1029914775E9	59.617834394904456
3.1029928765E9	0.0
3.1029942735E9	53.74678068410463
3.102995669E9	52.96663660955816
3.1029970635E9	50.12210564399421
3.102998457E9	58.675968757109274
3.102999849E9	0.0
3.103001239E9	58.510427010923536
3.103002628E9	59.125269978401725
3.1030040165E9	58.121723937099596
3.103005404E9	0.0
3.1030067895E9	57.06855866096978
3.103008172E9	57.613061997160436
3.103009553E9	59.33609958506224
3.103010933E9	58.21681864235056
3.103012311E9	0.0
3.1030136875E9	0.0
3.1030150635E9	58.81169830682401
3.103016439E9	44.50093109869646
3.1030178135E9	54.4383149448345
3.1030191865E9	58.11951878992124
3.103020558E9	58.74018003273322
3.1030219285E9	0.0
3.1030232985E9	51.94705882352941
3.1030246665E9	0.0
3.103026031E9	58.609271523178805
3.1030273925E9	0.0
3.1030287505E9	0.0
3.103030106E9	57.161254199328106
3.103031461E9	0.0
3.1030328145E9	54.9861865942029
3.103034163E9	54.57465095007162
3.1030355075E9	0.0
3.1030368515E9	59.221698113207545
3.1030381945E9	58.94881484026108
3.1030395365E9	57.20707656612529
3.1030408755E9	58.369997349589184
3.1030422105E9	0.0
3.1030435445E9	0.0
3.103044878E9	50.544966926729984
3.1030462105E9	47.88336814334396
3.1030475405E9	58.190446260213704
3.1030488685E9	55.38181308673112
3.1030501965E9	58.134529147982065
3.103051524E9	57.958826802320964
3.10305285E9	58.5195079086116
3.1030541735E9	40.95195729537367
3.1030554945E9	57.53078797725426
3.103056814E9	59.17652626597255
3.1030581325E9	0.0
3.103059449E9	57.676752767527674
3.1030607635E9	0.0
3.103062077E9	50.21251272414063
3.10306339E9	58.15878378378378
3.1030647025E9	58.60800501619814
3.1030660135E9	54.809562563580876
3.103067323E9	56.957309184993534
3.103068632E9	57.183846090057216
3.10306994E9	59.13093691352678
3.103071247E9	38.59201816688409
3.103072553E9	0.0
3.1030738575E9	0.0
3.103075161E9	54.5442218798151
3.1030764635E9	59.26276365069978
3.1030777655E9	0.0
3.103079067E9	56.962103608529254
3.103080368E9	0.0
3.1030816685E9	54.533214920071046
3.103082968E9	38.84688017882607
3.103084266E9	25.28767123287671
3.103085562E9	0.0
3.1030868565E9	0.0
3.10308815E9	0.0
3.103089442E9	0.0
3.103090733E9	59.49935815147625
3.103092023E9	58.827838827838825
3.1030933115E9	0.0
3.1030945995E9	5.836860670194003
3.103095887E9	0.0
3.103097174E9	22.767979173446143
3.103098461E9	0.0
3.1030997475E9	0.0
3.103101032E9	0.0
3.103102314E9	49.60927611616818
3.103103593E9	52.12115575396825
3.1031048685E9	56.0431654676259
3.1031061405E9	57.5839538064124
3.103107409E9	58.96248050637556
3.1031086755E9	58.132559264634736
3.1031099385E9	57.80104712041885
3.103111198E9	0.9807427785419532
3.1031124565E9	0.0
3.1031137145E9	0.0
3.1031149725E9	59.37996820349762
3.1031162295E9	16.755555555555556
3.103117485E9	59.19624217118998
3.1031187395E9	58.125839446223786
3.1031199935E9	0.0
3.103121247E9	0.0
3.1031224985E9	0.0
3.103123748E9	0.0
3.1031249965E9	0.0
3.1031262445E9	59.21739130434783
3.103127492E9	0.0
3.1031287365E9	58.3201581027668
3.1031299785E9	56.996871741397285
3.10313122E9	55.921586033436895
3.103132461E9	0.0
3.103133702E9	57.503931379556825
3.103134942E9	58.20389249304912
3.1031361805E9	0.0
3.103137418E9	0.0
3.1031386545E9	0.9330593071051086
3.10313989E9	0.9626865671641791
3.1031411245E9	0.0
3.1031423585E9	0.0
3.1031435925E9	59.10157026436096
3.103144826E9	49.22995202193283
3.1031460585E9	57.81294964028777
3.1031472905E9	54.72428778367938
3.103148522E9	0.0
3.1031497525E9	57.11194302410519
3.1031509815E9	40.30508474576271
3.103152209E9	57.83505154639175
3.103153436E9	59.297617408070515
3.1031546625E9	52.38714821015706
3.1031558875E9	0.0
3.1031571115E9	0.0
3.1031583335E9	0.0
3.1031595535E9	58.706422018348626
3.103160773E9	55.31073446327684
3.103161991E9	55.479904455291305
3.1031632075E9	54.395277373443314
3.103164423E9	0.0
3.1031656375E9	57.73747841105354
3.1031668515E9	53.51969531807232
3.1031680655E9	48.121152255811815
3.103169279E9	0.0
3.1031704915E9	58.841567291311755
3.103171702E9	55.3953029913431
3.1031729105E9	58.530489836721095
3.103174118E9	49.3067767531632
3.103175325E9	59.40594059405941
3.103176532E9	0.0
3.1031777385E9	59.601990049751244
3.1031789445E9	25.820448877805486
3.10318015E9	0.0
3.103181355E9	0.0
3.1031825595E9	38.86581740976646
3.1031837635E9	0.0
3.1031849675E9	56.01019432940427
3.103186171E9	43.10113078728398
3.103187373E9	53.264786340911236
3.103188574E9	59.39538583929992
3.1031897745E9	58.460703135604724
3.1031909745E9	0.0
3.103192174E9	58.62783534024083
3.1031933725E9	0.0
3.10319457E9	49.089089831010966
3.1031957665E9	0.0
3.103196962E9	0.0
3.1031981565E9	58.10159957813324
3.1031993505E9	0.0
3.103200543E9	0.0
3.103201733E9	34.272625609074204
3.1032029205E9	0.0
3.1032041065E9	43.849840255591054
3.1032052915E9	0.0
3.103206475E9	55.22207267833109
3.103207658E9	0.0
3.1032088405E9	0.0
3.103210022E9	0.0
3.103211203E9	57.13798977853492
3.103212384E9	59.071100917431195
3.103213565E9	51.84324324324324
3.103214745E9	0.0
3.1032159235E9	57.784239604536204
3.1032171015E9	0.0
3.103218279E9	0.0
3.103219456E9	0.0
3.10322063E9	0.0
3.103221801E9	56.71546785486951
3.103222972E9	57.51683569979716
3.1032241425E9	0.0
3.1032253125E9	39.779229480737015
3.103226481E9	50.82109479305741
3.103227648E9	24.6066985645933
3.103228815E9	0.0
3.103229981E9	0.0
3.103231146E9	0.0
3.1032323095E9	59.723076923076924
3.103233469E9	58.821611930568004
3.1032346255E9	0.0
3.1032357815E9	56.52246927817219
3.1032369365E9	58.31644768086117
3.1032380905E9	0.0
3.103239243E9	0.0
3.103240394E9	54.16117587430309
3.1032415445E9	51.416351159488876
3.1032426945E9	56.62464722483537
3.103243843E9	54.6437577890184
3.10324499E9	40.151983755076536
3.1032461365E9	46.56989247311828
3.1032472815E9	57.300253086893164
3.1032484255E9	50.67596220327265
3.103249569E9	0.0
3.1032507115E9	57.809330628803245
3.103251853E9	0.0
3.103252994E9	0.0
3.1032541345E9	0.0
3.1032552735E9	52.015259474115645
3.1032564095E9	57.472954521583866
3.1032575435E9	58.7319691378732
3.1032586765E9	58.05087679686912
3.103259808E9	43.1879235982748
3.103260939E9	33.60514547562524
3.1032620695E9	0.0
3.103263198E9	39.077060931899645
3.1032643245E9	58.030247141276284
3.1032654495E9	56.490828446850095
3.1032665725E9	0.0
3.1032676945E9	0.0
3.103268816E9	57.73449205873539
3.103269936E9	58.488612836438925
3.103271055E9	0.0
3.103272174E9	0.0
3.103273293E9	58.48951048951049
3.1032744115E9	32.82497509133179
3.1032755285E9	0.0
3.1032766445E9	18.299477557440593
3.10327776E9	59.27710843373494
3.103278875E9	59.402483186756335
3.10327999E9	58.70757180156658
3.1032811045E9	42.6
3.103282218E9	59.54852101712506
3.103283331E9	58.28093306288032
3.1032844425E9	59.24242424242424
3.1032855525E9	55.04729972458388
3.103286662E9	58.81624423963134
3.1032877705E9	38.26558384547849
3.103288878E9	58.927695362691274
3.103289985E9	0.0
3.103291092E9	0.0
3.103292199E9	37.7718587878021
3.1032933055E9	0.0
3.10329441E9	49.34318932108511
3.103295513E9	43.100628930817614
3.103296616E9	54.19478396263138
3.1032977175E9	38.736831875607386
3.103298817E9	0.0
3.1032999155E9	58.46186351151489
3.103301013E9	0.0
3.1033021095E9	58.54064337599446
3.1033032055E9	35.98605860113422
3.1033043005E9	50.349557522123895
3.103305394E9	0.0
3.1033064855E9	0.0
3.1033075745E9	58.3533340290097
3.103308662E9	0.0
3.1033097485E9	57.35087935063338
3.103310834E9	0.0
3.1033119185E9	0.0
3.1033130025E9	0.0
3.1033140865E9	59.36463113307448
3.1033151705E9	45.4625
3.103316254E9	0.0
3.103317337E9	0.0
3.1033184195E9	0.0
3.1033195015E9	54.528689349708074
3.103320583E9	40.21832785688208
3.103321664E9	0.0
3.103322744E9	56.69917178733636
3.1033238215E9	55.56291204937579
3.1033248965E9	59.163242435562196
3.10332597E9	29.061349693251532
3.103327043E9	0.0
3.103328115E9	59.108156558111745
3.103329185E9	58.16910362364908
3.103330253E9	39.53259056789644
3.10333132E9	0.0
3.103332387E9	59.57142857142857
3.1033334535E9	59.266161910308675
3.103334519E9	56.8141592920354
3.103335584E9	0.0
3.103336649E9	0.0
3.103337714E9	0.0
3.103338779E9	0.0
3.1033398435E9	57.62556763451218
3.1033409075E9	4.355702764976958
3.1033419715E9	0.0
3.103343035E9	0.0
3.1033440975E9	0.0
3.1033451595E9	27.683814303638645
3.1033462215E9	59.095565637348166
3.103347283E9	0.0
3.1033483435E9	58.83306320907617
3.103349402E9	0.0
3.103350459E9	0.0
3.1033515155E9	0.0
3.103352571E9	0.0
3.103353626E9	59.303604153940135
3.103354681E9	55.923644486563326
3.103355736E9	56.652360515021456
3.1033567905E9	58.856430352689706
3.103357843E9	49.01134453781513
3.1033588935E9	12.189054726368159
3.1033599435E9	0.0
3.103360993E9	58.83292383292383
3.1033620415E9	53.94559352517986
3.103363089E9	0.0
3.1033641355E9	0.0
3.1033651815E9	57.85197934595525
3.1033662275E9	57.359746434231376
3.103367273E9	0.0
3.103368318E9	11.184905660377359
3.103369363E9	58.83515461520577
3.1033704075E9	0.0
3.1033714505E9	0.0
3.103372492E9	0.0
3.103373532E9	0.0
3.103374571E9	58.9105154005684
3.1033756095E9	0.0
3.1033766465E9	55.32861476238625
3.1033776825E9	0.0
3.103378718E9	53.56611570247934
3.103379753E9	42.92998204667864
3.103380787E9	0.0
3.1033818195E9	42.23917467892484
3.103382851E9	0.0
3.103383882E9	52.15281922412439
3.103384913E9	56.28544423440454
3.103385942E9	37.84115481040426
3.103386969E9	0.0
3.1033879955E9	58.970976253298154
3.1033890215E9	0.0
3.1033900465E9	0.8787878787878788
3.1033910705E9	59.142857142857146
3.1033920935E9	46.16734461438334
3.1033931155E9	58.5748502994012
3.103394137E9	51.66174609869253
3.1033951575E9	0.0
3.103396177E9	0.0
3.1033971955E9	0.0
3.1033982135E9	37.460166468489895
3.1033992315E9	58.712113040664434
3.1034002485E9	0.0
3.1034012615E9	58.73883342091435
3.1034022715E9	58.71286169181781
3.103403281E9	59.714285714285715
3.1034042895E9	0.0
3.103405297E9	0.0
3.1034063035E9	0.0
3.103407309E9	60.0
3.103408314E9	0.0
3.1034093185E9	0.0
3.1034103225E9	0.0
3.103411326E9	0.0
3.103412329E9	0.0
3.103413332E9	58.98806434872859
3.103414335E9	59.647577092511014
3.1034153375E9	59.20075349838536
3.1034163395E9	0.0
3.1034173405E9	0.0
3.1034183405E9	27.52340425531915
3.1034230195E9	58.706371515577416
3.1034311645E9	53.0178624196293
3.1034385535E9	0.0
3.103444272E9	5.218933943754088
3.103448588E9	58.92345282812443
3.103452529E9	26.03761412051126
3.1034563265E9	55.764413307271006
3.103460075E9	37.410908434170125
3.1034637975E9	53.728728195888955
3.103467461E9	41.23452504180269
3.103471038E9	54.86915395483609
3.1034745565E9	41.74723574389266
3.10347799E9	57.881064111037674
3.1034813295E9	53.03078826697722
3.103484605E9	53.69368638271233
3.1034878305E9	34.76629082631941
3.1034910465E9	47.445841910723715
3.1034942485E9	44.50911919321961
3.1034973905E9	56.28015952143569
3.10350048E9	57.96102587329446
3.1035035475E9	57.60519071962249
3.103506574E9	53.9933215478295
3.1035095785E9	55.89744527903923
3.10351256E9	50.18576808721507
3.1035155065E9	50.33271996183466
3.10351844E9	38.78136902818587
3.10352132E9	33.59099825632084
3.1035241305E9	29.375543320776586
3.103526902E9	58.38821490467937
3.103529649E9	49.18706712080732
3.103532388E9	36.20018442961661
3.1035351035E9	54.63232595481133
3.103537785E9	37.82032289995563
3.1035404345E9	44.043014685196646
3.1035429975E9	52.40996325030625
3.103545488E9	20.603122610608192
3.1035479665E9	56.21525208560029
3.1035504075E9	52.5026989074498
3.103552812E9	50.77592267135325
3.1035551875E9	0.9907120743034056
3.103557535E9	52.66676313504696
3.1035598595E9	48.28129117259552
3.1035621585E9	37.58393042224325
3.103564445E9	55.962738403578996
3.103566722E9	17.791271113302923
3.103568983E9	57.69255601974933
3.103571211E9	54.40883435582822
3.1035734005E9	15.647747518452533
3.103575568E9	58.779228666869116
3.103577725E9	56.8139452152259
3.103579877E9	56.99635867091489
3.103582016E9	53.62791280380857
3.1035841385E9	58.53686307998861
3.103586253E9	55.12395337383024
3.1035883585E9	56.03470130892629
3.1035904405E9	57.55323936989222
3.1035925065E9	46.73173420344813
3.103594569E9	15.887573964497042
3.103596622E9	49.13548387096774
3.1035986655E9	51.22584517864003
3.1036007005E9	22.83660116834838
3.1036027275E9	46.82304637183341
3.10360474E9	0.0
3.1036067365E9	17.161146436367087
3.103608723E9	0.0
3.103610703E9	0.0
3.103612671E9	51.56419265114917
3.103614626E9	52.00969036263154
3.1036165745E9	29.940385739333724
3.1036185145E9	46.19719291931892
3.1036204485E9	38.28398599172238
3.1036223555E9	45.67193891464412
3.1036242355E9	36.753347649464516
3.1036261095E9	57.05906821963394
3.103627955E9	43.63973063973064
3.103629772E9	1.3360181223256984
3.103631583E9	40.81104294478528
3.1036333895E9	52.04053564965617
3.10363519E9	52.729693741677764
3.103636984E9	9.773722627737227
3.10363877E9	0.0
3.1036405435E9	58.42002563223163
3.1036423085E9	57.81084973595775
3.103644062E9	54.74111190646624
3.103645804E9	54.18976563133566
3.103647529E9	44.38747621518768
3.1036492365E9	58.276670574443145
3.10365094E9	39.14055341762873
3.103652635E9	50.478419390453695
3.1036543025E9	0.0
3.103655946E9	53.910621220144364
3.103657586E9	0.0
3.1036592235E9	58.46561665211986
3.1036608575E9	53.92669286577993
3.103662488E9	44.62489251934652
3.103664114E9	59.633401221995925
3.1036657365E9	52.673145241242565
3.1036673585E9	47.74238513164688
3.103668979E9	55.53013884185574
3.1036705915E9	58.95795246800731
3.103672191E9	0.0
3.1036737835E9	56.18100682122442
3.1036753585E9	27.12691444737099
3.10367691E9	52.35755645628257
3.1036784535E9	54.83484776024231
3.1036799945E9	55.23840061978135
3.103681529E9	58.665031534688154
3.1036830525E9	47.4133956906631
3.103684569E9	53.69318181818182
3.103686083E9	38.70785282811642
3.103687593E9	42.613435199850926
3.1036890985E9	58.343624296057925
3.1036906E9	36.6682151208106
3.103692097E9	50.48241170676798
3.103693592E9	0.0
3.1036950855E9	11.427249789739276
3.1036965775E9	55.425056436828626
3.103698068E9	11.317314487632508
3.103699555E9	51.9117050067659
3.103701039E9	56.437643044400986
3.103702517E9	0.0
3.1037039885E9	0.0
3.103705455E9	55.995367942667365
3.1037069165E9	42.27136173356316
3.1037083755E9	0.0
3.1037098325E9	0.0
3.103711287E9	14.501187648456057
3.103712735E9	47.788179596823454
3.103714177E9	0.0
3.1037156105E9	0.0
3.103717036E9	58.51114922813036
3.1037184575E9	55.01572498954883
3.103719873E9	31.47840531561462
3.103721286E9	0.0
3.1037226985E9	55.48414814814815
3.103724108E9	1.0
3.1037255145E9	46.04645653069633
3.1037269155E9	33.06868451688009
3.1037283085E9	57.71394517282479
3.1037296945E9	46.3102950609365
3.1037310735E9	50.09843176509843
3.103732449E9	0.0
3.103733822E9	52.135802469135804
3.103735191E9	0.0
3.1037365565E9	47.58556891766882
3.1037379165E9	35.56163793103448
3.103739272E9	0.9746835443037974
3.1037406255E9	48.74451939291737
3.1037419765E9	0.0
3.1037433245E9	39.70695256660169
3.10374467E9	56.055363321799305
3.1037460125E9	40.858383295431054
3.1037473475E9	0.0
3.103748677E9	0.0
3.1037500035E9	36.26750448833034
3.1037513235E9	55.65465951634119
3.103752635E9	58.76106194690266
3.1037539405E9	55.81339553482172
3.1037552445E9	58.91815235008104
3.103756548E9	44.13920285544319
3.10375785E9	0.0
3.1037591505E9	49.80973249569359
3.103760449E9	52.396215257244236
3.1037617455E9	41.114285714285714
3.1037630385E9	53.83071945602106
3.1037643255E9	44.31774415405777
3.1037656085E9	0.9675745784695201
3.10376689E9	50.0848896434635
3.1037681705E9	0.0
3.10376945E9	0.0
3.1037707255E9	53.34644351464435
3.103771995E9	0.0
3.103773262E9	0.0
3.1037745285E9	0.0
3.1037757935E9	10.739557739557739
3.1037770575E9	24.620813397129186
3.1037783215E9	5.465850211964201
3.103779585E9	0.0
3.103780841E9	47.733526850507985
3.1037820855E9	0.0
3.103783325E9	49.03001751021429
3.103784562E9	48.88161458210678
3.103785797E9	57.69746282285416
3.103787031E9	0.0
3.1037882635E9	55.20977388767323
3.1037894945E9	58.58536585365854
3.1037907225E9	55.87707589632159
3.103791947E9	0.0
3.1037931655E9	0.9715215622457283
3.103794379E9	40.23495202093632
3.103795591E9	56.86046511627907
3.103796801E9	0.0
3.1037980065E9	0.0
3.103799207E9	50.14217804667243
3.103800405E9	47.333333333333336
3.1038016E9	40.254847645429365
3.103802792E9	0.0
3.103803981E9	58.56209150326797
3.1038051675E9	36.673959045479705
3.1038063525E9	0.966743119266055
3.1038075365E9	0.0
3.1038087195E9	24.962004850444625
3.1038099E9	33.201581027667984
3.103811076E9	0.0
3.103812247E9	14.501701837985024
3.103813415E9	20.553651782623746
3.1038145815E9	43.92154740971189
3.103815747E9	0.0
3.1038169115E9	0.0
3.103818075E9	54.72872727272727
3.1038192355E9	58.34526532479414
3.1038203935E9	0.0
3.103821551E9	1.9433962264150944
3.103822708E9	30.38266825491364
3.103823865E9	38.98657477848384
3.103825021E9	1.464187866927593
3.1038261755E9	7.525993883792049
3.103827327E9	0.0
3.1038284755E9	45.18787079762689
3.1038296235E9	36.82847566307199
3.1038307705E9	22.854054054054053
3.1038319155E9	56.785714285714285
3.1038330575E9	26.70751633986928
3.1038341955E9	48.99942163100058
3.1038353305E9	0.0
3.103836464E9	50.45385172394586
3.103837595E9	34.43863769817968
3.103838723E9	28.42105263157895
3.10383985E9	0.0
3.1038409725E9	46.975988588636184
3.1038420865E9	58.095794392523366
3.1038431935E9	57.159674939600265
3.1038442975E9	52.83036692223439
3.1038454E9	48.860836230721226
3.1038464995E9	7.327751196172249
3.1038475965E9	44.684040838259
3.1038486915E9	31.34020618556701
3.103849784E9	24.618489583333332
3.103850874E9	58.064516129032256
3.1038519615E9	57.419108194059135
3.103853047E9	27.611593637162095
3.1038541315E9	58.639863130881096
3.103855215E9	52.4717923115327
3.103856298E9	37.24382207578254
3.103857379E9	51.73371924746744
3.1038584565E9	0.0
3.103859529E9	3.9429735234215886
3.1038605975E9	0.0
3.103861665E9	59.11875
3.103862732E9	0.9494949494949495
3.103863799E9	58.1983109164842
3.103864864E9	0.0
3.1038659265E9	55.667857142857144
3.103866987E9	33.27877417342483
3.1038680455E9	17.745775165319618
3.1038691035E9	46.75332310838446
3.10387016E9	59.142857142857146
3.1038712145E9	0.0
3.1038722685E9	0.0
3.103873322E9	0.0
3.103874375E9	0.0
3.1038754275E9	53.23835866261398
3.103876479E9	25.63584366062917
3.103877529E9	36.180911680911684
3.103878577E9	4.800347222222222
3.1038796225E9	0.0
3.103880666E9	53.44866704480998
3.103881709E9	48.88996414222145
3.1038827515E9	0.0
3.1038837935E9	53.624454148471614
3.103884835E9	0.0
3.1038858755E9	45.237823929424735
3.103886915E9	37.106040268456375
3.1038879535E9	0.0
3.103888991E9	51.043539325842694
3.103890028E9	39.320732427643236
3.103891064E9	15.90548548852758
3.103892095E9	51.65727608315524
3.103893119E9	51.852434268461444
3.10389414E9	48.78284463061691
3.10389516E9	37.45184523477193
3.103896179E9	51.64998557830978
3.1038971965E9	0.0
3.1038982115E9	0.0
3.103899225E9	0.0
3.103900236E9	0.0
3.1039012445E9	0.0
3.103902252E9	0.0
3.1039032575E9	0.0
3.1039042615E9	0.9694189602446484
3.103905265E9	43.41821796493765
3.103906267E9	0.0
3.1039072675E9	0.0
3.1039082675E9	53.049157303370784
3.1039092675E9	0.0
3.103918732E9	51.948940681678785
3.103932571E9	0.0
3.103941472E9	42.69789784959541
3.1039494115E9	0.0
3.1039572085E9	0.0
3.103963938E9	0.898989898989899
3.1039695055E9	46.8852163044233
3.103974766E9	0.0
3.1039797995E9	0.0
3.103984567E9	58.70496273404836
3.1039891115E9	0.0
3.1039934845E9	0.0
3.103997683E9	58.576664882006504
3.104001684E9	0.0
3.104005458E9	44.89366689264335
3.104009178E9	0.0
3.1040128475E9	58.97731070593041
3.104016433E9	58.99637178529506
3.104019926E9	0.0
3.104023359E9	58.220358844821746
3.104026758E9	0.0
3.1040301305E9	26.969577333952625
3.104033452E9	58.788860103626945
3.104036731E9	30.361579920880054
3.1040399985E9	0.9764705882352941
3.104043259E9	53.2806786963654
3.1040464995E9	0.0
3.104049674E9	58.468360842063646
3.1040527925E9	0.0
3.1040558995E9	0.0
3.104058987E9	0.0
3.104062054E9	58.81773399014779
3.104065115E9	59.27098674521355
3.1040681395E9	0.0
3.1040711275E9	58.62480863916587
3.1040740845E9	0.0
3.1040770095E9	28.70705314009662
3.104079908E9	57.251651527663086
3.104082775E9	0.0
3.1040856295E9	0.0
3.104088461E9	44.35485809607791
3.10409126E9	58.84790080194083
3.1040940205E9	0.0
3.1040967325E9	58.52903914116157
3.1040994055E9	58.72521809904113
3.104102056E9	55.609856262833674
3.1041046865E9	0.0
3.104107298E9	58.6697320437609
3.104109892E9	44.46859219059007
3.1041124505E9	57.813014486088754
3.1041149735E9	0.0
3.1041174795E9	0.0
3.10411997E9	56.478658536585364
3.1041224495E9	58.35661881977671
3.104124925E9	0.0
3.104127395E9	58.12133342615799
3.1041298495E9	39.97353448275862
3.1041322855E9	0.0
3.104134709E9	59.36358050641917
3.1041371215E9	34.79119905493207
3.104139523E9	22.09202402117222
3.1041418965E9	53.940491169206396
3.104144241E9	20.19139122731472
3.1041465705E9	52.059815650127476
3.104148885E9	56.671054645645185
3.1041511915E9	44.48318042813456
3.1041534905E9	59.071465672645054
3.104155772E9	56.74092157461092
3.10415804E9	58.233105653248074
3.1041603025E9	0.0
3.1041625525E9	0.0
3.1041647915E9	56.25032550996561
3.1041670245E9	57.48123534594764
3.104169246E9	0.0
3.104171456E9	0.0
3.104173654E9	6.82870300460425
3.104175845E9	59.12504785438346
3.1041780355E9	58.4680550653018
3.1041802225E9	58.67983751846381
3.1041823975E9	25.31591907078293
3.104184563E9	27.790122326731286
3.1041867265E9	59.26915848820213
3.1041888805E9	8.334679228353522
3.1041910115E9	59.07545671167593
3.1041931255E9	0.0
3.1041952355E9	0.9179578359156718
3.1041973425E9	52.54505819611507
3.1041994485E9	58.279537606965924
3.1042015545E9	36.97636861440676
3.104203656E9	56.96041255877446
3.104205745E9	0.0
3.1042078145E9	58.76629601226994
3.104209871E9	58.24005001596254
3.1042119255E9	0.0
3.104213971E9	58.058366905767905
3.1042160055E9	0.0
3.1042180375E9	50.251028475927235
3.1042200635E9	57.78477790505282
3.1042220825E9	0.0
3.1042240985E9	58.95191975095123
3.104226106E9	0.0
3.104228107E9	48.72135556750941
3.104230103E9	58.25662637240767
3.1042320935E9	58.62255687279718
3.10423408E9	0.0
3.104236062E9	57.208359908529474
3.104238043E9	59.233247422680414
3.104240023E9	0.0
3.104241994E9	51.984837386463525
3.1042439415E9	0.0
3.104245872E9	54.02024396574098
3.104247777E9	59.3394495412844
3.1042496545E9	58.17612000606091
3.104251516E9	0.0
3.104253365E9	36.55753497432265
3.104255206E9	0.0
3.1042570385E9	47.774653239597185
3.1042588675E9	45.28798573305801
3.1042606875E9	17.298511185355114
3.1042625015E9	58.313608128159345
3.104264304E9	56.93092808453999
3.104266094E9	10.762926829268293
3.1042678815E9	0.0
3.1042696635E9	0.0
3.1042714405E9	25.31984121358191
3.1042732095E9	51.76190476190476
3.1042749695E9	0.0
3.104276727E9	0.0
3.1042784825E9	57.24444444444445
3.1042802355E9	58.79297161582731
3.104281987E9	37.912074815407195
3.104283737E9	56.73640167364017
3.1042854805E9	0.0
3.104287214E9	17.43564713294436
3.1042889415E9	50.68794888043937
3.1042906625E9	58.232192327557875
3.1042923765E9	58.75811885190675
3.104294088E9	30.106368843520467
3.104295795E9	58.81031759957887
3.1042974975E9	58.99199246349505
3.104299198E9	3.482674692975122
3.1043008905E9	43.48199074674623
3.1043025755E9	40.10727927830304
3.1043042575E9	58.25039808917197
3.1043059365E9	59.32570239334027
3.1043076145E9	0.0
3.104309292E9	58.428687360519376
3.1043109685E9	58.83976289962103
3.1043126425E9	17.774386005616435
3.104314313E9	0.0
3.1043159815E9	0.0
3.104317647E9	0.0
3.1043193085E9	0.0
3.1043209685E9	59.07178217821782
3.1043226275E9	58.21553533939818
3.1043242845E9	0.0
3.1043259405E9	59.528985507246375
3.1043275945E9	0.0
3.104329244E9	0.0
3.10433089E9	54.33307868601986
3.104332533E9	2.3949698901877436
3.1043341725E9	58.5722891566265
3.104335808E9	0.0
3.1043374375E9	54.55907601061339
3.1043390575E9	0.0
3.1043406705E9	0.0
3.104342279E9	0.0
3.104343883E9	43.00919349747475
3.104345484E9	48.26245760500913
3.104347078E9	0.0
3.1043486665E9	55.775468097178525
3.104350253E9	0.0
3.1043518375E9	57.96556846980687
3.1043534215E9	54.456545643978075
3.1043550035E9	0.0
3.1043565795E9	57.38125802310655
3.1043581505E9	49.22476412609696
3.10435972E9	0.0
3.1043612885E9	44.54608458114124
3.104362856E9	28.774416594641313
3.104364422E9	15.601449275362318
3.104365984E9	26.474333587204875
3.104367543E9	26.14370525580583
3.1043691005E9	0.0
3.1043706555E9	56.22962665596146
3.104372207E9	0.0
3.1043737525E9	47.381830601092894
3.104375294E9	51.20296280276817
3.1043768335E9	0.9545454545454546
3.104378371E9	41.51855317556187
3.104379907E9	0.0
3.1043814395E9	55.63157894736842
3.1043829685E9	55.21570319240725
3.1043844935E9	59.2338835253815
3.1043860115E9	0.0
3.104387523E9	57.47572815533981
3.104389031E9	19.32381788344846
3.1043905345E9	50.44514703641627
3.104392034E9	0.0
3.104393533E9	58.04241435562806
3.104395031E9	57.34866517018904
3.1043965275E9	59.27807486631016
3.1043980195E9	58.81307472374623
3.1043995065E9	59.56442831215971
3.104400992E9	0.0
3.104402475E9	56.149812734082396
3.104403955E9	58.732919254658384
3.1044054305E9	59.23907177549919
3.1044069025E9	41.585668881962576
3.1044083735E9	59.19780927835052
3.1044098415E9	0.0
3.104411307E9	0.0
3.10441277E9	12.85171102661597
3.1044142295E9	59.014487870619945
3.104415687E9	20.85629950905093
3.1044171395E9	32.28214834969833
3.104418587E9	0.0
3.1044200325E9	24.82759503391783
3.104421476E9	36.34161135271229
3.104422919E9	0.0
3.1044243595E9	59.25
3.1044257945E9	30.36846163002573
3.1044272255E9	40.57338945827233
3.1044286555E9	7.6578411405295315
3.104430085E9	0.0
3.104431514E9	0.0
3.104432943E9	0.0
3.1044343705E9	0.0
3.1044357965E9	0.0
3.1044372195E9	58.37588158110546
3.1044386375E9	58.956441434508235
3.1044400535E9	0.0
3.104441469E9	50.84039245121166
3.104442884E9	25.237635101281224
3.1044442985E9	0.0
3.104445712E9	0.0
3.1044471235E9	0.0
3.104448531E9	57.86943096603441
3.1044499345E9	58.855009334163036
3.1044513345E9	0.0
3.104452732E9	0.0
3.104454128E9	57.17235992501562
3.1044555215E9	0.0
3.1044569115E9	50.08918104628869
3.1044582985E9	0.0
3.1044596825E9	0.0
3.104461064E9	59.24674070497344
3.104462444E9	0.0
3.1044638215E9	21.258668474468127
3.1044651965E9	25.413992190039977
3.1044665705E9	58.56851103035267
3.104467944E9	17.294117647058822
3.104469317E9	59.33161953727507
3.1044706895E9	58.45190240254277
3.1044720605E9	56.63157894736842
3.104473429E9	41.30986370865951
3.104474795E9	58.43356110309531
3.1044761595E9	54.172759350741
3.104477522E9	59.39799331103679
3.104478883E9	0.0
3.104480241E9	47.63501483679525
3.104481596E9	0.0
3.1044829505E9	58.36441893830703
3.104484304E9	49.77231565329883
3.104485655E9	19.016393442622952
3.104487002E9	0.9768518518518519
3.1044883465E9	0.0
3.10448969E9	0.0
3.1044910305E9	59.506726457399104
3.1044923685E9	59.775784753363226
3.1044937065E9	8.901098901098901
3.1044950435E9	48.10729312762973
3.104496378E9	33.60503265462928
3.104497711E9	0.0
3.1044990435E9	0.0
3.1045003715E9	52.04404577422815
3.104501695E9	0.0
3.104503018E9	3.6357388316151202
3.1045043395E9	0.0
3.1045056595E9	0.0
3.104506978E9	0.0
3.1045082945E9	0.0
3.1045096045E9	46.34776094556351
3.1045109085E9	0.0
3.104512212E9	59.039087947882734
3.1045135145E9	0.0
3.104514816E9	0.0
3.1045161165E9	54.585628630316656
3.1045174155E9	42.21711135101789
3.104518713E9	0.0
3.104520009E9	0.0
3.1045212985E9	24.50814332247557
3.104522582E9	23.550677882790673
3.104523865E9	24.827175208581643
3.104525146E9	58.387674668577574
3.1045264245E9	0.0
3.104527699E9	29.76773984730499
3.10452897E9	0.0
3.1045302395E9	24.398341744772893
3.1045315055E9	30.29588294576537
3.104532769E9	38.402825006539366
3.1045340315E9	58.27113702623907
3.104535293E9	25.447626520204
3.1045365535E9	57.797745571658616
3.104537813E9	0.9117013639626705
3.104539072E9	0.0
3.1045403305E9	56.05673758865248
3.1045415875E9	0.0
3.104542842E9	0.0
3.1045440925E9	0.0
3.1045453405E9	0.0
3.1045465875E9	0.0
3.1045478335E9	0.0
3.1045490785E9	0.0
3.1045503195E9	59.28903345724907
3.1045515575E9	58.77335678171026
3.1045527945E9	59.426059229914486
3.1045540295E9	56.54155495978552
3.1045552635E9	1.9397905759162304
3.104556496E9	0.0
3.104557727E9	0.0
3.1045589575E9	57.8887318469312
3.1045601875E9	0.9464902186421174
3.1045614165E9	55.4071661237785
3.104562644E9	0.0
3.1045638685E9	0.0
3.1045650905E9	0.0
3.104566312E9	46.919767441860465
3.104567533E9	53.996514464970375
3.1045687535E9	53.38808906804876
3.1045699725E9	40.89403518416712
3.1045711905E9	0.0
3.1045724075E9	58.46822995461422
3.1045736235E9	55.92307692307692
3.1045748375E9	59.238516082622546
3.1045760485E9	18.084930601454065
3.104577258E9	0.0
3.1045784665E9	58.536372029739056
3.1045796745E9	0.0
3.1045808815E9	0.0
3.104582087E9	2.8622448979591835
3.104583292E9	0.0
3.1045844955E9	0.0
3.1045856965E9	0.0
3.104586896E9	0.0
3.1045880945E9	55.13765363128492
3.1045892925E9	58.80143490187803
3.1045904905E9	3.3846031746031744
3.104591687E9	59.26186291739894
3.1045928815E9	59.404043987229514
3.104594074E9	0.0
3.104595264E9	32.92831449126413
3.1045964525E9	59.049224544841536
3.1045976365E9	0.0
3.1045988165E9	57.40147243107769
3.104599996E9	0.0
3.1046011715E9	40.12486809708055
3.1046023415E9	0.0
3.1046035085E9	43.613005358012664
3.10460467E9	0.0
3.1046058265E9	0.0
3.1046069825E9	58.10118803768947
3.104608138E9	56.53788791372684
3.1046092925E9	0.0
3.1046104465E9	57.0711032388664
3.104611598E9	58.641442637459896
3.104612744E9	0.0
3.104613887E9	0.0
3.1046150285E9	49.14449152542373
3.104616167E9	23.521685761047465
3.104617303E9	1.9450800915331807
3.104618438E9	16.429470031089583
3.104619573E9	0.0
3.104620704E9	57.95557878233603
3.104621831E9	55.80957860363863
3.1046229575E9	55.40387016229713
3.104624082E9	31.212943186672362
3.104625205E9	57.57692307692308
3.104626328E9	0.0
3.1046274505E9	44.987234422424564
3.1046285725E9	0.0
3.104629694E9	56.004684064620974
3.104630815E9	58.704103671706264
3.104631935E9	0.9234066876250357
3.104633054E9	0.8962806168732991
3.104634173E9	0.0
3.1046352915E9	43.73742085971343
3.104636408E9	0.0
3.1046375185E9	3.6164874551971327
3.1046386245E9	0.0
3.1046397295E9	0.0
3.1046408325E9	0.0
3.104641934E9	58.48970251716247
3.1046430335E9	40.40377358490566
3.1046441315E9	0.0
3.1046452285E9	2.7557603686635943
3.1046463245E9	0.0
3.10464742E9	0.0
3.104648514E9	58.759332156915974
3.1046496055E9	0.9871559633027523
3.104650695E9	0.0
3.104651783E9	0.0
3.10465287E9	0.0
3.104653956E9	57.76328444337581
3.104655041E9	58.35732222698597
3.104656126E9	9.024723487312947
3.10465721E9	0.0
3.1046582915E9	59.42789034564958
3.1046593715E9	5.029780564263323
3.104660451E9	0.9076879910213244
3.10466153E9	0.0
3.104662609E9	0.8803986710963455
3.104663686E9	27.31714635416191
3.1046647605E9	55.55290102389078
3.104665834E9	30.526315789473685
3.1046669055E9	0.0
3.1046679745E9	59.37855402112104
3.104669042E9	0.0
3.1046701085E9	7.268715914724839
3.1046711745E9	0.0
3.1046722405E9	41.983683889513685
3.104673305E9	40.19138755980861
3.104674368E9	45.76494895478853
3.104675431E9	29.954541490780723
3.1046764935E9	37.26824883135563
3.1046775535E9	0.0
3.1046786105E9	58.82822483563293
3.1046796645E9	56.58863831001998
3.104680716E9	0.0
3.104681767E9	0.0
3.1046828175E9	0.0
3.1046838665E9	41.84452122408687
3.1046849135E9	0.0
3.1046859595E9	17.867491976157726
3.104687005E9	59.09706546275395
3.104688049E9	5.29402390438247
3.1046890895E9	0.0
3.1046901265E9	59.22315308453922
3.104691162E9	0.0
3.104692197E9	58.38760778022859
3.104693232E9	46.08462700920456
3.104694266E9	57.132777834230936
3.1046952985E9	13.932631578947369
3.10469633E9	2.7435320584926886
3.1046973585E9	47.80392156862745
3.1046983845E9	58.860667045362334
3.1046994105E9	3.5821561338289962
3.104700435E9	33.83997096038166
3.1047014575E9	58.958333333333336
3.1047024785E9	0.0
3.1047034985E9	0.0
3.1047045185E9	57.534246575342465
3.104705538E9	59.36598600599743
3.1047065565E9	46.889789438502675
3.1047075745E9	37.81473899692938
3.104708592E9	0.0
3.104709608E9	58.52017937219731
3.104710623E9	0.0
3.104711638E9	4.044075829383886
3.1047126525E9	0.0
3.1047136665E9	0.0
3.10471468E9	31.443468715697037
3.104715693E9	8.378335949764521
3.104716706E9	59.233016800584366
3.1047177185E9	55.867540788199356
3.10471873E9	27.532629558541267
3.104719741E9	0.0
3.104720751E9	23.0891977541249
3.1047217595E9	0.0
3.1047227675E9	11.205665024630543
3.104723775E9	0.0
3.104724782E9	59.461077844311376
3.104725789E9	17.930645860424793
3.1047267955E9	0.0
3.104727801E9	47.37313432835821
3.104728805E9	0.0
3.104729807E9	57.854932966655205
3.1047308075E9	59.015047879616965
3.104740963E9	0.0
3.104756475E9	50.03065798123468
3.104767963E9	46.98177840121056
3.104778484E9	0.8998482549317147
3.1047881575E9	21.988613326238937
3.1047976135E9	56.76358147567133
3.1048068795E9	50.293557476741235
3.1048160235E9	56.6088623867555
3.104824959E9	40.16538135362062
3.1048336895E9	43.00892275088656
3.1048423175E9	24.764638504535874
3.1048506295E9	51.805716382378776
3.104858538E9	58.67014532332001
3.10486621E9	21.62284120649867
3.104873738E9	0.0
3.104881204E9	44.32049029040429
3.1048886055E9	55.33205182405891
3.104895888E9	51.61164979281727
3.1049030315E9	51.650733475727186
3.1049100215E9	40.49857227840571
3.104916928E9	23.677134492633062
3.1049238165E9	43.71021941441137
3.104930685E9	43.87710859378515
3.1049375335E9	56.5228288932507
3.1049443175E9	16.91950343417948
3.1049510255E9	57.531106994988015
3.104957646E9	53.2965435566362
3.1049641205E9	11.541773694644359
3.104970491E9	7.244036213834068
3.104976811E9	56.06058275927965
3.1049830915E9	38.53957256335897
3.104989311E9	46.16578720030516
3.104995483E9	48.96056176143098
3.1050016285E9	42.6428578241696
3.105007741E9	44.108373369736306
3.105013843E9	52.76399030864848
3.105019839E9	56.538306728786374
3.1050257E9	41.98151648711989
3.105031511E9	39.786893816672716
3.1050372955E9	0.958904109589041
3.105043063E9	0.9840758633029164
3.1050488005E9	57.625529409840894
3.1050545125E9	55.58857471042264
3.1050601615E9	48.235637761592024
3.1050657395E9	55.576820677143466
3.1050713015E9	31.19059293613985
3.1050767895E9	17.634468786831842
3.105082186E9	41.92627082631186
3.1050875235E9	57.36118748494333
3.105092801E9	51.864982876712325
3.105098007E9	57.06981742288405
3.1051031505E9	56.64160861346923
3.1051082045E9	58.53505826585029
3.105113172E9	56.7505761621081
3.105118124E9	48.29688379686972
3.105123046E9	55.97526274482034
3.105127928E9	0.0
3.105132784E9	57.1193406178424
3.1051375455E9	45.624045574919435
3.105142205E9	44.373375934285924
3.1051468215E9	31.98370209154391
3.105151389E9	40.200273183697576
3.1051559265E9	48.09267863713757
3.105160444E9	53.88439844909016
3.105164943E9	53.13748493045214
3.1051694125E9	0.0
3.1051738415E9	45.575733192961344
3.105178253E9	22.75529890900443
3.1051826085E9	26.666235804634844
3.1051869095E9	55.689966138445186
3.105191198E9	54.6143375440269
3.105195423E9	33.76089949518128
3.105199594E9	45.79446836650424
3.1052037465E9	0.9602352941176471
3.105207865E9	47.42623020447788
3.10521196E9	0.0
3.105216012E9	57.194654009171536
3.1052200195E9	0.0
3.105224006E9	37.47130951337429
3.1052278585E9	57.609892577999666
3.105231579E9	50.846359743040686
3.1052352765E9	49.74396551245229
3.1052389575E9	54.955976686641726
3.105242632E9	49.668789273676246
3.1052463045E9	45.28106567698323
3.105249957E9	46.22493570194367
3.10525359E9	56.33650527450643
3.105257213E9	16.082686259360003
3.105260822E9	21.385348789354552
3.1052644205E9	51.32134018124639
3.1052680095E9	38.88320209973753
3.1052715945E9	4.9921283681501665
3.105275175E9	56.804561508530384
3.105278732E9	29.772948908204366
3.1052822555E9	39.839737525259785
3.105285765E9	54.882136279926335
3.1052892635E9	46.31385294060237
3.105292744E9	11.11310792973906
3.105296203E9	0.0
3.105299639E9	55.28585750215453
3.10530305E9	52.35541656379448
3.105306431E9	54.64638764535293
3.105309783E9	49.51224782082623
3.1053131135E9	52.51431937427128
3.105316433E9	58.0650021710812
3.105319747E9	59.66737739872068
3.105323045E9	0.0
3.1053263115E9	5.012314651922593
3.10532956E9	0.9844606946983546
3.105332802E9	57.63126141584104
3.105336038E9	0.0
3.1053392555E9	55.134245554020566
3.105342453E9	57.83469891092493
3.105345638E9	25.20105940421889
3.1053488045E9	55.94020907480958
3.105351955E9	44.87986966992492
3.105355096E9	50.984257741740706
3.1053582345E9	58.58641519217059
3.1053613715E9	0.9711802378774016
3.1053645055E9	0.0
3.1053676375E9	38.11094213918459
3.105370751E9	58.16131007040098
3.1053738455E9	56.65544756064355
3.105376939E9	46.31963271644299
3.105380015E9	12.305651038086072
3.105383037E9	57.52534621995913
3.105386017E9	0.9896013864818024
3.105388988E9	41.56904002793312
3.105391952E9	38.72995929923907
3.10539491E9	58.372207452085235
3.105397855E9	53.57124897248682
3.105400789E9	14.743941125658695
3.10540371E9	3.4946524064171123
3.1054066165E9	38.30913418625409
3.1054095145E9	57.36778256669391
3.1054124035E9	34.108489252516144
3.105415289E9	22.63453975491593
3.1054181705E9	9.592874626053849
3.105421047E9	42.60102257139294
3.105423915E9	58.29089931998099
3.1054267735E9	49.45177344269563
3.1054296205E9	44.434101229372025
3.10543244E9	40.214297669125116
3.105435239E9	51.84813633914137
3.1054380315E9	58.792322047454014
3.105440812E9	42.8911417199775
3.105443576E9	57.41068447412354
3.1054463305E9	1.4697962154294033
3.105449079E9	56.514617340358896
3.105451813E9	43.02936057353612
3.1054545365E9	59.17752126638237
3.1054572385E9	42.88038141166155
3.105459914E9	25.36199304750869
3.10546258E9	23.068148805681084
3.1054652375E9	43.70798439703808
3.105467887E9	59.016714178266
3.105470528E9	59.42862325412661
3.105473162E9	0.0
3.105475793E9	39.26697293605957
3.1054784135E9	40.88264382735233
3.105481019E9	34.01985995173478
3.1054836015E9	54.1172415741447
3.1054861625E9	56.19527663088357
3.105488716E9	56.457009794707936
3.105491267E9	21.60618036978072
3.1054938115E9	53.83629366489047
3.1054963495E9	32.534919416730624
3.105498881E9	7.310950923274415
3.1055013925E9	25.982953236581434
3.1055038895E9	23.4885598923284
3.105506379E9	52.66013318256062
3.105508858E9	42.64225541480221
3.10551133E9	50.869373746238715
3.105513792E9	57.70050201677258
3.1055162415E9	59.57029177718833
3.105518682E9	41.51577347518668
3.105521118E9	50.82081684181794
3.105523549E9	53.074494367412555
3.105525972E9	52.322767698328
3.105528388E9	35.11424935454928
3.1055308005E9	48.348797007841846
3.1055332065E9	37.459730359285665
3.105535606E9	48.25253991291727
3.1055380035E9	56.25553272476168
3.105540398E9	30.04408629123291
3.1055427875E9	56.11180932370828
3.1055451725E9	37.13089055587613
3.1055475555E9	48.66911057293567
3.1055499375E9	47.952556926254005
3.105552312E9	46.11354562274808
3.1055546785E9	58.80458202645575
3.1055570425E9	53.67123806637369
3.105559404E9	48.00239582105966
3.105561761E9	46.380425556320255
3.105564112E9	22.647732946203483
3.1055664605E9	40.400831221940706
3.1055688045E9	48.38724190328636
3.105571144E9	35.719844357976655
3.1055734815E9	48.86126126126126
3.105575816E9	32.1119701153159
3.1055781475E9	0.0
3.105580476E9	44.38653508470752
3.1055827985E9	50.52851323167285
3.105585104E9	52.08794067186895
3.1055873965E9	57.93833131801693
3.105589686E9	47.011043926359974
3.1055919665E9	38.18698078428402
3.1055942405E9	40.185636125452724
3.105596511E9	54.80713438266234
3.1055987745E9	40.52617155385037
3.105601033E9	58.276800633189694
3.1056032815E9	55.143978176858376
3.105605521E9	38.254551782247134
3.1056077565E9	23.253787047200877
3.1056099875E9	33.2665271044513
3.1056122175E9	1.0
3.1056144435E9	0.0
3.1056166625E9	19.469122426868907
3.1056188775E9	27.917740526373265
3.1056210895E9	8.879594332158527
3.105623296E9	10.433509730283372
3.105625496E9	34.88882685030089
3.1056276925E9	48.17929908622554
3.1056298885E9	55.07257720043217
3.105632076E9	37.196317196317196
3.1056342545E9	41.48530039483513
3.1056364325E9	24.560084250209584
3.1056386075E9	0.0
3.1056407785E9	53.935843771386736
3.105642947E9	32.100883218842
3.105645114E9	4.972190905674559
3.105647276E9	44.19425555185696
3.105649431E9	52.95049934867564
3.105651583E9	24.138860316807243
3.105653732E9	52.14452550361764
3.105655878E9	35.50259395799623
3.1056580215E9	40.96113445378151
3.1056601635E9	39.02239260190057
3.1056623025E9	19.339050627306936
3.1056644355E9	37.16932120926539
3.1056665645E9	35.43280871670702
3.1056686915E9	54.62764017374582
3.1056708175E9	0.0
3.10567294E9	45.63161349612709
3.105675053E9	35.774272280248375
3.105677152E9	54.12473445180261
3.105679241E9	32.266622174187205
3.1056813275E9	36.67884674800118
3.105683412E9	58.63880465184749
3.105685491E9	23.38135005577497
3.105687566E9	43.64272493159504
3.1056896395E9	42.17807412167952
3.1056917095E9	32.165382128598644
3.105693777E9	24.651287553648068
3.105695838E9	6.97008547008547
3.105697891E9	45.63344214726152
3.1056999415E9	44.327194185408665
3.105701983E9	47.151503720722886
3.1057040115E9	55.01173594979718
3.1057060315E9	0.925
3.105708045E9	28.634058454557586
3.105710055E9	31.778868056772385
3.105712061E9	39.54316479149325
3.105714063E9	27.56788784344009
