#Position (bp)	mapping quality
3882144.5	54.48667269278429
1.16464325E7	56.75161409906826
1.94107205E7	57.155853831857094
2.71750085E7	58.06768281528102
3.49392965E7	58.11784512299142
4.27035845E7	58.114598641350085
5.04678725E7	58.17247350689821
5.82321605E7	58.11635148823351
6.59964485E7	58.12984501699004
7.37607365E7	58.15155954536099
8.15250245E7	58.04373235320193
8.92893125E7	58.138995574488504
9.70536005E7	58.14540869794765
1.048178885E8	56.660648295133406
1.125821765E8	58.08187423463461
1.203464645E8	17.14776051826338
1.281107525E8	9.374120066830514
1.358750405E8	0.0
1.436393285E8	30.14499126899295
1.514036165E8	52.04185137975017
1.591679045E8	57.136709093816854
1.669321925E8	58.1068529311076
1.746964805E8	58.1191430142306
1.824607685E8	58.07531232828431
1.902250565E8	58.190908228953425
1.979893445E8	58.10096652570661
2.057536325E8	57.475956420369194
2.135179205E8	58.14129642004585
2.212822085E8	58.04919991963488
2.290464965E8	56.51372835793535
2.368107845E8	58.092894628325126
2.445750725E8	57.9415502129739
2.487068195E8	52.96959737838121
2.525889635E8	57.96454415825952
2.601036485E8	58.09379428951535
2.678679365E8	58.09872521783134
2.756322245E8	58.128784166952265
2.833965125E8	57.74045512022792
2.911608005E8	58.116821568395096
2.989250885E8	58.17644135224957
3.066893765E8	58.17348013688747
3.144536645E8	58.14654407302583
3.222179525E8	57.99566644682081
3.299822405E8	58.111319293377804
3.377465285E8	38.59237999176426
3.455108165E8	52.14059003778397
3.532751045E8	57.708995353876944
3.610393925E8	51.973841143228356
3.688036805E8	58.08920453601013
3.765679685E8	56.335958814350064
3.843322565E8	57.894852333427146
3.920965445E8	58.18799843190947
3.998608325E8	58.052461380164374
4.076251205E8	58.0835101194983
4.153894085E8	58.0504971162363
4.231536965E8	58.13459641481168
4.309179845E8	58.21706043949647
4.386822725E8	58.15211230848496
4.464465605E8	58.15032910228067
4.542108485E8	58.16321277071607
4.619751365E8	58.1585404432232
4.697394245E8	58.09870242275956
4.775037125E8	58.05854563124916
4.852680005E8	57.98361774260354
4.90150048E8	57.19658040852547
4.94032192E8	58.070862095342456
5.007965765E8	58.095513803295816
5.085608645E8	58.11742865296103
5.163251525E8	58.131449217814925
5.240894405E8	58.16853334127229
5.318537285E8	58.0878055060974
5.396180165E8	58.13381349897868
5.473823045E8	58.12176493575186
5.551465925E8	58.152636572241676
5.629108805E8	58.03858026015456
5.706751685E8	58.03533263083522
5.784394565E8	53.30045038837205
5.862037445E8	41.00822617023417
5.939680325E8	58.137924897678616
6.017323205E8	58.12906102279429
6.094966085E8	58.130905542650815
6.172608965E8	57.9628761612291
6.250251845E8	57.99288257900528
6.327894725E8	58.15799730405207
6.405537605E8	58.120313512364035
6.483180485E8	58.155308955553494
6.560823365E8	58.16548522289657
6.638466245E8	58.13424649756874
6.716109125E8	58.16504952153988
6.793752005E8	57.99794978227133
6.863514275E8	57.07229102773562
6.902335715E8	55.9501504069008
6.949037765E8	56.25977923705177
7.026680645E8	57.67616880958768
7.104323525E8	58.01580440505864
7.181966405E8	58.15291709518418
7.259609285E8	58.21365839975462
7.337252165E8	58.19134322410927
7.414895045E8	30.433870357218673
7.492537925E8	58.11640967394709
7.570180805E8	58.120768856339346
7.647823685E8	58.10401835355899
7.725466565E8	58.08152500749699
7.803109445E8	58.14719737580355
7.880752325E8	58.19597631011802
7.958395205E8	58.1706724730469
8.036038085E8	58.1894492569315
8.113680965E8	58.054710948412904
8.191323845E8	57.899294895405234
8.268966725E8	58.078167674956774
8.346609605E8	58.11178232756493
8.424252485E8	58.169021670812214
8.501895365E8	58.153346323691395
8.579538245E8	58.08426285309092
8.657181125E8	58.224126812718865
8.734824005E8	58.016196194188716
8.78512305E8	52.51979434281715
8.82394449E8	57.766070675346974
8.890109765E8	58.0323421576491
8.967752645E8	57.477736002816364
9.045395525E8	58.08970357712053
9.123038405E8	57.994302199736
9.200681285E8	58.14838607582908
9.278324165E8	41.890122894165344
9.355967045E8	58.1243533264337
9.433609925E8	58.12732178098605
9.511252805E8	48.16308707594648
9.588895685E8	58.15211715166569
9.666538565E8	58.149364568428375
9.744181445E8	58.16341824392472
9.821824325E8	58.01110998652368
9.899467205E8	58.09137987943252
9.977110085E8	58.15950097955896
1.0054752965E9	58.14632623995599
1.0132395845E9	58.16407033025855
1.0210038725E9	58.11030446112164
1.0287681605E9	58.062211192057035
1.0365324485E9	58.09081042038016
1.0442967365E9	58.14425005264116
1.0520610245E9	57.37793539464326
1.0585707465E9	56.047023466890074
1.0624528905E9	57.417052792947956
1.0675896005E9	58.089009147436805
1.0753538885E9	58.10307158004222
1.0831181765E9	58.14310008519001
1.0908824645E9	56.65534953097997
1.0986467525E9	58.079704081443936
1.1064110405E9	58.12233180979232
1.1141753285E9	58.20048123879335
1.1219396165E9	39.54156306959912
1.1297039045E9	58.1624702429996
1.1374681925E9	58.12301038451466
1.1452324805E9	58.11094085731948
1.1529967685E9	58.21823646998441
1.1607610565E9	58.16449632288557
1.1685253445E9	58.095836172554954
1.1762896325E9	58.17344530160088
1.1840539205E9	58.19436902527927
1.1918182085E9	58.121810354990316
1.1995824965E9	58.17023102041273
1.2073467845E9	58.19250176958403
1.2151110725E9	58.086842119845166
1.2228753605E9	57.50346755666689
1.229380904E9	57.10728343477752
1.233263048E9	57.49890404193097
1.2384039365E9	57.34597302374163
1.2461682245E9	58.179376389851406
1.2539325125E9	58.12411191463777
1.2616968005E9	58.02399097193105
1.2694610885E9	58.07219081606229
1.2772253765E9	58.057199513124566
1.2849896645E9	57.586914628685115
1.2927539525E9	25.4068170872193
1.3005182405E9	57.02897375512649
1.3082825285E9	53.472188250162525
1.3160468165E9	58.216411352191464
1.3238111045E9	58.15747617563628
1.3315753925E9	55.74932421385015
1.3393396805E9	58.14314214452652
1.3471039685E9	58.15565510244906
1.3548682565E9	58.1461510038197
1.3626325445E9	58.030072340239556
1.3703968325E9	58.10342765150835
1.3781611205E9	55.45819888518345
1.3859254085E9	57.717809402830255
1.3905789145E9	57.643932648932854
1.3944610585E9	55.99642667889039
1.4014539845E9	51.66057294555687
1.4092182725E9	58.14009741334882
1.4169825605E9	58.105705870069436
1.4247468485E9	58.152002498097964
1.4325111365E9	45.116933050683414
1.4402754245E9	54.71253619382564
1.4480397125E9	58.082920313958404
1.4558040005E9	58.150088876275504
1.4635682885E9	58.02302194880388
1.4713325765E9	58.21900897407813
1.4790968645E9	51.888960809189314
1.4868611525E9	58.15382187529389
1.4946254405E9	58.17318314271994
1.5023897285E9	58.21362172542617
1.5101540165E9	58.18266289933806
1.5179183045E9	58.06856624311408
1.5256825925E9	58.04226722909232
1.5330268245E9	57.937036558608476
1.5369089685E9	55.696362919729246
1.5412111685E9	58.16154261581736
1.5489754565E9	58.153557090444075
1.5567397445E9	58.140988922714136
1.5645040325E9	58.17332995734301
1.5722683205E9	55.563366309934246
1.5800326085E9	25.651804422702945
1.5877968965E9	0.0
1.5955611845E9	15.859766479586133
1.6033254725E9	37.135864873293485
1.6110897605E9	58.172408584279246
1.6188540485E9	58.042301904849474
1.6266183365E9	58.014531573426616
1.6343826245E9	57.92093579012973
1.6421469125E9	58.14124233100884
1.6499112005E9	57.83026147739664
1.6576754885E9	58.12359758872323
1.6654397765E9	58.07742086003196
1.672102775E9	57.18860567398802
1.675984919E9	56.68489436661305
1.6809683525E9	58.01624488508801
1.6887326405E9	58.13630554782444
1.6964969285E9	58.01431322634211
1.7042612165E9	58.12627764830257
1.7120255045E9	41.32235108633088
1.7197897925E9	42.6250614645994
1.7275540805E9	57.82827757771152
1.7353183685E9	58.14673650306455
1.7430826565E9	58.1152293779568
1.7508469445E9	57.992479208552034
1.7586112325E9	57.556050114528034
1.7663755205E9	58.118996597679576
1.7741398085E9	58.12887703612863
1.7819040965E9	58.05259687379407
1.7896683845E9	58.123471951802884
1.7974326725E9	58.07332606450166
1.804997934E9	55.7931985526016
1.808880078E9	47.41671391297808
1.8129612485E9	57.24841412336207
1.8207255365E9	58.09137223526818
1.8284898245E9	58.133031899585404
1.8362541125E9	58.12252978813567
1.8440184005E9	58.166132975874405
1.8517826885E9	58.10409223933698
1.8595469765E9	33.045788367323716
1.8673112645E9	57.99239620913078
1.8750755525E9	58.00276112036277
1.8828398405E9	58.074574750005986
1.8906041285E9	58.1855551740067
1.8983684165E9	56.685167396165596
1.9061327045E9	58.11111570710613
1.9138969925E9	58.154105865649136
1.9216612805E9	58.09453354061687
1.9294255685E9	58.073365842276026
1.9371898565E9	58.079726030369095
1.942419837E9	58.037019551269736
1.946301981E9	57.888171468716955
1.9527184325E9	57.87596780370185
1.9604827205E9	58.19501037780759
1.9682470085E9	58.15712911301258
1.9760112965E9	41.53939022970261
1.9837755845E9	52.80963192588978
1.9915398725E9	58.17406492410657
1.9993041605E9	58.10584698132572
2.0070684485E9	58.15016229794757
2.0148327365E9	58.111465577616855
2.0225970245E9	58.20163493679716
2.0303613125E9	58.17426367735249
2.0381256005E9	58.154900718673765
2.0458898885E9	58.14648848219563
2.0536541765E9	58.15383409089944
2.0614184645E9	58.15420419434839
2.0691827525E9	58.06843134150744
2.0750539395E9	57.80014384684908
2.0789360835E9	0.0
2.0847113285E9	0.0
2.0924756165E9	10.532382608135977
2.1002399045E9	58.080117413336346
2.1080041925E9	58.086294646451286
2.1157684805E9	58.08030330504349
2.1235327685E9	58.14541985368911
2.1312970565E9	57.45070929937121
2.1390613445E9	58.06905298589314
2.1468256325E9	58.1559898750913
2.1545899205E9	58.1557677738874
2.1623542085E9	58.23623007115267
2.1701184965E9	58.19140280978702
2.1778827845E9	58.100928701943175
2.1856470725E9	57.85722390140964
2.1904682635E9	57.82361135923914
2.1943504075E9	0.0
2.2011756485E9	0.0
2.2089399365E9	38.64305337107406
2.2167042245E9	58.07140611138731
2.2244685125E9	58.16273706225826
2.2322328005E9	58.18334871056148
2.2399970885E9	58.178237931723885
2.2477613765E9	58.13607333177108
2.2555256645E9	58.169008102215706
2.2632899525E9	58.14157923075385
2.2710542405E9	58.10257567350282
2.2788185285E9	58.117324422894484
2.2865828165E9	58.09740754384331
2.2943471045E9	57.759609777683714
2.2983401385E9	58.29031431267865
2.3022222825E9	0.0
2.3098756805E9	0.0
2.3176399685E9	19.638651592301603
2.3254042565E9	53.565930356358066
2.3331685445E9	55.870840241899195
2.3409328325E9	57.755971354160124
2.3486971205E9	58.1177370357981
2.3564614085E9	58.15057032453188
2.3642256965E9	58.13718806703782
2.3719899845E9	57.51115963815082
2.3797542725E9	56.25073290294647
2.3875185605E9	57.88467116611841
2.3952828485E9	58.067397051953314
2.399803605E9	54.86494672406738
2.403685749E9	57.62275845351315
2.4108114245E9	58.13090386338166
2.4185757125E9	50.51922175813426
2.4263400005E9	54.2973746747224
2.4341042885E9	37.85597286805391
2.4418685765E9	1.5324270616021296
2.4496328645E9	48.53707414817854
2.4573971525E9	58.0628011029768
2.4651614405E9	58.17505533625289
2.4729257285E9	57.184522460681684
2.4806900165E9	58.08801653470704
2.4876763615E9	57.0191311887856
2.4915585055E9	57.12169398883466
2.4962185925E9	58.017492665776466
2.5039828805E9	57.91530509762945
2.5117471685E9	41.61263635369324
2.5195114565E9	47.145846016934875
2.5272757445E9	53.87812743829723
2.5350400325E9	55.175452348296346
2.5428043205E9	58.156123270292376
2.5505686085E9	58.00435978176512
2.5583328965E9	57.97429048516348
2.5660971845E9	58.07515384603856
2.572008666E9	57.64411211942891
2.57589081E9	55.43876198687911
2.5816257605E9	58.07613206794981
2.5893900485E9	25.684394233286817
2.5971543365E9	53.51393385558626
2.6049186245E9	58.18257539828826
2.6126829125E9	58.127991657186854
2.6204472005E9	57.922698142807505
2.6282114885E9	58.14843854942831
2.6359757765E9	58.17071058911125
2.6437400645E9	58.222909216075074
2.6510167485E9	57.7960122490078
2.6548988925E9	48.09849862577407
2.6592686405E9	57.909487874229356
2.6670329285E9	57.0664350319563
2.6747972165E9	58.14067163979072
2.6825615045E9	56.967903041821444
2.6903257925E9	54.859071674383
2.6980900805E9	58.06326795051244
2.7058543685E9	57.16809938823665
2.7113827085E9	58.04963631941158
2.7152648525E9	57.91483022793123
2.7213829445E9	58.131754724983274
2.7291472325E9	58.11431410479489
2.7369115205E9	39.392668475029936
2.7446758085E9	45.67166083377139
2.7524400965E9	58.144488562923705
2.7602043845E9	58.09328263865384
2.7679686725E9	58.09838934724147
2.774661944E9	57.78453830101266
2.778544088E9	0.0
2.7834972485E9	19.15535761357004
2.7912615365E9	52.9103057099129
2.7990258245E9	58.23585085119976
2.8067901125E9	58.14051504637264
2.8145544005E9	57.859257248399146
2.8213097995E9	55.96343537218129
2.8251919435E9	0.0
2.8300829765E9	0.0
2.8378472645E9	37.02952138262403
2.8456115525E9	51.90147474533894
2.8533758405E9	58.12772971179015
2.8611401285E9	58.074735615496955
2.8689044165E9	58.051613975319846
2.8738940415E9	57.48045285115147
2.8777761855E9	56.5743757144924
2.8844329925E9	57.970385474766616
2.8921972805E9	58.1349390256034
2.8999615685E9	58.20708944746999
2.9077258565E9	58.20418301341303
2.9154901445E9	58.10089130504184
2.9232544325E9	55.92482356707703
2.9310187205E9	43.105630611386935
2.9387830085E9	46.35260165697436
2.9465472965E9	55.575063108685924
2.9543115845E9	58.15787130410814
2.9620758725E9	57.851883690205696
2.9698401605E9	57.8996588689462
2.9776044485E9	55.92617209612717
2.9853687365E9	58.1415313734684
2.9931330245E9	56.15297400671923
3.0008973125E9	58.137029656584666
3.0086616005E9	56.78659771972244
3.0164258885E9	56.35260016150246
3.0241901765E9	57.16320997541184
3.029557369E9	53.721701599476226
3.033439513E9	37.06242935709464
3.0397187525E9	20.70582403507574
3.0474830405E9	8.855306082317766
3.0552473285E9	13.944034156858084
3.0630116165E9	0.0
3.0707759045E9	0.0
3.0785401925E9	0.0
3.0853460845E9	45.46790455437848
3.088278117E9	58.04009895264841
3.088373929E9	45.432875168710815
3.0884774725E9	51.234460943298394
3.0885573295E9	53.68743611776944
3.0886546005E9	26.99903647450132
3.0887081185E9	27.81160023826262
3.0887493115E9	38.40592257922569
3.088858438E9	25.8206951856217
3.088966832E9	51.16586026864369
3.089008063E9	44.522138351996254
3.089109657E9	11.68679909447496
3.089267292E9	10.051993647041149
3.08942189E9	8.563491422576506
3.089604443E9	35.47141484567381
3.089755642E9	45.81981269900145
3.0898220175E9	20.46227782697106
3.0898610755E9	22.992529397005406
3.089968525E9	33.75243933219179
3.0900764725E9	38.66076093295315
3.090141311E9	3.5831777057887133
3.090191469E9	0.282350460392212
3.090297168E9	36.16702230765532
3.090503609E9	30.05990979689231
3.0907062205E9	51.81471843477956
3.09089898E9	38.17992779192981
3.091013772E9	46.88155160364564
3.091052607E9	50.88923808670066
3.0911587895E9	46.73647991684324
3.091267064E9	54.49378393430474
3.0915130575E9	8.480695594356687
3.092673561E9	14.720788164707784
3.093702736E9	47.121835632044004
3.093935951E9	33.76152254674745
3.094132646E9	31.63812103056758
3.0942642985E9	16.644093109795534
3.094360447E9	49.447063564302965
3.0944711045E9	9.33590097016551
3.0946435155E9	14.628672021461371
3.094747446E9	40.16270385876662
3.0948598115E9	9.261604908397866
3.0950026905E9	35.20580603374073
3.095104297E9	39.40164964447897
3.095190977E9	11.710213485824763
3.0952465895E9	0.0
3.0952663465E9	31.472983479105928
3.095268566E9	28.885445272655943
3.0952706195E9	30.04190902311708
3.0952723265E9	20.004
3.0952838005E9	15.617278822761525
3.0952967465E9	23.11010934040863
3.095299555E9	11.247625797306874
3.0953008775E9	11.761606022584692
3.0953027375E9	23.42705263157895
3.0953043745E9	0.9426395939086294
3.095311073E9	18.07447437304737
3.0953361175E9	13.396618527650581
3.095355552E9	0.8822222222222222
3.0953574645E9	17.29843703922147
3.095360032E9	4.72554002541296
3.095361791E9	8.581469648562301
3.095363378E9	15.923338098641887
3.095365611E9	23.728934283026476
3.0953678415E9	0.0
3.095369933E9	52.55426160337553
3.095371677E9	14.31881051175657
3.09537289E9	4.592922985429676
3.0953743225E9	5.206508875739645
3.095375945E9	52.22295805739515
3.095572656E9	44.88788618958181
3.095769303E9	46.686772542028145
3.0957708065E9	28.36668061950607
3.0957736535E9	50.07398976296822
3.095822105E9	44.17237736928681
3.095924849E9	24.38932729460891
3.095983129E9	54.1874039650714
3.095986364E9	22.441582900720263
3.0959887305E9	40.146934673366836
3.0959909825E9	26.717758868383246
3.095993051E9	45.182552504038775
3.0959946765E9	50.64724628785912
3.096006671E9	39.2853621968318
3.0960870785E9	42.058510389759334
3.0961589785E9	53.86720312714724
3.096165879E9	54.8912216934886
3.096173123E9	51.66825565714966
3.09617898E9	50.273877124679515
3.096183283E9	53.08154077423175
3.096185859E9	28.57954939341421
3.0961883E9	12.1046735726331
3.0961908755E9	17.04028742128209
3.096192456E9	3.981981981981982
3.096238607E9	47.12929153355671
3.0962848625E9	3.045749142203584
3.096286263E9	38.13785675821217
3.0962877625E9	42.02425578831312
3.096289947E9	35.89239524055872
3.096292208E9	37.13827549947424
3.0962965075E9	1.2857142857142858
3.096315547E9	16.262550381754433
3.0963533005E9	29.09120365003779
3.09637788E9	49.116144392427536
3.096382479E9	51.14916020845065
3.0963879875E9	15.475460919241755
3.0963943185E9	28.50844536207906
3.096398918E9	26.446784291405805
3.0964033365E9	31.827422102178886
3.0964070605E9	38.41829674234207
3.0964084065E9	13.743962432915922
3.0964096105E9	0.0
3.096411644E9	22.610219522135843
3.0964135175E9	0.0
3.0964147555E9	0.0
3.0964161835E9	0.5567010309278351
3.0964174105E9	15.527489088246584
3.096418484E9	19.43448455192303
3.096419946E9	19.93510005408329
3.096422275E9	1.9834913944502985
3.0964254675E9	20.574597244921783
3.0964313925E9	2.7238627700127065
3.0964360765E9	0.0
3.096437123E9	0.0
3.0964382945E9	0.0
3.096440137E9	0.0
3.096442099E9	0.0
3.096443439E9	21.900601277715143
3.0964449505E9	0.0
3.0964464985E9	0.0
3.0964475915E9	0.0
3.0964489705E9	0.0
3.0964506065E9	0.0
3.0964522235E9	0.0
3.0964537525E9	0.0
3.0964552355E9	0.9971408148677627
3.09645655E9	19.68847352024922
3.0964580005E9	0.0
3.0964594605E9	0.8865979381443299
3.096462063E9	35.6771966948811
3.0964647385E9	4.848130841121495
3.0964666345E9	0.0
3.0964687875E9	0.0
3.096470338E9	0.0
3.0964722525E9	1.8728005262292386
3.096474844E9	0.0
3.0964802425E9	53.98665898529915
3.0964880595E9	52.39907424442623
3.0965833285E9	32.10698301565545
3.0967643755E9	53.19843339966128
3.0969348755E9	12.253998559501989
3.097105623E9	37.58924377693462
3.0972741855E9	15.88075327615233
3.0973604055E9	3.5776080418504463
3.097450029E9	18.520738165657566
3.0976374775E9	34.707031275397306
3.0978270425E9	32.99743800914686
3.0979310955E9	40.99219721813864
3.097952041E9	30.572523961661343
3.0979864125E9	52.192427756863815
3.098119023E9	22.79953448338524
3.098265051E9	16.80423424348658
3.098391091E9	50.85329261366932
3.0985448955E9	38.82328614962127
3.0986946915E9	34.579605010720506
3.098783935E9	0.0
3.0988292795E9	22.12330848987591
3.098880847E9	22.686225058742046
3.098919304E9	41.666783771772025
3.0989774605E9	30.0198866165165
3.099052881E9	40.81916033342222
3.0991573655E9	29.514665451120134
3.099319594E9	29.292127213789904
3.0995012675E9	20.78602139544966
3.099670145E9	40.44101460444849
3.09983663E9	0.0
3.0999236415E9	0.0
3.099926258E9	55.84647188533627
3.0999293305E9	55.84586409898224
3.0999317075E9	53.39683416160501
3.099933225E9	50.25089605734767
3.099934473E9	42.402974983096684
3.099935544E9	56.196374622356494
3.099936873E9	55.82829127394345
3.0999392435E9	56.45543349849241
3.0999417715E9	57.325543947090964
3.099944294E9	58.98265472126114
3.099947122E9	0.9828125
3.099949542E9	35.86297969517947
3.099951465E9	0.0
3.0999532635E9	0.0
3.0999548975E9	0.0
3.099956276E9	0.0
3.0999589355E9	58.26962921030286
3.099961492E9	0.0
3.0999627755E9	0.0
3.099966206E9	49.147984031936126
3.099971928E9	0.0
3.0999763185E9	58.28672319462912
3.0999787225E9	0.0
3.099980804E9	0.0
3.099982934E9	48.808818080770656
3.0999846185E9	53.02199022656597
3.0999859675E9	22.546875
3.099987108E9	0.0
3.0999883185E9	15.275307980717729
3.099989888E9	54.319372729011285
3.0999934275E9	55.2017515489889
3.099997199E9	50.912985459230626
3.0999989405E9	59.256965944272444
3.100000503E9	42.77845499645641
3.100002242E9	44.42820622070729
3.100004537E9	57.52164405216704
3.100007437E9	48.04586073174844
3.1000093805E9	57.73903262092239
3.1000104305E9	54.06374501992032
3.100011833E9	51.23742079761461
3.1000136915E9	40.4792796281952
3.1000154645E9	46.908874801901746
3.100017134E9	53.55129179331307
3.1000187915E9	51.78897502153316
3.100020568E9	52.18798094540124
3.1000221625E9	58.762446657183496
3.1000236955E9	43.071078739168655
3.1000264625E9	39.22667758692262
3.100029677E9	56.71960891461992
3.100031578E9	44.32234432234432
3.1000326205E9	59.505494505494504
3.100033658E9	0.0
3.100035464E9	46.954637166173285
3.1000409715E9	37.540219147183066
3.1000479435E9	22.635679010289746
3.100051797E9	55.649344040385536
3.100053416E9	55.1506958250497
3.10005829E9	55.69294344706424
3.1000639665E9	36.98455935289883
3.1000665115E9	48.166318864774624
3.100068816E9	57.053659631791646
3.100070957E9	52.702204523995235
3.1000725955E9	13.408577878103838
3.10007379E9	39.51474798160121
3.1000757855E9	58.132923226506115
3.1000785755E9	57.92705555857866
3.1000897445E9	57.34869917085682
3.1001009405E9	58.06584698945332
3.1001076425E9	58.721952721004676
3.1001174535E9	0.0
3.10012562E9	57.86809863323981
3.1001304845E9	58.086283872508055
3.1001326025E9	58.99890230515916
3.100134138E9	8.403885480572598
3.100136976E9	57.503021207693216
3.1001412695E9	57.531183008979184
3.1001454075E9	0.0
3.1001489115E9	0.0
3.1001523505E9	57.56295375760351
3.1001553555E9	45.90752881098613
3.1001569595E9	49.706600580270795
3.1001596515E9	57.45396728359151
3.100164687E9	58.51212104777916
3.100169456E9	57.24380468042926
3.100173756E9	57.94986428229283
3.100178605E9	0.0
3.100182461E9	58.023940718221546
3.1001845245E9	31.99867071781238
3.100186698E9	58.34658347589816
3.1001901715E9	57.71308887430054
3.1001926785E9	41.85376232485729
3.1001942255E9	0.0
3.100196577E9	58.788207072661145
3.100199826E9	58.61359665163152
3.1002050385E9	57.99237314241404
3.1002116325E9	56.962321506896046
3.100215983E9	58.794555238999685
3.100218536E9	0.9548022598870056
3.1002222875E9	0.0
3.100226716E9	0.0
3.100230998E9	59.02036067481094
3.10023432E9	58.285621457709105
3.100237109E9	32.060490695599036
3.100241596E9	57.840166449448574
3.1002465235E9	58.689553702795486
3.100249222E9	49.26315789473684
3.1002504975E9	58.427545369811945
3.1002526125E9	58.045985143261404
3.1002555955E9	56.37552772808587
3.1002585615E9	58.44486934353091
3.1002608765E9	55.71704651472744
3.100264232E9	58.66614193406674
3.1002683515E9	0.0
3.1002730005E9	57.96893718207266
3.100276567E9	0.0
3.1002785615E9	58.01494859050727
3.1002805655E9	40.48757966396292
3.1002818545E9	0.0
3.100283864E9	0.0
3.100286221E9	0.0
3.1002886105E9	29.469862865195946
3.100297238E9	58.34121255926711
3.100308266E9	57.963336354723545
3.1003148695E9	0.0
3.1003201675E9	58.603851791942574
3.100323191E9	46.656976744186046
3.100327556E9	58.61580100256961
3.1003361335E9	57.978015910859035
3.100341505E9	33.942344237817295
3.100343284E9	57.77051477160181
3.1003451525E9	55.31075739771392
3.10034797E9	0.0
3.1003522945E9	57.9068687778278
3.1003595775E9	56.94366429729604
3.100367519E9	57.63207238909136
3.1003726985E9	57.7914083996749
3.1003758895E9	58.71999561579774
3.1003787135E9	0.0
3.1003813635E9	0.0
3.100384543E9	58.19692222031358
3.100388122E9	27.847300693318125
3.100390936E9	57.78497848801475
3.1003962175E9	58.24302627380983
3.1004020815E9	58.36407569581706
3.1004062135E9	25.912820385084814
3.100409423E9	42.06484274019819
3.1004119315E9	57.823844748584946
3.100414125E9	57.93519618059763
3.100417918E9	58.42109279609279
3.100423028E9	57.730857537039135
3.1004269835E9	58.4139818812777
3.1004299135E9	0.0
3.100431937E9	0.0
3.100433132E9	0.0
3.100434876E9	0.0
3.1004377605E9	52.84096277321268
3.1004408225E9	57.6805244285074
3.1004441155E9	0.0
3.1004490815E9	58.898994348582846
3.100453243E9	58.47258840377483
3.1004556705E9	58.40108886421434
3.1004587745E9	58.60211996913455
3.100461398E9	50.047486465583916
3.100462798E9	50.98293089092423
3.1004649905E9	58.686535489377405
3.100471036E9	0.0
3.1004779445E9	57.66761933413558
3.1004820575E9	43.29362830791489
3.100486718E9	57.56748729047603
3.1004910255E9	0.0
3.10049749E9	0.0
3.1005038655E9	0.0
3.1005113075E9	0.0
3.100520375E9	58.44721575711259
3.100524579E9	57.925616490526515
3.100528576E9	57.57339211048542
3.100533401E9	58.33366833199656
3.1005371995E9	58.38302092811647
3.100540127E9	0.0
3.100544135E9	0.0
3.1005486665E9	58.59817149848758
3.1005512115E9	55.68345143287139
3.100552639E9	56.46332848535217
3.1005539095E9	21.787709497206706
3.1005560785E9	57.78466806163211
3.100558656E9	58.66456929447106
3.100561947E9	49.732432075097506
3.10056789E9	0.0
3.100573138E9	0.0
3.100576513E9	58.209332027757675
3.100580371E9	57.536385820217916
3.100591292E9	13.464449204565586
3.100602639E9	58.66627274465164
3.100606305E9	0.0
3.100608874E9	0.0
3.1006116575E9	58.6916669488369
3.1006156585E9	0.0
3.100620518E9	0.0
3.1006254325E9	58.42720100594236
3.1006312815E9	0.0
3.1006367155E9	43.46187738373086
3.100640534E9	58.04020550809487
3.100643878E9	54.643363396192036
3.100647993E9	0.0
3.1006508345E9	58.867924528301884
3.100653317E9	0.0
3.1006563755E9	0.0
3.1006598935E9	0.0
3.1006649805E9	0.0
3.1006712605E9	0.0
3.1006757165E9	0.0
3.100677201E9	20.318546362021923
3.10067847E9	57.38894095595126
3.100683289E9	57.67528704170043
3.1006885805E9	57.87712627576546
3.100691006E9	57.809772036187134
3.1006942785E9	0.0
3.1006969395E9	0.0
3.1006991355E9	50.87307756603143
3.1007016905E9	45.238765224695506
3.100704182E9	50.83582089552239
3.100706833E9	42.3564613613974
3.100708945E9	0.0
3.100712266E9	0.0
3.10071577E9	54.31605471562275
3.100717503E9	51.42011834319526
3.100719116E9	0.0
3.1007206285E9	27.89448669201521
3.1007221265E9	47.878510531594785
3.100724699E9	0.0
3.1007268945E9	0.0
3.1007289465E9	0.0
3.1007309285E9	0.0
3.1007330965E9	58.82588303979761
3.1007392415E9	57.966941798642935
3.1007470865E9	59.12866357361096
3.1007528755E9	0.0
3.1007561985E9	57.68522294725394
3.1007588475E9	0.0
3.100761762E9	49.03994631720218
3.1007635275E9	0.0
3.100764747E9	29.032269257460097
3.1007667445E9	35.39344826907559
3.1007691425E9	56.11280929911382
3.100772442E9	0.0
3.100775528E9	52.481288076588335
3.100781116E9	58.56993508823434
3.10079114E9	0.0
3.100797975E9	0.9354838709677419
3.1008007345E9	59.16419919246299
3.100804877E9	58.59947199451586
3.100809349E9	32.306332842415316
3.1008114985E9	37.26395534290271
3.1008137425E9	7.587988737148151
3.1008164375E9	2.8536838240058753
3.100825815E9	7.8670230668389785
3.100837982E9	4.33517487933146
3.100842972E9	49.67486093665889
3.1008451085E9	47.81646090534979
3.10084822E9	57.82218597063621
3.1008510465E9	44.79749906681597
3.100852321E9	0.0
3.1008571395E9	58.25277146327033
3.1008619615E9	53.00751879699248
3.1008648315E9	59.38529895392366
3.100868278E9	57.219933799190876
3.100873156E9	55.171772810373746
3.1008795525E9	46.150706793243025
3.100884274E9	37.85946483378723
3.10088846E9	21.861084481221724
3.1008916615E9	11.552403693091373
3.10089384E9	34.01859662576687
3.1008970555E9	57.18875356929411
3.1008998325E9	33.95187402971834
3.100902708E9	40.24418233240994
3.1009063655E9	45.02732655553347
3.1009089965E9	46.3898205587904
3.1009125255E9	39.75245781422179
3.1009156975E9	51.24161444452448
3.100917935E9	48.08163305634874
3.1009210515E9	48.6264786392967
3.1009240305E9	45.832165816504784
3.100926116E9	39.835460356622185
3.1009275335E9	18.663979502562178
3.100928649E9	43.69640750303507
3.1009304855E9	50.86271499301326
3.100935775E9	0.0
3.1009404825E9	0.0
3.1009433075E9	27.620439553727756
3.100962012E9	9.309561830197707
3.100979643E9	7.18839805565942
3.1009826315E9	51.09513671621897
3.100986095E9	48.88583988477465
3.100988659E9	22.88365155131265
3.1009913515E9	43.73675467519066
3.100994484E9	47.914968775626065
3.100999235E9	45.55297036054916
3.1010045095E9	54.859675060346504
3.101007663E9	44.54057626222575
3.101009454E9	56.06585788561525
3.1010139635E9	58.320241911317346
3.10102777E9	58.369371931221444
3.101038557E9	46.00349483717236
3.1010399745E9	12.631578947368421
3.10104147E9	7.234782608695652
3.101043057E9	32.84905660377358
3.101044461E9	57.64850065189048
3.101046252E9	26.47363150867824
3.101048543E9	58.02947500447949
3.101051444E9	58.517998200796086
3.101053714E9	0.0
3.101055658E9	0.0
3.1010593945E9	0.0
3.1010636115E9	57.64407311360214
3.101066684E9	55.27715713243137
3.101069485E9	0.0
3.10107171E9	0.0
3.1010747125E9	57.549975621647974
3.101082788E9	58.739626157697764
3.1010891985E9	58.27831306270731
3.101090371E9	0.0
3.101091454E9	0.0
3.1010926105E9	0.0
3.101093789E9	0.0
3.101094954E9	0.0
3.1010960955E9	0.0
3.1010976565E9	51.609897705280616
3.1010992105E9	59.056356487549145
3.1011004015E9	0.9245283018867925
3.101103073E9	1.0
3.101108811E9	0.0
3.1011134185E9	32.59718309859155
3.1011171035E9	58.32924897131068
3.1011208445E9	33.202445824356865
3.1011223705E9	58.70101753626326
3.1011236055E9	58.12958825406958
3.101126918E9	0.0
3.101130602E9	34.09420531642754
3.1011321595E9	0.0
3.101133927E9	38.34020857473928
3.1011356635E9	55.95862068965517
3.1011368845E9	53.26872294372294
3.1011381815E9	49.568893528183715
3.10113931E9	56.03676601820453
3.1011404165E9	59.541984732824424
3.101141667E9	57.867862015201716
3.101143503E9	54.699149636538195
3.1011454715E9	57.926476550885255
3.101147397E9	57.538520524310464
3.1011501335E9	16.36966126656848
3.101157518E9	57.25882329607997
3.1011645045E9	57.97163675855885
3.1011668885E9	21.435835156903405
3.1011686545E9	0.0
3.1011709785E9	56.18383258104227
3.101173445E9	11.0
3.101205684E9	36.72848460739729
3.1012403025E9	43.66628766344514
3.1012453615E9	43.54672609548128
3.1012505225E9	53.39418372326803
3.1012614495E9	37.210243391962415
3.1012739195E9	40.16483504259467
3.101281912E9	53.25616677537098
3.1012871705E9	47.904040480785305
3.101295694E9	48.68437599348369
3.1013044905E9	53.79462323434239
3.1013083555E9	53.13625154751241
3.1013114625E9	50.56979695431472
3.101316135E9	42.66071788208543
3.1013198035E9	37.01261926746691
3.101320917E9	0.0
3.101322018E9	44.59141019751952
3.1013238925E9	23.203994884140837
3.101326703E9	19.85693550298195
3.1013294495E9	20.48050903681068
3.1013318685E9	8.70407136806438
3.1013343305E9	24.935604501780315
3.101336736E9	11.97864891235723
3.101339303E9	20.07711119366023
3.101342702E9	42.634175398330456
3.101345195E9	0.0
3.1013472335E9	57.45635910224439
3.101349218E9	57.802929427430094
3.1013517465E9	53.64112852268419
3.101354867E9	49.747860112496944
3.1013568785E9	0.0
3.101370363E9	57.75702740018833
3.1013921985E9	57.71220824767203
3.1014090845E9	58.470948148610624
3.101423574E9	57.72768146900546
3.101436092E9	0.0
3.1014467775E9	0.0
3.10145676E9	58.21572801241371
3.1014665925E9	58.24171224305346
3.101476343E9	58.005607410991615
3.1014858855E9	56.08957376663135
3.1014950245E9	0.0
3.101503724E9	0.0
3.1015121195E9	43.80811053419725
3.101520406E9	0.0
3.101528602E9	57.4445374633738
3.101536693E9	58.101358971467235
3.1015446345E9	58.38366567201882
3.1015524055E9	56.802742690287175
3.1015601115E9	0.0
3.101567702E9	57.77780771999823
3.1015751255E9	0.0
3.1015823905E9	57.46934514394179
3.101589504E9	44.860472655363566
3.101596546E9	0.0
3.101603554E9	0.0
3.1016105495E9	0.0
3.101617536E9	20.58645246770454
3.101624424E9	0.0
3.101631085E9	55.36522397325172
3.1016374705E9	56.48155874965113
3.1016435565E9	58.19868444365698
3.1016494765E9	0.0
3.1016553825E9	58.525060213327215
3.101661271E9	0.0
3.1016671275E9	0.0
3.101672916E9	0.0
3.101678576E9	0.0
3.101684071E9	0.0
3.1016894025E9	0.0
3.1016946505E9	58.131045119642636
3.1016998325E9	0.0
3.1017049205E9	0.0
3.101709929E9	0.0
3.101714835E9	57.42289759160729
3.1017196755E9	57.776258374036345
3.101724499E9	0.0
3.101729313E9	0.0
3.1017340725E9	57.21977510006141
3.1017387675E9	0.0
3.10174343E9	54.22902040450512
3.1017480095E9	0.0
3.101752486E9	47.63569710161531
3.1017569135E9	0.0
3.101761326E9	58.3205574448223
3.1017657265E9	58.62842769777076
3.101770102E9	0.0
3.101774441E9	0.0
3.1017787455E9	53.77894517298016
3.1017830115E9	58.45537435089674
3.1017872465E9	57.40947265361849
3.1017914715E9	0.0
3.1017956905E9	0.0
3.1017999035E9	58.00156119561564
3.1018041115E9	55.215316596709705
3.1018082655E9	0.0
3.101812367E9	57.563551739492056
3.101816459E9	0.0
3.101820484E9	49.26045600604253
3.101824445E9	0.0
3.101828395E9	0.0
3.1018323325E9	56.2189758300489
3.101836262E9	53.34703285177792
3.1018401885E9	0.0
3.10184411E9	47.95794943877865
3.1018480235E9	0.0
3.1018519235E9	0.0
3.1018558145E9	54.17918584264738
3.101859689E9	0.0
3.1018635415E9	56.064976757699014
3.101867382E9	0.0
3.1018712145E9	0.0
3.1018750435E9	58.98700386371619
3.10187887E9	0.0
3.101882693E9	9.0
3.101886508E9	0.0
3.101890313E9	0.0
3.101894113E9	52.4976044967557
3.101897881E9	0.0
3.1019016E9	56.21356977640709
3.1019052995E9	49.39836151559807
3.1019089945E9	0.0
3.1019126835E9	56.90163194291503
3.101916365E9	57.266679744010986
3.1019200355E9	0.0
3.101923674E9	44.89025821596244
3.101927286E9	52.10404895195938
3.1019308945E9	57.30845514050888
3.1019344895E9	56.40925908912479
3.101938072E9	3.4820989341350095
3.101941634E9	0.0
3.1019451695E9	58.018882486108254
3.101948697E9	51.93954000826332
3.1019522085E9	58.877659963436926
3.101955703E9	57.585626246611774
3.1019591915E9	58.48576931307511
3.101962651E9	0.0
3.101966064E9	53.92071448743293
3.1019694465E9	57.66581888606295
3.101972819E9	0.0
3.101976185E9	58.03776706506547
3.101979541E9	51.077080813147255
3.1019828865E9	55.31358464258148
3.1019862165E9	57.97386998793359
3.1019895175E9	56.887160415438345
3.1019927975E9	58.84059284775416
3.1019960665E9	55.7551436954422
3.1019993255E9	58.9767854234896
3.102002581E9	48.172832780672664
3.102005831E9	58.842329046313864
3.1020090695E9	0.0
3.1020122965E9	0.0
3.1020155165E9	0.0
3.1020187305E9	55.43264853955753
3.1020219335E9	54.0046811625141
3.102025125E9	57.97759533951141
3.102028308E9	55.53766042165712
3.1020314845E9	34.11547508613835
3.102034659E9	0.0
3.1020378305E9	49.67355105924496
3.1020409985E9	58.793565683646115
3.102044163E9	0.0
3.102047316E9	52.20220846505093
3.102050456E9	53.58325123152709
3.1020535825E9	55.912877478811815
3.1020566935E9	53.43740978182668
3.102059793E9	54.57013101957313
3.102062879E9	56.314465408805034
3.102065945E9	0.0
3.102068997E9	0.0
3.10207203E9	46.84666009469198
3.1020750435E9	57.29137594194809
3.102078054E9	44.50009541620549
3.102081057E9	0.0
3.102084054E9	54.332936967383255
3.102087044E9	54.42849595858207
3.102090025E9	54.86245228407232
3.102092998E9	58.55491640234396
3.102095965E9	55.748209468886614
3.1020989315E9	0.0
3.1021018915E9	53.02052452433611
3.1021048445E9	56.13097975162227
3.1021077875E9	58.829066331676074
3.1021107135E9	40.41349045602406
3.10211362E9	58.368438113110976
3.102116511E9	57.698827757901505
3.102119394E9	56.790059750135796
3.1021222725E9	58.034063762644884
3.1021251475E9	45.36740356330846
3.1021280175E9	56.96856770685847
3.1021308845E9	0.0
3.10213375E9	58.15323308270677
3.1021366145E9	58.19673091569512
3.102139476E9	57.29535118746842
3.1021423325E9	45.65400896084271
3.1021451745E9	58.59400544959128
3.1021480035E9	0.0
3.1021508295E9	57.60551716260209
3.102153651E9	58.37108940573473
3.102156467E9	26.94794940350548
3.102159278E9	0.0
3.1021620835E9	0.0
3.10216488E9	0.0
3.102167667E9	0.0
3.1021704475E9	55.57005139920046
3.102173225E9	0.0
3.1021759985E9	0.0
3.102178768E9	0.0
3.102181536E9	57.65646071624794
3.102184301E9	49.970258961890764
3.102187055E9	55.7220502901354
3.1021897985E9	53.58419676575966
3.1021925375E9	56.900705330347485
3.10219527E9	50.519736658576726
3.1021979975E9	0.0
3.10220072E9	52.696745042989996
3.102203437E9	0.0
3.1022061485E9	57.92281807984964
3.1022088545E9	58.97596127991395
3.1022115525E9	0.0
3.102214244E9	55.919172836354356
3.1022169345E9	55.4058508740635
3.102219623E9	39.891235126529246
3.102222305E9	0.0
3.1022249775E9	56.153516394392305
3.1022276455E9	58.615151976262034
3.102230311E9	57.55725300552916
3.10223297E9	0.0
3.1022356195E9	0.0
3.1022382625E9	57.91781812702479
3.1022408995E9	56.89127551082499
3.1022435315E9	57.419386612939334
3.1022461615E9	56.454688221709006
3.102248787E9	57.57066226531875
3.1022514095E9	58.83866057838661
3.10225403E9	48.19363264153607
3.102256642E9	52.66351085612342
3.102259246E9	50.40568620831927
3.102261848E9	57.32173622310506
3.1022644475E9	0.0
3.102267045E9	59.338685535447
3.1022696415E9	0.0
3.1022722365E9	51.70137387544459
3.1022748265E9	0.0
3.102277412E9	59.112426035502956
3.102279996E9	58.10980038078788
3.1022825765E9	58.70189023001594
3.10228515E9	55.23441704035874
3.102287719E9	55.752161055505006
3.102290279E9	0.0
3.1022928285E9	0.0
3.1022953765E9	52.99213413371972
3.1022979235E9	56.22521943909227
3.102300469E9	52.06523804933137
3.1023030085E9	0.0
3.102305542E9	54.67908578838595
3.1023080695E9	55.62852481938942
3.1023105915E9	35.441907434013075
3.10231311E9	58.35677996779469
3.102315624E9	0.0
3.102318134E9	39.797156638740795
3.1023206395E9	20.8141592920354
3.10232314E9	58.00908500973394
3.102325624E9	0.0
3.102328092E9	56.839526337280525
3.1023305565E9	0.0
3.102333018E9	53.90102758247701
3.102335476E9	0.0
3.1023379295E9	0.0
3.102340372E9	52.766856901289366
3.1023428065E9	49.515072083879424
3.1023452395E9	55.26453255648461
3.102347669E9	3.928532755820249
3.102350093E9	40.08450282802154
3.1023525135E9	58.217505209883896
3.1023549305E9	58.98667970182085
3.1023573395E9	0.0
3.102359743E9	0.0
3.1023621455E9	58.18828127245036
3.102364545E9	58.26961820669071
3.102366941E9	0.0
3.1023693355E9	0.0
3.1023717265E9	0.0
3.1023741115E9	0.0
3.102376493E9	55.76712727272727
3.1023788735E9	0.0
3.1023812475E9	0.0
3.1023836135E9	38.39190173831581
3.102385977E9	55.779841386745225
3.1023883325E9	0.0
3.102390676E9	58.83887468030691
3.102393013E9	0.0
3.1023953465E9	36.018181818181816
3.102397678E9	56.728753487670616
3.1024000085E9	0.0
3.102402335E9	0.0
3.102404656E9	55.88646838794637
3.1024069725E9	58.37472419135252
3.1024092835E9	55.950068166325835
3.1024115905E9	50.34457922668688
3.1024138915E9	58.01713586291309
3.102416183E9	0.0
3.102418466E9	57.90055248618785
3.1024207435E9	46.01845489781536
3.102423018E9	53.36714722169181
3.1024252855E9	0.0
3.1024275435E9	0.0
3.1024297965E9	52.75744013169741
3.102432045E9	0.0
3.102434287E9	59.506398537477146
3.102436518E9	38.4506284647895
3.1024387395E9	55.09920655104013
3.1024409585E9	46.5566464079788
3.102443175E9	31.654112983151634
3.102445389E9	58.233890214797135
3.102447597E9	53.14522942598813
3.1024497985E9	57.84472769409038
3.102451997E9	56.16710087298323
3.1024541925E9	56.538259728902496
3.102456381E9	0.0
3.102458562E9	57.21145194274029
3.10246074E9	58.61972812826769
3.102462917E9	57.52864480442513
3.102465094E9	57.20139514833249
3.1024672665E9	57.4371684157534
3.1024694305E9	45.60218701360897
3.102471588E9	0.0
3.1024737375E9	48.989042005645025
3.102475881E9	58.72288455946496
3.1024780205E9	57.67349694226034
3.1024801555E9	0.0
3.102482287E9	0.0
3.1024844155E9	54.14104577099689
3.102486542E9	56.47960884542727
3.102488667E9	0.0
3.1024907905E9	58.70177534994879
3.102492907E9	54.1533993291336
3.1024950155E9	58.540352293948416
3.1024971155E9	56.31009722054137
3.102499209E9	0.0
3.1025012995E9	54.41596560104693
3.1025033865E9	51.15747460087083
3.1025054725E9	57.899196090794455
3.1025075575E9	0.0
3.1025096395E9	0.0
3.102511719E9	50.953741256686065
3.1025137965E9	58.594107452339685
3.10251587E9	56.4925302957719
3.1025179385E9	58.26444863659749
3.102520002E9	57.107624808881205
3.10252206E9	0.0
3.102524114E9	0.0
3.1025261605E9	57.507552870090635
3.1025281985E9	55.929357694053564
3.102530234E9	54.646232085067034
3.1025322685E9	55.9239056731711
3.1025343015E9	52.506823760432006
3.102536332E9	0.0
3.102538359E9	0.0
3.102540382E9	54.84516204653343
3.1025424015E9	0.0
3.102544418E9	13.010526315789473
3.10254643E9	59.45888216447134
3.102548438E9	0.0
3.102550444E9	57.660703269586676
3.102552448E9	58.3380597160275
3.10255445E9	0.0
3.102556451E9	56.95440128235735
3.1025584515E9	0.0
3.1025604495E9	38.80716723549488
3.1025624435E9	53.508718516468306
3.102564432E9	54.19432264020309
3.102566415E9	47.817243472981176
3.102568394E9	47.08888634017663
3.102570368E9	57.813332121597675
3.1025723375E9	55.975662755323775
3.1025743025E9	56.269676944165965
3.102576264E9	56.229891752827534
3.1025782245E9	56.139541175197486
3.1025801845E9	54.670492941448735
3.1025821415E9	58.233512378336904
3.1025840945E9	56.98806592157606
3.102586044E9	57.935674875521464
3.1025879895E9	0.0
3.102589933E9	0.0
3.102591875E9	0.0
3.102593814E9	0.0
3.1025957495E9	55.2170837867247
3.102597681E9	57.062226988569485
3.1025996075E9	0.0
3.1026015315E9	55.90550090065124
3.102603455E9	56.77455151346848
3.102605377E9	0.0
3.1026072965E9	0.0
3.102609213E9	0.0
3.102611128E9	0.0
3.1026130425E9	57.0363516192994
3.1026149555E9	0.0
3.1026168665E9	58.723188221855565
3.102618775E9	0.0
3.1026206805E9	0.0
3.102622581E9	53.25474769397721
3.102624475E9	54.02666601667235
3.1026263655E9	0.0
3.1026282545E9	0.0
3.1026301425E9	0.0
3.102632029E9	59.107205623901585
3.102633912E9	0.0
3.102635792E9	50.40632228218967
3.10263767E9	0.0
3.1026395465E9	57.13953488372093
3.1026414225E9	58.32220050111512
3.1026432975E9	0.0
3.1026451705E9	55.53338618745595
3.102647041E9	57.05285340015947
3.1026489085E9	0.0
3.102650774E9	58.12448497500412
3.102652639E9	59.26782273603083
3.102654504E9	0.0
3.1026563675E9	0.0
3.1026582295E9	55.59671611695233
3.10266009E9	0.0
3.1026619475E9	45.1965639993809
3.1026638035E9	0.9555555555555556
3.1026656585E9	58.228028503562946
3.1026675105E9	49.60738696109359
3.10266936E9	37.8093783566058
3.102671209E9	22.726138828633406
3.102673057E9	56.54094628683935
3.1026749E9	33.50141797556719
3.1026767365E9	57.28522821173382
3.102678564E9	55.81493620508018
3.102680382E9	49.753932191541416
3.102682195E9	54.866676994577844
3.1026840045E9	57.59846956350573
3.1026858125E9	58.373940677966104
3.10268762E9	0.0
3.102689427E9	57.0767853655361
3.1026912315E9	57.38561378633364
3.102693033E9	58.57745314222712
3.1026948335E9	40.84848484848485
3.102696631E9	44.71892348290411
3.1026984255E9	57.97807400024916
3.1027002185E9	0.0
3.1027020085E9	0.0
3.1027037955E9	0.0
3.1027055795E9	0.0
3.1027073615E9	30.38261976762693
3.102709143E9	40.92669104204753
3.102710924E9	43.56542089213531
3.102712704E9	57.7582928720062
3.102714482E9	0.0
3.1027162525E9	0.0
3.1027180155E9	56.16992263684826
3.102719774E9	56.93183470673776
3.102721526E9	42.05671077504726
3.102723274E9	53.77714380219962
3.1027250205E9	42.64216411774379
3.102726766E9	0.0
3.1027285105E9	32.64944381750766
3.1027302535E9	55.92689083205625
3.1027319945E9	0.0
3.1027337345E9	0.0
3.1027354725E9	7.813953488372093
3.102737208E9	58.78524945770065
3.1027389415E9	0.0
3.1027406735E9	0.0
3.1027424045E9	57.91144022971135
3.102744133E9	54.233285798171295
3.1027458575E9	0.0
3.1027475775E9	0.0
3.1027492945E9	0.0
3.1027510075E9	16.851024811218984
3.1027527165E9	31.483891147951205
3.102754424E9	55.5072068023919
3.1027561305E9	57.8265093684941
3.102757836E9	0.0
3.1027595405E9	49.03631163879019
3.102761242E9	0.0
3.1027629405E9	58.461751662971174
3.102764638E9	0.0
3.102766335E9	58.78516925494737
3.102768031E9	58.36950292761929
3.102769726E9	0.0
3.10277142E9	0.0
3.10277311E9	0.0
3.1027747965E9	40.02872268528948
3.1027764795E9	55.55521472392638
3.102778159E9	50.29638619201726
3.102779838E9	53.1624856533858
3.1027815165E9	54.88839128465757
3.1027831925E9	49.82914355062413
3.1027848665E9	0.0
3.102786539E9	0.0
3.102788209E9	0.0
3.102789876E9	56.884096513708236
3.10279154E9	52.89261037592224
3.1027932E9	57.84576736191452
3.102794855E9	0.0
3.1027965075E9	0.0
3.1027981585E9	56.32218638601256
3.102799808E9	56.290855067679104
3.102801457E9	55.416666666666664
3.1028031015E9	57.81503134465028
3.1028047405E9	0.0
3.1028063775E9	58.58074673864147
3.1028080115E9	0.0
3.102809643E9	31.583371194911404
3.1028112735E9	0.0
3.102812902E9	49.80404164115126
3.1028145275E9	55.68683118584844
3.102816148E9	24.105671641791044
3.1028177645E9	0.0
3.10281938E9	0.0
3.102820993E9	58.05233805233805
3.102822604E9	58.7302314920926
3.1028242125E9	0.0
3.102825818E9	0.0
3.102827423E9	0.0
3.1028290255E9	58.223707489679576
3.1028306245E9	0.0
3.1028322225E9	54.85668103448276
3.10283382E9	48.56848454385524
3.1028354165E9	51.524581403633775
3.102837012E9	0.0
3.1028386055E9	55.02009931425869
3.102840196E9	0.0
3.102841783E9	0.0
3.102843365E9	57.09020784229698
3.1028449435E9	55.649688868402855
3.102846521E9	0.0
3.102848098E9	0.0
3.102849675E9	54.926033779848574
3.1028512515E9	59.342967818831944
3.102852827E9	0.0
3.1028544015E9	0.0
3.1028559745E9	53.84769536618889
3.102857546E9	0.0
3.102859113E9	0.0
3.102860675E9	16.68741159830269
3.102862236E9	56.438396430215676
3.1028637965E9	57.64114030184461
3.1028653565E9	57.369195877929414
3.1028669135E9	58.51092302030712
3.1028684665E9	0.0
3.1028700165E9	0.0
3.1028715635E9	0.0
3.102873107E9	0.9436008676789588
3.1028746455E9	56.095032769920664
3.10287618E9	58.830456852791876
3.1028777125E9	42.75293574350178
3.1028792445E9	0.0
3.1028807755E9	0.0
3.102882304E9	44.68213536329478
3.1028838305E9	56.61646234676007
3.1028853555E9	49.616686343959074
3.102886879E9	56.19707548412594
3.102888402E9	0.0
3.1028899245E9	45.05474521689714
3.1028914465E9	59.09951325040562
3.102892967E9	58.292673451946236
3.102894483E9	0.0
3.1028959935E9	0.0
3.1028975015E9	0.0
3.102899008E9	0.0
3.102900512E9	0.0
3.1029020115E9	59.07631876525086
3.102903505E9	39.68615984405458
3.1029049955E9	46.56742738589212
3.1029064855E9	0.0
3.102907974E9	57.5210355987055
3.1029094605E9	56.44801476681986
3.102910946E9	56.82424665060648
3.1029124305E9	38.5074165949476
3.102913914E9	52.29627729319879
3.102915395E9	0.0
3.102916874E9	59.026369168357
3.1029183515E9	0.0
3.102919827E9	35.753548231898
3.1029213005E9	0.0
3.102922771E9	54.68491250848358
3.1029242395E9	0.0
3.102925707E9	0.0
3.102927173E9	59.152077516833636
3.1029286375E9	58.329126798764406
3.102930101E9	0.0
3.102931564E9	0.0
3.102933025E9	57.46893585872449
3.102934484E9	58.21147494189128
3.1029359425E9	52.501792413505626
3.1029374005E9	58.104895686144125
3.1029388565E9	54.99623943952194
3.102940308E9	0.0
3.102941757E9	0.0
3.1029432055E9	43.73929430112418
3.1029446525E9	0.0
3.1029460965E9	56.68862899490505
3.102947538E9	58.712146422628955
3.1029489785E9	52.54447852760736
3.102950418E9	47.20549158547387
3.102951856E9	0.0
3.1029532925E9	0.0
3.102954725E9	37.9289323374341
3.102956154E9	58.81773399014779
3.102957582E9	0.0
3.1029590085E9	0.0
3.102960434E9	57.340053814378294
3.1029618585E9	58.89142335766423
3.1029632825E9	53.37039610840862
3.102964706E9	0.0
3.102966129E9	0.0
3.102967552E9	12.29520295202952
3.1029689705E9	0.0
3.1029703845E9	0.0
3.102971798E9	0.0
3.102973211E9	40.515592515592516
3.1029746225E9	59.49438202247191
3.102976032E9	0.0
3.102977441E9	0.0
3.1029788485E9	52.5793369556658
3.102980254E9	59.122170711753476
3.102981659E9	32.29705994654448
3.1029830635E9	0.0
3.1029844675E9	32.126206088409084
3.1029858705E9	47.155308716101274
3.1029872725E9	56.412618083670715
3.1029886745E9	27.205650459921156
3.1029900765E9	0.0
3.1029914775E9	51.85192433137639
3.1029928765E9	57.32245681381958
3.1029942735E9	53.16437515344955
3.102995669E9	0.0
3.1029970635E9	57.499184339314844
3.102998457E9	0.0
3.102999849E9	0.0
3.103001239E9	57.87735849056604
3.103002628E9	56.86969735342535
3.1030040165E9	51.7517491578129
3.103005404E9	0.0
3.1030067895E9	58.51384451544196
3.103008172E9	58.8465204957102
3.103009553E9	51.441908713692946
3.103010933E9	48.564609614728944
3.103012311E9	0.0
3.1030136875E9	0.0
3.1030150635E9	58.323461241308266
3.103016439E9	0.0
3.1030178135E9	51.98712014489837
3.1030191865E9	58.580699774266364
3.103020558E9	52.95943442223306
3.1030219285E9	0.0
3.1030232985E9	40.803367003367
3.1030246665E9	0.0
3.103026031E9	0.0
3.1030273925E9	48.611374407582936
3.1030287505E9	0.0
3.103030106E9	54.15843351981907
3.103031461E9	44.45773732119636
3.1030328145E9	53.720231359235505
3.103034163E9	54.71500681850563
3.1030355075E9	0.0
3.1030368515E9	31.71615150195908
3.1030381945E9	56.08586559071996
3.1030395365E9	57.495884507649215
3.1030408755E9	57.67651994320382
3.1030422105E9	0.0
3.1030435445E9	0.0
3.103044878E9	47.11994363881876
3.1030462105E9	54.03108348134991
3.1030475405E9	53.127846948071664
3.1030488685E9	56.28996469994957
3.1030501965E9	57.528562838244135
3.103051524E9	57.23816862199244
3.10305285E9	56.65696073030613
3.1030541735E9	31.116684266103483
3.1030554945E9	49.359110681488644
3.103056814E9	58.31460674157304
3.1030581325E9	51.67834394904459
3.103059449E9	56.17712532338608
3.1030607635E9	0.0
3.103062077E9	52.29060234433227
3.10306339E9	57.246259603720176
3.1030647025E9	0.0
3.1030660135E9	56.433848220282066
3.103067323E9	56.495450542999706
3.103068632E9	57.02103390539975
3.10306994E9	58.46327821754944
3.103071247E9	52.70320020814362
3.103072553E9	0.0
3.1030738575E9	0.0
3.103075161E9	58.08596675153512
3.1030764635E9	57.8563546895969
3.1030777655E9	57.45890922674636
3.103079067E9	55.89271108053358
3.103080368E9	0.0
3.1030816685E9	40.54121056020605
3.103082968E9	48.989877078814175
3.103084266E9	6.766847405112316
3.103085562E9	56.4
3.1030868565E9	0.0
3.10308815E9	58.37397322294806
3.103089442E9	0.0
3.103090733E9	55.531442157907684
3.103092023E9	0.0
3.1030933115E9	0.0
3.1030945995E9	37.10196308233226
3.103095887E9	0.0
3.103097174E9	51.710247994164845
3.103098461E9	0.0
3.1030997475E9	0.0
3.103101032E9	0.0
3.103102314E9	41.030980192991365
3.103103593E9	55.17605633802817
3.1031048685E9	43.08803827751196
3.1031061405E9	0.0
3.103107409E9	58.693613220187586
3.1031086755E9	58.60136566988462
3.1031099385E9	0.0
3.103111198E9	12.565292758089369
3.1031124565E9	0.0
3.1031137145E9	0.0
3.1031149725E9	57.16605846281178
3.1031162295E9	34.41035474592522
3.103117485E9	0.0
3.1031187395E9	49.8532947462155
3.1031199935E9	0.0
3.103121247E9	0.0
3.1031224985E9	0.0
3.103123748E9	0.0
3.1031249965E9	0.0
3.1031262445E9	54.63884083044983
3.103127492E9	56.4546872292497
3.1031287365E9	59.049676025917925
3.1031299785E9	47.94155522535909
3.10313122E9	56.38785912882298
3.103132461E9	0.0
3.103133702E9	58.90352741181471
3.103134942E9	57.0844834797156
3.1031361805E9	0.0
3.103137418E9	14.53198127925117
3.1031386545E9	5.75890092879257
3.10313989E9	58.51239669421488
3.1031411245E9	0.0
3.1031423585E9	0.0
3.1031435925E9	57.97752808988764
3.103144826E9	48.487229317046086
3.1031460585E9	57.160493827160494
3.1031472905E9	53.02443814095571
3.103148522E9	0.0
3.1031497525E9	55.132155967853954
3.1031509815E9	0.0
3.103152209E9	57.709471977767485
3.103153436E9	58.01313356955785
3.1031546625E9	53.23273125973801
3.1031558875E9	0.0
3.1031571115E9	0.0
3.1031583335E9	0.0
3.1031595535E9	59.652317880794705
3.103160773E9	0.0
3.103161991E9	45.15760995594032
3.1031632075E9	49.61636695334897
3.103164423E9	0.0
3.1031656375E9	47.8326099537037
3.1031668515E9	55.119821294059584
3.1031680655E9	43.884332183800915
3.103169279E9	0.0
3.1031704915E9	57.90100976659493
3.103171702E9	56.52734008139414
3.1031729105E9	58.796992481203006
3.103174118E9	48.83435582822086
3.103175325E9	55.47622361401067
3.103176532E9	0.0
3.1031777385E9	7.354625550660793
3.1031789445E9	46.64677716390423
3.10318015E9	0.0
3.103181355E9	54.20479704797048
3.1031825595E9	34.591070053887606
3.1031837635E9	0.0
3.1031849675E9	0.0
3.103186171E9	53.61804008908686
3.103187373E9	39.84941820670773
3.103188574E9	0.0
3.1031897745E9	0.0
3.1031909745E9	0.0
3.103192174E9	58.65155807365439
3.1031933725E9	0.0
3.10319457E9	56.908974904296045
3.1031957665E9	0.0
3.103196962E9	0.0
3.1031981565E9	54.40277627155406
3.1031993505E9	0.0
3.103200543E9	57.50422162561768
3.103201733E9	39.9396077819798
3.1032029205E9	0.0
3.1032041065E9	55.98640776699029
3.1032052915E9	40.64852607709751
3.103206475E9	0.0
3.103207658E9	59.295142555438225
3.1032088405E9	0.0
3.103210022E9	0.0
3.103211203E9	17.2266201804758
3.103212384E9	56.031407439168184
3.103213565E9	0.0
3.103214745E9	0.0
3.1032159235E9	0.0
3.1032171015E9	0.0
3.103218279E9	0.0
3.103219456E9	0.0
3.10322063E9	58.67573767898109
3.103221801E9	56.52892561983471
3.103222972E9	57.85465622280244
3.1032241425E9	0.0
3.1032253125E9	55.103450302709696
3.103226481E9	57.994858611825194
3.103227648E9	39.090366581415175
3.103228815E9	0.0
3.103229981E9	0.0
3.103231146E9	0.0
3.1032323095E9	58.113207547169814
3.103233469E9	58.31358695652174
3.1032346255E9	0.0
3.1032357815E9	57.22324579980234
3.1032369365E9	56.66197937114101
3.1032380905E9	51.91118160190325
3.103239243E9	0.0
3.103240394E9	0.0
3.1032415445E9	55.65317387304508
3.1032426945E9	58.12239221140473
3.103243843E9	53.904474540448845
3.10324499E9	51.19456427955134
3.1032461365E9	51.72273567467653
3.1032472815E9	49.70665131400705
3.1032484255E9	59.170731707317074
3.103249569E9	0.0
3.1032507115E9	57.42703990470518
3.103251853E9	0.0
3.103252994E9	0.0
3.1032541345E9	0.0
3.1032552735E9	49.69420181349305
3.1032564095E9	58.19277108433735
3.1032575435E9	56.33702398926355
3.1032586765E9	59.304785894206546
3.103259808E9	50.40559440559441
3.103260939E9	15.490993002828644
3.1032620695E9	0.0
3.103263198E9	41.73340358271865
3.1032643245E9	58.704052098408106
3.1032654495E9	58.66320571057755
3.1032665725E9	0.0
3.1032676945E9	0.0
3.103268816E9	42.233247422680414
3.103269936E9	57.89783735075468
3.103271055E9	0.0
3.103272174E9	59.1923599390771
3.103273293E9	0.0
3.1032744115E9	31.671312427409987
3.1032755285E9	0.0
3.1032766445E9	9.701755598562345
3.10327776E9	0.0
3.103278875E9	0.0
3.10327999E9	58.116330007301045
3.1032811045E9	58.58056872037915
3.103282218E9	59.019042123485285
3.103283331E9	59.09215955983494
3.1032844425E9	58.225352112676056
3.1032855525E9	57.12100378136817
3.103286662E9	56.25030263525468
3.1032877705E9	49.08131566925537
3.103288878E9	57.407160284818005
3.103289985E9	0.0
3.103291092E9	0.0
3.103292199E9	48.360565998760585
3.1032933055E9	0.0
3.10329441E9	56.69933184855234
3.103295513E9	44.43973426130971
3.103296616E9	55.00066737853711
3.1032977175E9	40.90937940761636
3.103298817E9	0.0
3.1032999155E9	55.87745797835598
3.103301013E9	0.0
3.1033021095E9	49.392396907216494
3.1033032055E9	43.517218543046354
3.1033043005E9	58.273092369477915
3.103305394E9	0.0
3.1033064855E9	0.0
3.1033075745E9	56.04299623338782
3.103308662E9	0.0
3.1033097485E9	0.0
3.103310834E9	0.0
3.1033119185E9	0.0
3.1033130025E9	55.23164143266858
3.1033140865E9	0.0
3.1033151705E9	49.57572341225104
3.103316254E9	0.0
3.103317337E9	56.480218281036834
3.1033184195E9	56.91532258064516
3.1033195015E9	57.84494909945184
3.103320583E9	41.52660250590158
3.103321664E9	56.50264243361691
3.103322744E9	53.89534309692282
3.1033238215E9	55.71252747252747
3.1033248965E9	59.00645380434783
3.10332597E9	36.27449379490529
3.103327043E9	0.0
3.103328115E9	58.81996974281392
3.103329185E9	10.232558139534884
3.103330253E9	0.0
3.10333132E9	0.0
3.103332387E9	59.61038961038961
3.1033334535E9	55.234502446982056
3.103334519E9	58.64754098360656
3.103335584E9	0.0
3.103336649E9	41.65617433414044
3.103337714E9	0.0
3.103338779E9	0.0
3.1033398435E9	57.27498958372789
3.1033409075E9	0.0
3.1033419715E9	0.0
3.103343035E9	0.0
3.1033440975E9	0.0
3.1033451595E9	51.04801477377654
3.1033462215E9	57.64119271120928
3.103347283E9	57.60019225727519
3.1033483435E9	58.33560490659825
3.103349402E9	58.3119408790354
3.103350459E9	0.0
3.1033515155E9	50.95141937371964
3.103352571E9	0.0
3.103353626E9	0.0
3.103354681E9	56.27732771656945
3.103355736E9	55.11078379800105
3.1033567905E9	0.0
3.103357843E9	52.26041887031944
3.1033588935E9	26.578531780157924
3.1033599435E9	0.0
3.103360993E9	0.0
3.1033620415E9	49.36965323006513
3.103363089E9	0.0
3.1033641355E9	0.0
3.1033651815E9	7.320754716981132
3.1033662275E9	53.621177850381166
3.103367273E9	59.238058024811956
3.103368318E9	0.0
3.103369363E9	56.7195945945946
3.1033704075E9	0.0
3.1033714505E9	0.0
3.103372492E9	0.0
3.103373532E9	0.0
3.103374571E9	57.527638190954775
3.1033756095E9	0.0
3.1033766465E9	59.42934782608695
3.1033776825E9	0.0
3.103378718E9	58.05258033106134
3.103379753E9	27.842829076620824
3.103380787E9	0.0
3.1033818195E9	42.65302462090331
3.103382851E9	0.0
3.103383882E9	47.31878409976617
3.103384913E9	46.54117647058823
3.103385942E9	39.63860206513105
3.103386969E9	0.0
3.1033879955E9	0.0
3.1033890215E9	0.0
3.1033900465E9	5.753385602280827
3.1033910705E9	6.642619311875694
3.1033920935E9	43.55471856036828
3.1033931155E9	58.66993498880955
3.103394137E9	38.96749506254115
3.1033951575E9	25.92
3.103396177E9	0.0
3.1033971955E9	0.0
3.1033982135E9	15.205844572896597
3.1033992315E9	57.59770603228547
3.1034002485E9	0.0
3.1034012615E9	58.74823196605375
3.1034022715E9	58.15409670611983
3.103403281E9	54.32637878052725
3.1034042895E9	0.0
3.103405297E9	20.0
3.1034063035E9	0.0
3.103407309E9	59.176012817578396
3.103408314E9	0.0
3.1034093185E9	51.0831234256927
3.1034103225E9	0.0
3.103411326E9	0.0
3.103412329E9	58.547008547008545
3.103413332E9	57.98223350253807
3.103414335E9	54.21487603305785
3.1034153375E9	58.88964116452268
3.1034163395E9	0.0
3.1034173405E9	0.0
3.1034183405E9	49.165102286401925
3.1034230195E9	30.902075572112825
3.1034311645E9	49.50311280980338
3.1034385535E9	58.71841625423287
3.103444272E9	50.829197214076245
3.103448588E9	0.0
3.103452529E9	14.760522070684852
3.1034563265E9	57.52581101119503
3.103460075E9	31.194432406250797
3.1034637975E9	53.817849156332585
3.103467461E9	40.129193355770276
3.103471038E9	52.41771827357204
3.1034745565E9	50.913900461407515
3.10347799E9	55.28396571235318
3.1034813295E9	53.931480567889054
3.103484605E9	53.47666086319069
3.1034878305E9	39.50299651567944
3.1034910465E9	48.598836381167345
3.1034942485E9	51.02837453032065
3.1034973905E9	55.03470142680993
3.10350048E9	56.43786067770416
3.1035035475E9	55.450866620924195
3.103506574E9	54.093529516043255
3.1035095785E9	54.28369905956113
3.10351256E9	46.810411773165235
3.1035155065E9	49.572950834205066
3.10351844E9	40.96131922779198
3.10352132E9	40.65337205550178
3.1035241305E9	45.720343531937736
3.103526902E9	0.0
3.103529649E9	49.980094483145166
3.103532388E9	43.878981090795435
3.1035351035E9	53.92602622981866
3.103537785E9	38.82897217404419
3.1035404345E9	51.812279031819415
3.1035429975E9	57.02575206867218
3.103545488E9	24.72027112584261
3.1035479665E9	55.32439864715365
3.1035504075E9	53.35612407739876
3.103552812E9	31.70581469648562
3.1035551875E9	51.90531862341511
3.103557535E9	54.30456447776473
3.1035598595E9	41.41777090694935
3.1035621585E9	42.85767457103397
3.103564445E9	57.31151784063598
3.103566722E9	53.38262582840767
3.103568983E9	10.391614629794827
3.103571211E9	49.57951498810948
3.1035734005E9	45.797299522476536
3.103575568E9	0.0
3.103577725E9	46.16402378592666
3.103579877E9	55.16211245401997
3.103582016E9	25.72780487804878
3.1035841385E9	51.66985114419018
3.103586253E9	51.84255738628362
3.1035883585E9	56.38430642372656
3.1035904405E9	57.24830617103095
3.1035925065E9	48.59860300718133
3.103594569E9	3.127450980392157
3.103596622E9	52.475366178428764
3.1035986655E9	53.31882701606614
3.1036007005E9	23.613757784054172
3.1036027275E9	38.37863527124457
3.10360474E9	0.0
3.1036067365E9	48.81805785526444
3.103608723E9	0.0
3.103610703E9	0.0
3.103612671E9	49.16238334529792
3.103614626E9	52.97838778488829
3.1036165745E9	50.41446540880503
3.1036185145E9	52.28969247850448
3.1036204485E9	57.20384373030876
3.1036223555E9	54.59377042038771
3.1036242355E9	32.21905377933839
3.1036261095E9	1.853410740203193
3.103627955E9	0.0
3.103629772E9	36.56278663463638
3.103631583E9	59.27031509121061
3.1036333895E9	56.655206286836936
3.10363519E9	56.164235294117645
3.103636984E9	50.56117755289788
3.10363877E9	57.26918075422627
3.1036405435E9	57.891156190666536
3.1036423085E9	16.44393741851369
3.103644062E9	26.71022400919012
3.103645804E9	46.674858958563
3.103647529E9	44.57075821190418
3.1036492365E9	53.146959643206785
3.10365094E9	57.36434240846633
3.103652635E9	51.809805136023634
3.1036543025E9	0.0
3.103655946E9	56.848600163087795
3.103657586E9	0.0
3.1036592235E9	57.158542455554844
3.1036608575E9	56.24142661179698
3.103662488E9	52.77668901495616
3.103664114E9	52.825313117996046
3.1036657365E9	50.27320910973085
3.1036673585E9	37.554283670184226
3.103668979E9	43.62449216482879
3.1036705915E9	37.97215496368039
3.103672191E9	0.0
3.1036737835E9	55.031445214686734
3.1036753585E9	19.022762148337595
3.10367691E9	47.319714921240184
3.1036784535E9	51.15606126491762
3.1036799945E9	54.7187768635638
3.103681529E9	58.54717655468192
3.1036830525E9	54.944670937682005
3.103684569E9	0.0
3.103686083E9	41.29835390946502
3.103687593E9	53.115223880597014
3.1036890985E9	58.645221801507624
3.1036906E9	40.26709267187106
3.103692097E9	55.79537609011628
3.103693592E9	0.0
3.1036950855E9	40.219844357976655
3.1036965775E9	58.23440536146251
3.103698068E9	49.46840826245443
3.103699555E9	18.42432859399684
3.103701039E9	47.05328798185941
3.103702517E9	0.0
3.1037039885E9	0.0
3.103705455E9	55.831508956034014
3.1037069165E9	0.8299180327868853
3.1037083755E9	2.9857752489331437
3.1037098325E9	11.203610108303248
3.103711287E9	0.0
3.103712735E9	54.12580943570768
3.103714177E9	56.53748519207988
3.1037156105E9	0.0
3.103717036E9	52.013750793315
3.1037184575E9	54.41246630177273
3.103719873E9	36.71537678207739
3.103721286E9	0.0
3.1037226985E9	56.580920521398085
3.103724108E9	0.0
3.1037255145E9	49.303841549678964
3.1037269155E9	23.976883686905634
3.1037283085E9	58.52707581227437
3.1037296945E9	42.3125497373866
3.1037310735E9	52.685452162516384
3.103732449E9	0.0
3.103733822E9	50.40627988524068
3.103735191E9	0.0
3.1037365565E9	43.72754793138244
3.1037379165E9	33.208432505950356
3.103739272E9	0.0
3.1037406255E9	58.33102419268891
3.1037419765E9	0.0
3.1037433245E9	46.21780564263323
3.10374467E9	45.266239368914086
3.1037460125E9	59.19402985074627
3.1037473475E9	0.0
3.103748677E9	0.0
3.1037500035E9	24.92225519287834
3.1037513235E9	58.510690587367904
3.103752635E9	56.41902037897748
3.1037539405E9	54.0917225950783
3.1037552445E9	47.83708313387586
3.103756548E9	59.08163265306123
3.10375785E9	0.947841726618705
3.1037591505E9	52.62767636702149
3.103760449E9	28.18440968718466
3.1037617455E9	0.0
3.1037630385E9	52.11143298839849
3.1037643255E9	17.368635437881874
3.1037656085E9	0.0
3.10376689E9	16.86102062975027
3.1037681705E9	0.0
3.10376945E9	0.0
3.1037707255E9	49.33430656934306
3.103771995E9	47.980997624703086
3.103773262E9	0.0
3.1037745285E9	0.0
3.1037757935E9	0.9204545454545454
3.1037770575E9	19.620612813370474
3.1037783215E9	0.0
3.103779585E9	0.0
3.103780841E9	50.80507559395248
3.1037820855E9	0.0
3.103783325E9	37.0872339156878
3.103784562E9	54.96186633325756
3.103785797E9	54.088915190294784
3.103787031E9	0.0
3.1037882635E9	51.71761939218524
3.1037894945E9	50.60540184453228
3.1037907225E9	49.60945608302902
3.103791947E9	0.0
3.1037931655E9	44.4419795221843
3.103794379E9	50.135222150676114
3.103795591E9	54.0933780191841
3.103796801E9	42.80487804878049
3.1037980065E9	0.0
3.103799207E9	47.887231132661945
3.103800405E9	46.54262948207171
3.1038016E9	44.58816336512595
3.103802792E9	0.0
3.103803981E9	0.0
3.1038051675E9	40.60340619105736
3.1038063525E9	1.3836930455635492
3.1038075365E9	0.0
3.1038087195E9	33.41515323496027
3.1038099E9	49.33650416171225
3.103811076E9	0.0
3.103812247E9	33.381875
3.103813415E9	22.888051367950865
3.1038145815E9	38.07811126459877
3.103815747E9	0.0
3.1038169115E9	0.0
3.103818075E9	0.0
3.1038192355E9	56.18973709217612
3.1038203935E9	0.0
3.103821551E9	0.0
3.103822708E9	16.754507096279248
3.103823865E9	41.442306774239746
3.103825021E9	6.3356435643564355
3.1038261755E9	6.283957518166574
3.103827327E9	0.0
3.1038284755E9	53.18937575030012
3.1038296235E9	35.49714339233867
3.1038307705E9	22.484083424807903
3.1038319155E9	0.0
3.1038330575E9	5.177884615384615
3.1038341955E9	51.26772793053546
3.1038353305E9	0.0
3.103836464E9	43.498942808519416
3.103837595E9	48.49418074550818
3.103838723E9	57.18199608610568
3.10383985E9	0.0
3.1038409725E9	46.80980250045298
3.1038420865E9	56.07369658957272
3.1038431935E9	53.75226165622826
3.1038442975E9	54.007851458885945
3.1038454E9	44.87560469937802
3.1038464995E9	0.0
3.1038475965E9	0.0
3.1038486915E9	0.0
3.103849784E9	51.96198347107438
3.103850874E9	0.0
3.1038519615E9	0.0
3.103853047E9	10.165947159385253
3.1038541315E9	56.28812082486204
3.103855215E9	49.06933487268296
3.103856298E9	39.119207640608415
3.103857379E9	24.694719471947195
3.1038584565E9	0.0
3.103859529E9	58.98971000935454
3.1038605975E9	0.0
3.103861665E9	0.0
3.103862732E9	0.0
3.103863799E9	57.80693533270853
3.103864864E9	13.265971316818774
3.1038659265E9	59.49152542372882
3.103866987E9	32.804173354735155
3.1038680455E9	32.58599472604747
3.1038691035E9	46.45360824742268
3.10387016E9	0.9823008849557522
3.1038712145E9	0.96
3.1038722685E9	54.42319522344852
3.103873322E9	0.0
3.103874375E9	46.28934010152284
3.1038754275E9	51.434183006535946
3.103876479E9	0.0
3.103877529E9	42.86512735935496
3.103878577E9	54.147607934655774
3.1038796225E9	1.0
3.103880666E9	55.63876651982379
3.103881709E9	48.26554060689384
3.1038827515E9	0.0
3.1038837935E9	25.794706723891274
3.103884835E9	0.0
3.1038858755E9	46.516275954454116
3.103886915E9	51.31486022560078
3.1038879535E9	32.67359667359668
3.103888991E9	46.0943484353106
3.103890028E9	58.89105058365759
3.103891064E9	26.503303648376903
3.103892095E9	48.965046604527295
3.103893119E9	54.86442079156763
3.10389414E9	48.4031115432699
3.10389516E9	40.95790071382219
3.103896179E9	50.03088023088023
3.1038971965E9	50.64150943396226
3.1038982115E9	0.0
3.103899225E9	0.0
3.103900236E9	56.78832116788321
3.1039012445E9	0.0
3.103902252E9	58.19548872180451
3.1039032575E9	0.0
3.1039042615E9	2.4596541786743518
3.103905265E9	52.540566612510155
3.103906267E9	36.03761261261261
3.1039072675E9	0.0
3.1039082675E9	58.54195323246217
3.1039092675E9	0.0
3.103918732E9	55.00112099601689
3.103932571E9	0.0
3.103941472E9	42.088617904572295
3.1039494115E9	57.70847558505758
3.1039572085E9	0.0
3.103963938E9	16.42860967936274
3.1039695055E9	40.62119021714831
3.103974766E9	0.0
3.1039797995E9	0.0
3.103984567E9	57.547023136470386
3.1039891115E9	0.0
3.1039934845E9	0.0
3.103997683E9	57.26711663066955
3.104001684E9	58.67099322799097
3.104005458E9	48.257215720385894
3.104009178E9	0.0
3.1040128475E9	10.625
3.104016433E9	58.577436082660405
3.104019926E9	58.64348265409229
3.104023359E9	0.0
3.104026758E9	0.0
3.1040301305E9	34.979585326953746
3.104033452E9	0.0
3.104036731E9	31.519572045856787
3.1040399985E9	0.0
3.104043259E9	54.427652433339546
3.1040464995E9	0.0
3.104049674E9	58.460448626531075
3.1040527925E9	0.0
3.1040558995E9	0.0
3.104058987E9	0.0
3.104062054E9	58.63923023417575
3.104065115E9	59.455535390199636
3.1040681395E9	58.583333333333336
3.1040711275E9	54.645497375151436
3.1040740845E9	0.0
3.1040770095E9	22.499224505622333
3.104079908E9	55.78738272403753
3.104082775E9	58.3898916967509
3.1040856295E9	59.192543158126966
3.104088461E9	46.624650006816346
3.10409126E9	58.54413171070149
3.1040940205E9	0.0
3.1040967325E9	58.27795881509982
3.1040994055E9	58.07091148659123
3.104102056E9	50.64541914326706
3.1041046865E9	0.0
3.104107298E9	58.51088466882816
3.104109892E9	43.42345245155751
3.1041124505E9	0.0
3.1041149735E9	0.0
3.1041174795E9	0.846286701208981
3.10411997E9	56.31098033142326
3.1041224495E9	56.31968503937008
3.104124925E9	0.0
3.104127395E9	55.09875118673775
3.1041298495E9	41.21226659751037
3.1041322855E9	0.0
3.104134709E9	0.0
3.1041371215E9	47.894350282485874
3.104139523E9	26.84300284052482
3.1041418965E9	52.699618970694104
3.104144241E9	21.74014787366551
3.1041465705E9	54.994562124565284
3.104148885E9	58.168940768199384
3.1041511915E9	5.254794520547946
3.1041534905E9	58.18928129370348
3.104155772E9	56.48223350253807
3.10415804E9	54.39802471142904
3.1041603025E9	0.0
3.1041625525E9	59.084074168148334
3.1041647915E9	54.58446984891028
3.1041670245E9	57.8096002246605
3.104169246E9	0.0
3.104171456E9	0.0
3.104173654E9	5.688854010136083
3.104175845E9	57.126768853464135
3.1041780355E9	0.0
3.1041802225E9	57.941214127631554
3.1041823975E9	32.57577803349955
3.104184563E9	46.08804504897126
3.1041867265E9	0.0
3.1041888805E9	20.798016682776645
3.1041910115E9	58.17908653846154
3.1041931255E9	0.0
3.1041952355E9	0.0
3.1041973425E9	49.194586409237175
3.1041994485E9	58.66412448490067
3.1042015545E9	34.45103479236813
3.104203656E9	0.0
3.104205745E9	58.75332307261788
3.1042078145E9	52.26187446498392
3.104209871E9	57.085178283801284
3.1042119255E9	58.465011286681715
3.104213971E9	57.465200206221
3.1042160055E9	0.0
3.1042180375E9	51.90736187445762
3.1042200635E9	0.0
3.1042220825E9	0.0
3.1042240985E9	58.40926944226237
3.104226106E9	0.0
3.104228107E9	43.626321709786275
3.104230103E9	0.0
3.1042320935E9	0.0
3.10423408E9	6.9185454545454546
3.104236062E9	57.42214027665987
3.104238043E9	0.0
3.104240023E9	51.01538638190378
3.104241994E9	57.281909460579314
3.1042439415E9	0.0
3.104245872E9	53.227777777777774
3.104247777E9	55.34182517000099
3.1042496545E9	57.711657639193874
3.104251516E9	0.0
3.104253365E9	28.23193045224869
3.104255206E9	58.62520458265139
3.1042570385E9	57.97504924491136
3.1042588675E9	41.74573141196416
3.1042606875E9	10.124236555936243
3.1042625015E9	57.426650962553815
3.104264304E9	54.3028366906262
3.104266094E9	0.0
3.1042678815E9	0.0
3.1042696635E9	0.0
3.1042714405E9	12.7870179674739
3.1042732095E9	36.99734278122232
3.1042749695E9	0.0
3.104276727E9	0.0
3.1042784825E9	0.0
3.1042802355E9	58.19951658044271
3.104281987E9	36.12209479288106
3.104283737E9	44.774585018831075
3.1042854805E9	0.0
3.104287214E9	22.162770995425998
3.1042889415E9	56.8297360559701
3.1042906625E9	58.03606428851431
3.1042923765E9	57.75109948888625
3.104294088E9	29.32720680916557
3.104295795E9	0.0
3.1042974975E9	58.8117770767613
3.104299198E9	2.5192401479736883
3.1043008905E9	49.247323198942496
3.1043025755E9	44.7088395975759
3.1043042575E9	58.635694421724196
3.1043059365E9	56.384838803369156
3.1043076145E9	0.0
3.104309292E9	56.916176807389874
3.1043109685E9	57.68703017469561
3.1043126425E9	36.40580322763176
3.104314313E9	0.0
3.1043159815E9	48.78460756921514
3.104317647E9	0.984179301252472
3.1043193085E9	0.0
3.1043209685E9	59.20096852300242
3.1043226275E9	58.07647167830008
3.1043242845E9	54.379746835443036
3.1043259405E9	43.49090707473941
3.1043275945E9	0.0
3.104329244E9	0.0
3.10433089E9	13.636690647482014
3.104332533E9	0.942882721575649
3.1043341725E9	46.93334730664431
3.104335808E9	58.26811180832858
3.1043374375E9	38.57078358583325
3.1043390575E9	59.24176144648585
3.1043406705E9	0.0
3.104342279E9	0.0
3.104343883E9	43.7967748992156
3.104345484E9	56.30518748237947
3.104347078E9	0.0
3.1043486665E9	57.826071156012645
3.104350253E9	0.0
3.1043518375E9	57.93221723152307
3.1043534215E9	52.11246515933348
3.1043550035E9	0.0
3.1043565795E9	45.72911662663464
3.1043581505E9	52.35894776580695
3.10435972E9	54.62475743029313
3.1043612885E9	43.990179986416116
3.104362856E9	0.0
3.104364422E9	56.55157648890619
3.104365984E9	58.71012482662968
3.104367543E9	39.804764370792334
3.1043691005E9	0.0
3.1043706555E9	51.358194308145244
3.104372207E9	0.0
3.1043737525E9	0.0
3.104375294E9	48.86870783601453
3.1043768335E9	0.0
3.104378371E9	45.94081049268539
3.104379907E9	0.0
3.1043814395E9	58.82092443952394
3.1043829685E9	0.0
3.1043844935E9	54.1920626349892
3.1043860115E9	0.0
3.104387523E9	0.0
3.104389031E9	24.946205760025112
3.1043905345E9	43.465622612681436
3.104392034E9	0.0
3.104393533E9	0.0
3.104395031E9	57.44162147813886
3.1043965275E9	4.63849765258216
3.1043980195E9	44.810200573065906
3.1043995065E9	57.08950477055884
3.104400992E9	0.0
3.104402475E9	53.95749569213096
3.104403955E9	56.23399410661666
3.1044054305E9	59.05882352941177
3.1044069025E9	52.485233873169385
3.1044083735E9	58.308690564833526
3.1044098415E9	58.06169665809769
3.104411307E9	0.0
3.10441277E9	0.0
3.1044142295E9	58.71912168344007
3.104415687E9	14.07050661949642
3.1044171395E9	30.651773981603153
3.104418587E9	0.0
3.1044200325E9	2.9959615384615383
3.104421476E9	43.9862621071358
3.104422919E9	0.0
3.1044243595E9	58.34101382488479
3.1044257945E9	32.56178368224757
3.1044272255E9	35.96431860036832
3.1044286555E9	0.0
3.104430085E9	0.0
3.104431514E9	0.0
3.104432943E9	58.01951702118092
3.1044343705E9	0.0
3.1044357965E9	0.0
3.1044372195E9	54.994633077765606
3.1044386375E9	59.014871486289
3.1044400535E9	0.0
3.104441469E9	40.920545650353
3.104442884E9	27.907689550098585
3.1044442985E9	0.0
3.104445712E9	0.9618684461391802
3.1044471235E9	0.915819209039548
3.104448531E9	55.789327238398094
3.1044499345E9	59.114805809292235
3.1044513345E9	28.49283154121864
3.104452732E9	0.0
3.104454128E9	0.0
3.1044555215E9	0.0
3.1044569115E9	35.50935877309504
3.1044582985E9	0.0
3.1044596825E9	0.0
3.104461064E9	58.88307155322862
3.104462444E9	0.0
3.1044638215E9	32.04396420411272
3.1044651965E9	37.95008259188971
3.1044665705E9	54.62515765576389
3.104467944E9	0.0
3.104469317E9	0.0
3.1044706895E9	58.029003448580774
3.1044720605E9	0.0
3.104473429E9	0.0
3.104474795E9	0.0
3.1044761595E9	55.97290269604489
3.104477522E9	59.22077922077922
3.104478883E9	50.555015718776794
3.104480241E9	0.0
3.104481596E9	31.68052930056711
3.1044829505E9	0.0
3.104484304E9	45.16444069544028
3.104485655E9	1.0069370330843117
3.104487002E9	0.0
3.1044883465E9	58.973561430793154
3.10448969E9	0.0
3.1044910305E9	59.346049046321525
3.1044923685E9	54.87985390234525
3.1044937065E9	0.0
3.1044950435E9	0.0
3.104496378E9	12.730182488054805
3.104497711E9	0.0
3.1044990435E9	0.0
3.1045003715E9	34.89543889845095
3.104501695E9	57.81361722412012
3.104503018E9	58.230924563680944
3.1045043395E9	48.928948184920884
3.1045056595E9	0.0
3.104506978E9	0.0
3.1045082945E9	0.0
3.1045096045E9	44.596964387992315
3.1045109085E9	0.0
3.104512212E9	58.4898407468424
3.1045135145E9	0.0
3.104514816E9	0.0
3.1045161165E9	58.6833855799373
3.1045174155E9	40.56108712217424
3.104518713E9	0.9255813953488372
3.104520009E9	0.0
3.1045212985E9	0.0
3.104522582E9	33.45326508143043
3.104523865E9	29.23719165085389
3.104525146E9	58.90380421613763
3.1045264245E9	0.0
3.104527699E9	22.06044344927872
3.10452897E9	0.0
3.1045302395E9	21.253504672897197
3.1045315055E9	40.956372808519916
3.104532769E9	43.320536258379036
3.1045340315E9	57.030414438502675
3.104535293E9	19.91323943661972
3.1045365535E9	57.1294964028777
3.104537813E9	10.715785169029443
3.104539072E9	0.0
3.1045403305E9	0.0
3.1045415875E9	58.32993197278912
3.104542842E9	36.08624229979466
3.1045440925E9	0.0
3.1045453405E9	0.0
3.1045465875E9	0.0
3.1045478335E9	0.0
3.1045490785E9	0.0
3.1045503195E9	52.66608981569612
3.1045515575E9	57.31208053691275
3.1045527945E9	58.31288537549407
3.1045540295E9	33.36115326251897
3.1045552635E9	0.0
3.104556496E9	0.0
3.104557727E9	58.74062968515742
3.1045589575E9	57.940019787286666
3.1045601875E9	0.0
3.1045614165E9	39.581451396947244
3.104562644E9	56.641620937104264
3.1045638685E9	0.0
3.1045650905E9	6.217401129943503
3.104566312E9	49.4811887991754
3.104567533E9	0.0
3.1045687535E9	31.01114714227807
3.1045699725E9	11.52291074474133
3.1045711905E9	0.0
3.1045724075E9	0.0
3.1045736235E9	0.0
3.1045748375E9	58.99237346891611
3.1045760485E9	3.894017094017094
3.104577258E9	0.0
3.1045784665E9	57.75045815516188
3.1045796745E9	0.0
3.1045808815E9	58.042813455657495
3.104582087E9	56.774744027303754
3.104583292E9	0.0
3.1045844955E9	58.583473861720066
3.1045856965E9	0.0
3.104586896E9	0.0
3.1045880945E9	59.19880030440038
3.1045892925E9	58.18335957369505
3.1045904905E9	18.88718194911186
3.104591687E9	34.15580155801558
3.1045928815E9	54.288594164456235
3.104594074E9	0.0
3.104595264E9	0.9813218390804598
3.1045964525E9	58.53310313766702
3.1045976365E9	49.687676387582314
3.1045988165E9	58.62611073137389
3.104599996E9	0.0
3.1046011715E9	32.76036828811212
3.1046023415E9	0.0
3.1046035085E9	24.558049467476454
3.10460467E9	0.0
3.1046058265E9	58.43193950177936
3.1046069825E9	51.44757307589166
3.104608138E9	59.24089852827266
3.1046092925E9	0.0
3.1046104465E9	58.30108005790001
3.104611598E9	59.10640588551947
3.104612744E9	0.0
3.104613887E9	53.88709040663245
3.1046150285E9	51.26227347611203
3.104616167E9	39.07155635062612
3.104617303E9	20.670239076669414
3.104618438E9	7.270241142395258
3.104619573E9	0.8563432835820896
3.104620704E9	50.37886137350013
3.104621831E9	53.0470297029703
3.1046229575E9	54.695421520009226
3.104624082E9	40.06294106427618
3.104625205E9	58.94387246761873
3.104626328E9	0.0
3.1046274505E9	48.69858427396212
3.1046285725E9	58.196643256755145
3.104629694E9	53.60640432772009
3.104630815E9	22.205570501661654
3.104631935E9	6.464888071143821
3.104633054E9	24.69976674441853
3.104634173E9	41.725326991676575
3.1046352915E9	56.14222222222222
3.104636408E9	0.0
3.1046375185E9	41.24424275264156
3.1046386245E9	57.06050726171826
3.1046397295E9	0.0
3.1046408325E9	0.0
3.104641934E9	57.69761700841352
3.1046430335E9	3.74555659494855
3.1046441315E9	0.9723076923076923
3.1046452285E9	0.0
3.1046463245E9	0.0
3.10464742E9	51.03264331210191
3.104648514E9	55.34637914053185
3.1046496055E9	0.9333639705882353
3.104650695E9	0.0
3.104651783E9	40.26615384615385
3.10465287E9	0.0
3.104653956E9	58.09749081029247
3.104655041E9	56.034783867232726
3.104656126E9	15.009237187127534
3.10465721E9	0.0
3.1046582915E9	50.61102666850905
3.1046593715E9	15.495965900441467
3.104660451E9	27.364889322010303
3.10466153E9	0.0
3.104662609E9	38.77965620116494
3.104663686E9	39.49634755863129
3.1046647605E9	53.18598382749326
3.104665834E9	0.0
3.1046669055E9	0.0
3.1046679745E9	34.16281234338083
3.104669042E9	58.776315789473685
3.1046701085E9	0.8909090909090909
3.1046711745E9	0.0
3.1046722405E9	42.04145204158434
3.104673305E9	49.247954173486086
3.104674368E9	41.89914376742334
3.104675431E9	26.193562186725643
3.1046764935E9	17.92452830188679
3.1046775535E9	0.0
3.1046786105E9	57.89908256880734
3.1046796645E9	59.04915020670648
3.104680716E9	52.527534594747245
3.104681767E9	0.0
3.1046828175E9	0.0
3.1046838665E9	36.289875
3.1046849135E9	0.7955974842767296
3.1046859595E9	6.276499508357915
3.104687005E9	0.0
3.104688049E9	0.9539939332659252
3.1046890895E9	0.9292035398230089
3.1046901265E9	53.69113686921906
3.104691162E9	7.353982300884955
3.104692197E9	58.383099928791836
3.104693232E9	51.68375456433021
3.104694266E9	59.03673259696892
3.1046952985E9	0.0
3.10469633E9	0.9407114624505929
3.1046973585E9	48.06573597844722
3.1046983845E9	59.36486933509759
3.1046994105E9	8.596548890714873
3.104700435E9	47.61839481555334
3.1047014575E9	51.74952120383037
3.1047024785E9	33.44513715710723
3.1047034985E9	17.86615566037736
3.1047045185E9	58.61849637450706
3.104705538E9	0.0
3.1047065565E9	40.77332706840519
3.1047075745E9	0.0
3.104708592E9	0.0
3.104709608E9	58.98409198298945
3.104710623E9	0.0
3.104711638E9	22.41377497371188
3.1047126525E9	47.579527559055116
3.1047136665E9	0.0
3.10471468E9	0.0
3.104715693E9	0.0
3.104716706E9	0.0
3.1047177185E9	55.49221296631655
3.10471873E9	11.84916506980564
3.104719741E9	0.0
3.104720751E9	35.274986968986184
3.1047217595E9	0.0
3.1047227675E9	17.908246225319395
3.104723775E9	0.0
3.104724782E9	0.0
3.104725789E9	36.98070701018574
3.1047267955E9	0.0
3.104727801E9	38.0
3.104728805E9	0.0
3.104729807E9	59.65553235908142
3.1047308075E9	0.896551724137931
3.104740963E9	0.0
3.104756475E9	51.257738404761255
3.104767963E9	47.49456777239922
3.104778484E9	57.600474188624474
3.1047881575E9	23.21652594008316
3.1047976135E9	54.51689370232417
3.1048068795E9	36.870642751615335
3.1048160235E9	48.32093399803997
3.104824959E9	42.81783568968109
3.1048336895E9	41.99663890206409
3.1048423175E9	17.01515249767633
3.1048506295E9	56.33924287569715
3.104858538E9	55.49619246508881
3.10486621E9	20.47104461154123
3.104873738E9	0.0
3.104881204E9	45.88347092522298
3.1048886055E9	53.79122355255021
3.104895888E9	52.03724784217016
3.1049030315E9	53.876710375647725
3.1049100215E9	51.15911563402119
3.104916928E9	18.85142606638474
3.1049238165E9	39.52980241938
3.104930685E9	42.41403615572386
3.1049375335E9	54.55731514992216
3.1049443175E9	2.1015794618511086
3.1049510255E9	58.8524861878453
3.104957646E9	52.743782474166615
3.1049641205E9	29.44989544466768
3.104970491E9	7.476179951375354
3.104976811E9	54.317546526159354
3.1049830915E9	31.733718307934122
3.104989311E9	41.40715408120725
3.104995483E9	41.875024877951695
3.1050016285E9	37.63744466446188
3.105007741E9	30.821981075765432
3.105013843E9	47.46600211507579
3.105019839E9	52.34497752638756
3.1050257E9	44.96733969878406
3.105031511E9	35.57503458109302
3.1050372955E9	1.9826130153999006
3.105043063E9	0.0
3.1050488005E9	57.31781866016675
3.1050545125E9	54.76804973629824
3.1050601615E9	45.862028424875085
3.1050657395E9	49.981413593613226
3.1050713015E9	28.732298404726404
3.1050767895E9	33.542753274609844
3.105082186E9	46.364453425421864
3.1050875235E9	57.885517225999564
3.105092801E9	52.96669181501517
3.105098007E9	53.646145948507346
3.1051031505E9	50.62984050512792
3.1051082045E9	53.660218445380266
3.105113172E9	55.45197378935592
3.105118124E9	45.184714301282284
3.105123046E9	47.8054048527808
3.105127928E9	0.9765843179377014
3.105132784E9	53.311094753123804
3.1051375455E9	44.307714744057165
3.105142205E9	50.18161399548533
3.1051468215E9	37.9839113653783
3.105151389E9	42.01276944438122
3.1051559265E9	29.032882125847692
3.105160444E9	52.56092053347246
3.105164943E9	50.394726969570655
3.1051694125E9	2.9887580867536325
3.1051738415E9	46.74452345726149
3.105178253E9	29.606790330959875
3.1051826085E9	50.130493048188065
3.1051869095E9	55.78672659838381
3.105191198E9	56.16952263090911
3.105195423E9	28.44367100201502
3.105199594E9	41.55581588240827
3.1052037465E9	7.329100145137881
3.105207865E9	40.97861918830664
3.10521196E9	0.9685767097966729
3.105216012E9	54.27027199410372
3.1052200195E9	5.898305084745763
3.105224006E9	41.019354838709674
3.1052278585E9	57.39305928682666
3.105231579E9	53.84162465125136
3.1052352765E9	36.23114225444318
3.1052389575E9	46.384586437871604
3.105242632E9	50.98056220095694
3.1052463045E9	55.39485796948974
3.105249957E9	47.855875208851074
3.10525359E9	55.70726340510463
3.105257213E9	14.122587160156451
3.105260822E9	21.84269701593566
3.1052644205E9	46.37724398738435
3.1052680095E9	29.3162859202156
3.1052715945E9	2.8693392724573124
3.105275175E9	54.01488894312912
3.105278732E9	38.26827287493232
3.1052822555E9	43.97545935845531
3.105285765E9	45.31130319148936
3.1052892635E9	54.23491352575947
3.105292744E9	29.509818731117825
3.105296203E9	0.0
3.105299639E9	58.26381603348699
3.10530305E9	47.58246838879839
3.105306431E9	53.964678360410176
3.105309783E9	56.946728078560874
3.1053131135E9	55.98382964564964
3.105316433E9	56.56807641204342
3.105319747E9	41.44039808005637
3.105323045E9	51.74375041224194
3.1053263115E9	4.327197595792637
3.10532956E9	1.1677336747759284
3.105332802E9	53.47736940942015
3.105336038E9	11.33827160493827
3.1053392555E9	55.04288267569898
3.105342453E9	57.51833933393339
3.105345638E9	26.720470084123633
3.1053488045E9	57.917381198634324
3.105351955E9	44.564611255542374
3.105355096E9	53.55981255038968
3.1053582345E9	56.2606499168502
3.1053613715E9	0.0
3.1053645055E9	0.0
3.1053676375E9	46.68682223209386
3.105370751E9	53.81660004702563
3.1053738455E9	59.13573688150491
3.105376939E9	52.19434092198007
3.105380015E9	0.0
3.105383037E9	52.10822471584214
3.105386017E9	0.0
3.105388988E9	43.937666821592195
3.105391952E9	15.155285313376988
3.10539491E9	50.500774737025885
3.105397855E9	54.86257946682589
3.105400789E9	23.59071669457891
3.10540371E9	45.979150940005034
3.1054066165E9	43.190003443130955
3.1054095145E9	53.719979947413115
3.1054124035E9	33.41631874739918
3.105415289E9	21.862797437461868
3.1054181705E9	0.8713550600343053
3.105421047E9	42.0619664464405
3.105423915E9	54.98493410615597
3.1054267735E9	40.034492827681866
3.1054296205E9	41.04684937304904
3.10543244E9	43.83366403870845
3.105435239E9	51.72914411119239
3.1054380315E9	45.892878787878786
3.105440812E9	48.19328330273267
3.105443576E9	47.18456090651558
3.1054463305E9	13.342551455254329
3.105449079E9	54.03248603541464
3.105451813E9	42.746611264536725
3.1054545365E9	51.96907419382046
3.1054572385E9	30.286778398510243
3.105459914E9	18.89656221478552
3.10546258E9	19.430999856099803
3.1054652375E9	33.858387818839745
3.105467887E9	55.53537192397296
3.105470528E9	56.78834951456311
3.105473162E9	0.9160260201064458
3.105475793E9	40.457655623207465
3.1054784135E9	29.017487442774268
3.105481019E9	33.951374755576836
3.1054836015E9	54.86641976994232
3.1054861625E9	34.638962514199164
3.105488716E9	57.62068965517241
3.105491267E9	23.686085813057566
3.1054938115E9	36.29785429141717
3.1054963495E9	58.96907216494845
3.105498881E9	15.795406546990497
3.1055013925E9	35.903196347031965
3.1055038895E9	0.9850220264317181
3.105506379E9	44.063611912246024
3.105508858E9	49.26240486415239
3.10551133E9	58.551106359120126
3.105513792E9	55.37074596081128
3.1055162415E9	0.0
3.105518682E9	42.99053268555069
3.105521118E9	50.85115194599795
3.105523549E9	54.990989950329215
3.105525972E9	50.90190955168756
3.105528388E9	30.638575179526114
3.1055308005E9	45.39764201500536
3.1055332065E9	38.6586466465667
3.105535606E9	51.10299547098922
3.1055380035E9	51.1716022242338
3.105540398E9	29.648004617414248
3.1055427875E9	56.65292809969656
3.1055451725E9	4.354604737822731
3.1055475555E9	42.89694391032197
3.1055499375E9	35.88525395958493
3.105552312E9	19.419050517346317
3.1055546785E9	56.316935132781886
3.1055570425E9	57.07119575169383
3.105559404E9	46.54048267213165
3.105561761E9	47.478051649468
3.105564112E9	22.157573822599883
3.1055664605E9	44.07234462347912
3.1055688045E9	36.220954016707005
3.105571144E9	36.47807158980974
3.1055734815E9	47.8826982492276
3.105575816E9	28.895359441361162
3.1055781475E9	37.528553027050236
3.105580476E9	45.424940785559535
3.1055827985E9	46.6313053648394
3.105585104E9	47.972645609968126
3.1055873965E9	57.60629225568531
3.105589686E9	40.18615755340037
3.1055919665E9	44.528866498740555
3.1055942405E9	19.015351660121386
3.105596511E9	51.495942048427125
3.1055987745E9	17.91078066914498
3.105601033E9	34.06237854644384
3.1056032815E9	55.976268858205245
3.105605521E9	34.76121582611649
3.1056077565E9	26.86998546326286
3.1056099875E9	43.57637257943014
3.1056122175E9	0.0
3.1056144435E9	15.779904306220097
3.1056166625E9	0.0
3.1056188775E9	22.643700240111208
3.1056210895E9	1.345408593091828
3.105623296E9	13.628314317853125
3.105625496E9	39.58492992845468
3.1056276925E9	45.26019936940667
3.1056298885E9	54.96434120693714
3.105632076E9	47.26134498033021
3.1056342545E9	38.49865782409601
3.1056364325E9	25.916853270776528
3.1056386075E9	0.0
3.1056407785E9	56.62549505655754
3.105642947E9	40.53449794480329
3.105645114E9	0.0
3.105647276E9	42.14576930956771
3.105649431E9	26.290084251458197
3.105651583E9	0.9863685932388222
3.105653732E9	54.90123214051645
3.105655878E9	37.730664302278
3.1056580215E9	46.904522613065325
3.1056601635E9	38.386124002285875
3.1056623025E9	19.270771376622083
3.1056644355E9	35.879207519578564
3.1056665645E9	42.07268410234602
3.1056686915E9	58.76597850678733
3.1056708175E9	0.0
3.10567294E9	48.76293110661155
3.105675053E9	34.059042208601184
3.105677152E9	54.39953557722862
3.105679241E9	27.14531729248688
3.1056813275E9	34.530414506955715
3.105683412E9	53.04757015136762
3.105685491E9	21.041472762113333
3.105687566E9	43.26054279749478
3.1056896395E9	42.088752165765
3.1056917095E9	27.10764700365573
3.105693777E9	39.76617364796206
3.105695838E9	0.9757281553398058
3.105697891E9	48.430726478761414
3.1056999415E9	46.40880045960301
3.105701983E9	49.31898923589323
3.1057040115E9	57.10573407449243
3.1057060315E9	18.477702702702704
3.105708045E9	41.18233329357032
3.105710055E9	27.117190994483376
3.105712061E9	39.420059432551625
3.105714063E9	26.1069339239297
