#Position (bp)	mapping quality
3882144.5	55.017364958330894
1.16464325E7	56.90010689542666
1.94107205E7	57.34081521473923
2.71750085E7	58.19281998635663
3.49392965E7	58.20525178961763
4.27035845E7	58.20932039012396
5.04678725E7	58.181549057815424
5.82321605E7	58.130366604893496
6.59964485E7	58.162697994033664
7.37607365E7	58.181666604543025
8.15250245E7	58.08064766893236
8.92893125E7	58.16039694679734
9.70536005E7	58.20926302036376
1.048178885E8	56.39542869444839
1.125821765E8	58.10269132539046
1.203464645E8	22.869298692694652
1.281107525E8	10.819871299389305
1.358750405E8	0.0
1.436393285E8	30.45304645612098
1.514036165E8	52.371443469495716
1.591679045E8	57.37694101056958
1.669321925E8	58.15045128150235
1.746964805E8	58.189585637215245
1.824607685E8	58.17325953961872
1.902250565E8	58.14168529037954
1.979893445E8	58.12316042519534
2.057536325E8	57.50011495211667
2.135179205E8	58.182683939300915
2.212822085E8	58.053049110018655
2.290464965E8	57.22173901072519
2.368107845E8	58.139747756201366
2.445750725E8	58.012071598193856
2.487068195E8	53.164523586537406
2.525889635E8	58.009150825005264
2.601036485E8	58.08783811947561
2.678679365E8	58.11821181819446
2.756322245E8	58.214197484292605
2.833965125E8	57.546231270528324
2.911608005E8	58.18938322577342
2.989250885E8	58.20553885521433
3.066893765E8	58.18537994448368
3.144536645E8	58.21670005965539
3.222179525E8	58.073227403249284
3.299822405E8	58.12476418587143
3.377465285E8	40.78319418343815
3.455108165E8	53.30409527560754
3.532751045E8	57.63679168746965
3.610393925E8	51.96422306818721
3.688036805E8	58.13215102594474
3.765679685E8	56.40399250122396
3.843322565E8	57.98823373205114
3.920965445E8	58.153977111901234
3.998608325E8	58.09526149995235
4.076251205E8	58.115988237566825
4.153894085E8	58.068501882875786
4.231536965E8	58.157471792323435
4.309179845E8	58.18572624009663
4.386822725E8	58.15785112012983
4.464465605E8	58.16153698253699
4.542108485E8	58.23179081450265
4.619751365E8	58.149805629150336
4.697394245E8	58.12952872180049
4.775037125E8	58.13964431552788
4.852680005E8	58.08487687132889
4.90150048E8	57.063228110354174
4.94032192E8	58.0697675234962
5.007965765E8	58.1795426039259
5.085608645E8	58.14139117265438
5.163251525E8	58.16688385851038
5.240894405E8	58.1591394859104
5.318537285E8	58.16053634946359
5.396180165E8	58.24411251002878
5.473823045E8	58.215413082457836
5.551465925E8	58.17391577072076
5.629108805E8	58.13883844694538
5.706751685E8	57.972368680828495
5.784394565E8	53.57049277342756
5.862037445E8	43.229329108004
5.939680325E8	58.1548040642138
6.017323205E8	58.14881611991392
6.094966085E8	58.14127464523758
6.172608965E8	58.018063573541866
6.250251845E8	58.04050821055605
6.327894725E8	58.185401835084946
6.405537605E8	58.15451306350039
6.483180485E8	58.16524000326022
6.560823365E8	58.22342933192241
6.638466245E8	58.23476334380768
6.716109125E8	58.224117992377764
6.793752005E8	58.025337547126405
6.863514275E8	57.44444935624641
6.902335715E8	56.39911960812124
6.949037765E8	56.06542069919157
7.026680645E8	57.67562200806804
7.104323525E8	58.03835685709668
7.181966405E8	58.1778391829666
7.259609285E8	58.21065383118884
7.337252165E8	58.207047786950234
7.414895045E8	33.53233398960672
7.492537925E8	58.104250180785115
7.570180805E8	58.101796293495326
7.647823685E8	58.152085939775134
7.725466565E8	58.14887958627685
7.803109445E8	58.160301715257766
7.880752325E8	58.17125826629984
7.958395205E8	58.17805673408519
8.036038085E8	58.16695078590051
8.113680965E8	58.05641376183653
8.191323845E8	57.99394079312926
8.268966725E8	58.07705050598171
8.346609605E8	58.172427703665626
8.424252485E8	58.19324938476171
8.501895365E8	58.2052080921906
8.579538245E8	58.071958063240345
8.657181125E8	58.16468106181223
8.734824005E8	58.05279444415744
8.78512305E8	53.97996448384557
8.82394449E8	57.81890559299965
8.890109765E8	58.09733045609018
8.967752645E8	57.38818369768692
9.045395525E8	58.10439093002529
9.123038405E8	58.04196347887319
9.200681285E8	58.17084832081569
9.278324165E8	43.237286910936795
9.355967045E8	58.15931529689983
9.433609925E8	58.120139607264456
9.511252805E8	48.23881796767343
9.588895685E8	58.19176097939059
9.666538565E8	58.23286172261205
9.744181445E8	58.143514671252554
9.821824325E8	58.05686031710331
9.899467205E8	58.1356428510901
9.977110085E8	58.17239928238124
1.0054752965E9	58.166755253863364
1.0132395845E9	58.178921769419205
1.0210038725E9	58.17782662876168
1.0287681605E9	58.11052499095367
1.0365324485E9	58.12869400691074
1.0442967365E9	58.209652808438214
1.0520610245E9	57.27604394321266
1.0585707465E9	55.78492579112296
1.0624528905E9	57.702918846713835
1.0675896005E9	58.11274985158342
1.0753538885E9	58.22516786099043
1.0831181765E9	58.15911681813462
1.0908824645E9	56.805194099725696
1.0986467525E9	58.14334428517609
1.1064110405E9	58.1841603767564
1.1141753285E9	58.163150082813495
1.1219396165E9	42.58840941794409
1.1297039045E9	58.16342714898554
1.1374681925E9	58.1879364998192
1.1452324805E9	58.113624362965346
1.1529967685E9	58.138176389659755
1.1607610565E9	58.1954032136543
1.1685253445E9	58.18630920717621
1.1762896325E9	58.164076396823155
1.1840539205E9	58.151910157366075
1.1918182085E9	58.133087706272924
1.1995824965E9	58.2119964254361
1.2073467845E9	58.25133356262889
1.2151110725E9	58.09883645391643
1.2228753605E9	57.52437714834935
1.229380904E9	57.27797136370376
1.233263048E9	57.50097640064066
1.2384039365E9	57.46440850164559
1.2461682245E9	58.21018075963861
1.2539325125E9	58.14456066928158
1.2616968005E9	58.02994602254896
1.2694610885E9	58.12415446074304
1.2772253765E9	58.0897636160814
1.2849896645E9	57.51352876119389
1.2927539525E9	27.6375018695645
1.3005182405E9	57.19744221390724
1.3082825285E9	53.81421965714194
1.3160468165E9	58.22390077333911
1.3238111045E9	58.163172233970464
1.3315753925E9	55.87812110826833
1.3393396805E9	58.172044182333416
1.3471039685E9	58.14576740001102
1.3548682565E9	58.13417871456157
1.3626325445E9	58.127012280365435
1.3703968325E9	58.18048910301872
1.3781611205E9	55.84594949770997
1.3859254085E9	57.79123753051471
1.3905789145E9	57.30252977521922
1.3944610585E9	56.12705981423732
1.4014539845E9	50.44775631321643
1.4092182725E9	58.16464052663453
1.4169825605E9	58.15648028331206
1.4247468485E9	58.1759595492806
1.4325111365E9	48.011703726191925
1.4402754245E9	55.74328546971645
1.4480397125E9	58.09584441039542
1.4558040005E9	58.16884338241879
1.4635682885E9	58.074222391566295
1.4713325765E9	58.19987942918735
1.4790968645E9	53.26537130601018
1.4868611525E9	58.199876157905514
1.4946254405E9	58.17684468018464
1.5023897285E9	58.22095994427784
1.5101540165E9	58.15863085665613
1.5179183045E9	58.159489549180954
1.5256825925E9	58.09793410057685
1.5330268245E9	57.99988500971374
1.5369089685E9	56.53740350196331
1.5412111685E9	58.181122152334126
1.5489754565E9	58.19584509796891
1.5567397445E9	58.18566975159013
1.5645040325E9	58.19674605456297
1.5722683205E9	55.47679450750122
1.5800326085E9	28.76262026397512
1.5877968965E9	0.0
1.5955611845E9	17.093347120854865
1.6033254725E9	36.59695479407986
1.6110897605E9	58.180262032644386
1.6188540485E9	58.034940071278285
1.6266183365E9	58.03577291949881
1.6343826245E9	58.00076485996556
1.6421469125E9	58.16275459325891
1.6499112005E9	57.91913079391932
1.6576754885E9	58.22564432739771
1.6654397765E9	58.17760230905835
1.672102775E9	57.293696512245695
1.675984919E9	56.41974370897864
1.6809683525E9	58.08091248974979
1.6887326405E9	58.185406571050876
1.6964969285E9	58.18424763531684
1.7042612165E9	58.114649647078714
1.7120255045E9	42.86003157338285
1.7197897925E9	43.99036876211167
1.7275540805E9	57.83853431862247
1.7353183685E9	58.230274749985966
1.7430826565E9	58.232370564083666
1.7508469445E9	58.05830808715665
1.7586112325E9	57.59546435490023
1.7663755205E9	58.15657518506909
1.7741398085E9	58.17526387516226
1.7819040965E9	58.135487600297886
1.7896683845E9	58.17492565522304
1.7974326725E9	58.09721964413629
1.804997934E9	56.02503837971268
1.808880078E9	46.05143634070453
1.8129612485E9	57.23814428562265
1.8207255365E9	58.19906389067851
1.8284898245E9	58.1627821511441
1.8362541125E9	58.155982395804585
1.8440184005E9	58.16068797258201
1.8517826885E9	58.1586799160858
1.8595469765E9	35.92939874041085
1.8673112645E9	58.06847341716515
1.8750755525E9	58.10619631271246
1.8828398405E9	58.16273738761536
1.8906041285E9	58.207702073759556
1.8983684165E9	56.7815764675859
1.9061327045E9	58.14410753125778
1.9138969925E9	58.202450924046545
1.9216612805E9	58.16278007606192
1.9294255685E9	58.1626690209775
1.9371898565E9	58.15267684859766
1.942419837E9	58.00639394110316
1.946301981E9	57.85730269681699
1.9527184325E9	57.908935636443594
1.9604827205E9	58.162693770568055
1.9682470085E9	58.181768810478374
1.9760112965E9	44.253137752587904
1.9837755845E9	53.35678661970707
1.9915398725E9	58.232028204971314
1.9993041605E9	58.211189004616145
2.0070684485E9	58.16772629653528
2.0148327365E9	58.20419294618744
2.0225970245E9	58.17241631272138
2.0303613125E9	58.168935030285915
2.0381256005E9	58.146101082598726
2.0458898885E9	58.16675629452223
2.0536541765E9	58.2177797308326
2.0614184645E9	58.215025210097814
2.0691827525E9	58.158197463737615
2.0750539395E9	57.84834894235321
2.0789360835E9	0.0
2.0847113285E9	0.0
2.0924756165E9	12.241678005131066
2.1002399045E9	58.166455589387674
2.1080041925E9	58.12592593079248
2.1157684805E9	58.13162699020439
2.1235327685E9	58.125448661061704
2.1312970565E9	57.18636236788801
2.1390613445E9	58.002041020176165
2.1468256325E9	58.163588150534856
2.1545899205E9	58.196437151799834
2.1623542085E9	58.22996239075594
2.1701184965E9	58.22050055631512
2.1778827845E9	58.159483665536804
2.1856470725E9	57.92116890735596
2.1904682635E9	57.95121167848388
2.1943504075E9	0.0
2.2011756485E9	0.0
2.2089399365E9	39.947646692804334
2.2167042245E9	58.12590244114315
2.2244685125E9	58.1782364813051
2.2322328005E9	58.17414206668668
2.2399970885E9	58.18930967959097
2.2477613765E9	58.20389157673934
2.2555256645E9	58.18883929994672
2.2632899525E9	58.1951152570599
2.2710542405E9	58.162843153126396
2.2788185285E9	58.12893716193443
2.2865828165E9	58.15035413371529
2.2943471045E9	57.90183545376779
2.2983401385E9	57.8051411232218
2.3022222825E9	0.0
2.3098756805E9	0.0
2.3176399685E9	24.590184839785096
2.3254042565E9	53.6766161673328
2.3331685445E9	55.88503641277256
2.3409328325E9	57.84133831869897
2.3486971205E9	58.18985416754389
2.3564614085E9	58.15433133894983
2.3642256965E9	58.20031109970145
2.3719899845E9	57.66726025679338
2.3797542725E9	56.61782776791806
2.3875185605E9	57.895376185721375
2.3952828485E9	58.115766132882634
2.399803605E9	55.55073960186972
2.403685749E9	57.76330842845217
2.4108114245E9	58.173990256551825
2.4185757125E9	49.93020950950138
2.4263400005E9	54.321697170549946
2.4341042885E9	39.31146163726849
2.4418685765E9	1.7896664074289423
2.4496328645E9	48.61670347402377
2.4573971525E9	58.110814301649036
2.4651614405E9	58.21584429536125
2.4729257285E9	57.20572627953603
2.4806900165E9	58.144337830637305
2.4876763615E9	57.214105207443794
2.4915585055E9	57.43051074481817
2.4962185925E9	58.13835073846239
2.5039828805E9	57.976941236882226
2.5117471685E9	41.487673752211485
2.5195114565E9	47.83294493377672
2.5272757445E9	55.29066281155289
2.5350400325E9	55.830108936902114
2.5428043205E9	58.192208267630654
2.5505686085E9	58.06012122209237
2.5583328965E9	57.99744445938959
2.5660971845E9	58.17475964033186
2.572008666E9	57.734588416644435
2.57589081E9	56.239300347749726
2.5816257605E9	58.137717118141865
2.5893900485E9	28.90707908614116
2.5971543365E9	54.64477105102437
2.6049186245E9	58.19132105322072
2.6126829125E9	58.147783941495334
2.6204472005E9	58.01899488082898
2.6282114885E9	58.174791127074016
2.6359757765E9	58.1906536107715
2.6437400645E9	58.17081931247875
2.6510167485E9	57.91095582466167
2.6548988925E9	48.87382865144093
2.6592686405E9	58.00410219304163
2.6670329285E9	57.618081480095135
2.6747972165E9	58.29515963439206
2.6825615045E9	57.033533725767796
2.6903257925E9	55.23443378312302
2.6980900805E9	58.19772224762294
2.7058543685E9	56.94243743783642
2.7113827085E9	58.06400910799329
2.7152648525E9	58.042786363864245
2.7213829445E9	58.18134376291725
2.7291472325E9	58.13683010954412
2.7369115205E9	42.692505971281925
2.7446758085E9	46.79829392417549
2.7524400965E9	58.23321896222686
2.7602043845E9	58.14057887833713
2.7679686725E9	58.13828877631847
2.774661944E9	57.81802765964442
2.778544088E9	0.0
2.7834972485E9	23.071734262184563
2.7912615365E9	52.55839202269823
2.7990258245E9	58.20950375501141
2.8067901125E9	58.231226828403386
2.8145544005E9	57.99358178016002
2.8213097995E9	56.248220970377176
2.8251919435E9	0.0
2.8300829765E9	0.0
2.8378472645E9	38.27039531814523
2.8456115525E9	53.23291617981571
2.8533758405E9	58.209303359292925
2.8611401285E9	58.16136342924359
2.8689044165E9	58.11048561076675
2.8738940415E9	57.52351806335283
2.8777761855E9	56.17763708769161
2.8844329925E9	58.09840120730202
2.8921972805E9	58.18961535289337
2.8999615685E9	58.2228273227192
2.9077258565E9	58.202760803199084
2.9154901445E9	58.15122707106103
2.9232544325E9	56.20813741656438
2.9310187205E9	44.93422082854913
2.9387830085E9	47.28889600513074
2.9465472965E9	56.04440007962936
2.9543115845E9	58.189881467163545
2.9620758725E9	57.85916489141535
2.9698401605E9	57.85658939093296
2.9776044485E9	56.2466860148008
2.9853687365E9	58.195691223597386
2.9931330245E9	56.30505795414139
3.0008973125E9	58.176384480463255
3.0086616005E9	56.77620462958687
3.0164258885E9	56.27126773469013
3.0241901765E9	57.189258639295794
3.029557369E9	53.52222009369941
3.033439513E9	49.02691567369386
3.0397187525E9	23.000076570387
3.0474830405E9	6.414657221492463
3.0552473285E9	10.67422585554022
3.0630116165E9	0.0
3.0707759045E9	0.0
3.0785401925E9	0.0
3.0853460845E9	46.02076328083168
3.088278117E9	58.04563021526529
3.088373929E9	49.14375297556177
3.0884774725E9	49.253223687485196
3.0885573295E9	55.72212492720696
3.0886546005E9	26.815423046256555
3.0887081185E9	36.75838719306893
3.0887493115E9	37.79498527196806
3.088858438E9	28.017005435873937
3.088966832E9	50.1485224407646
3.089008063E9	51.59643152531458
3.089109657E9	14.333510045386438
3.089267292E9	8.008274480081305
3.08942189E9	9.539003460376524
3.089604443E9	36.25504658404866
3.089755642E9	46.74252627424576
3.0898220175E9	12.510185286066433
3.0898610755E9	22.23901604804267
3.089968525E9	31.393723623898758
3.0900764725E9	40.05264872163779
3.090141311E9	3.392814940039691
3.090191469E9	0.0
3.090297168E9	38.55863126918262
3.090503609E9	32.787446176362245
3.0907062205E9	51.77783520272616
3.09089898E9	44.057840077093246
3.091013772E9	52.23970156350613
3.091052607E9	52.468865529466385
3.0911587895E9	46.79353164149838
3.091267064E9	56.385798991890056
3.0915130575E9	8.68661755345196
3.092673561E9	14.88278509908948
3.093702736E9	46.138168044516085
3.093935951E9	34.33789216902205
3.094132646E9	30.291682649272154
3.0942642985E9	8.385898239231894
3.094360447E9	47.71842715434957
3.0944711045E9	14.221302459811117
3.0946435155E9	14.946009273028764
3.094747446E9	41.48183321410506
3.0948598115E9	9.312382020471706
3.0950026905E9	42.46216244355762
3.095104297E9	42.09102220676269
3.095190977E9	17.64512072966514
3.0952465895E9	0.0
3.0952663465E9	56.41859623733719
3.095268566E9	26.93049568965517
3.0952706195E9	21.413392200147168
3.0952723265E9	1.3710247349823321
3.0952838005E9	24.382502113271343
3.0952967465E9	35.668288833355255
3.095299555E9	10.187546699875467
3.0953008775E9	22.518553758325403
3.0953027375E9	25.56501703065518
3.0953043745E9	24.748490945674043
3.095311073E9	7.938548864758144
3.0953361175E9	12.900627316794981
3.095355552E9	0.9968454258675079
3.0953574645E9	10.638425253991292
3.095360032E9	0.0
3.095361791E9	24.033231204336555
3.095363378E9	35.03051903479592
3.095365611E9	13.89411540658922
3.0953678415E9	0.0
3.095369933E9	0.0
3.095371677E9	13.70275984865346
3.09537289E9	0.9826530612244898
3.0953743225E9	0.8327759197324415
3.095375945E9	0.9887005649717514
3.095572656E9	44.22685349027402
3.095769303E9	50.97645906489249
3.0957708065E9	39.4193186072632
3.0957736535E9	51.16469571137801
3.095822105E9	45.35678679204834
3.095924849E9	23.002095322023678
3.095983129E9	49.39457085216681
3.095986364E9	23.392661667420864
3.0959887305E9	48.191254731991
3.0959909825E9	31.91800277117973
3.095993051E9	48.026022084727195
3.0959946765E9	55.86862031664864
3.096006671E9	37.28718812381429
3.0960870785E9	39.755521681625666
3.0961589785E9	48.209095537077886
3.096165879E9	53.23893347879166
3.096173123E9	50.528572453178654
3.09617898E9	51.520171666624755
3.096183283E9	54.40365787131414
3.096185859E9	17.714461387112642
3.0961883E9	17.9842266790379
3.0961908755E9	20.352763659466326
3.096192456E9	0.0
3.096238607E9	48.1547315584565
3.0962848625E9	0.9680741503604532
3.096286263E9	0.0
3.0962877625E9	56.875582479030754
3.096289947E9	23.89695892987773
3.096292208E9	37.59725662030863
3.0962965075E9	0.7765691606644127
3.096315547E9	10.713605565600385
3.0963533005E9	34.517795909724306
3.09637788E9	49.721920931241534
3.096382479E9	51.925314062690575
3.0963879875E9	17.600855686014025
3.0963943185E9	34.05117416139724
3.096398918E9	37.97534176568289
3.0964033365E9	41.38031193032206
3.0964070605E9	45.99564435840708
3.0964084065E9	4.174950298210735
3.0964096105E9	0.0
3.096411644E9	21.99260972582647
3.0964135175E9	0.0
3.0964147555E9	0.0
3.0964161835E9	0.0
3.0964174105E9	17.61384666226041
3.096418484E9	20.456090026478375
3.096419946E9	0.0
3.096422275E9	0.6484118291347207
3.0964254675E9	6.335260115606936
3.0964313925E9	5.694508840524549
3.0964360765E9	0.0
3.096437123E9	0.0
3.0964382945E9	0.0
3.096440137E9	0.0
3.096442099E9	0.0
3.096443439E9	0.9427942794279428
3.0964449505E9	0.9951664876476907
3.0964464985E9	0.0
3.0964475915E9	0.0
3.0964489705E9	0.0
3.0964506065E9	0.9857433808553971
3.0964522235E9	0.0
3.0964537525E9	0.9955290611028316
3.0964552355E9	1.0
3.09645655E9	0.0
3.0964580005E9	0.9968879668049793
3.0964594605E9	0.9238263950398583
3.096462063E9	28.27033352837917
3.0964647385E9	0.0
3.0964666345E9	8.833406400701447
3.0964687875E9	4.166238584474886
3.096470338E9	0.0
3.0964722525E9	3.202690166975881
3.096474844E9	0.0
3.0964802425E9	57.566256901948215
3.0964880595E9	55.66899420737404
3.0965833285E9	33.55874595970016
3.0967643755E9	53.57227848561109
3.0969348755E9	16.68456612288381
3.097105623E9	37.840267347408485
3.0972741855E9	9.48524020516572
3.0973604055E9	3.0431291190721512
3.097450029E9	1.24531395638234
3.0976374775E9	17.674987571791025
3.0978270425E9	30.7228690361968
3.0979310955E9	30.047166280610544
3.097952041E9	25.821104294478527
3.0979864125E9	51.78004824624102
3.098119023E9	18.94930111035086
3.098265051E9	13.192443747102663
3.098391091E9	51.0881900597577
3.0985448955E9	39.958002207785405
3.0986946915E9	35.70561790815195
3.098783935E9	0.0
3.0988292795E9	31.82233970180331
3.098880847E9	21.25622393250569
3.098919304E9	36.01504256035095
3.0989774605E9	28.093750347899725
3.099052881E9	41.63088045181527
3.0991573655E9	30.631505464912657
3.099319594E9	25.855149557798836
3.0995012675E9	23.17574326262542
3.099670145E9	36.04289926345609
3.09983663E9	0.0
3.0999236415E9	0.0
3.099926258E9	48.684092815208274
3.0999293305E9	53.52948644442624
3.0999317075E9	57.80661497072322
3.099933225E9	55.018862449216485
3.099934473E9	54.46162835995325
3.099935544E9	58.26589595375722
3.099936873E9	57.40748126987549
3.0999392435E9	58.458222430041005
3.0999417715E9	59.066095947523486
3.099944294E9	58.81634451929736
3.099947122E9	37.04339440694311
3.099949542E9	6.60274763334103
3.099951465E9	0.0
3.0999532635E9	23.0739837398374
3.0999548975E9	54.92391681109186
3.099956276E9	0.9181818181818182
3.0999589355E9	58.208147676639086
3.099961492E9	0.0
3.0999627755E9	0.0
3.099966206E9	45.7037362813106
3.099971928E9	0.0
3.0999763185E9	57.98259911027125
3.0999787225E9	0.0
3.099980804E9	0.0
3.099982934E9	13.60625
3.0999846185E9	25.287497399625547
3.0999859675E9	14.961832061068701
3.099987108E9	0.0
3.0999883185E9	34.66414141414141
3.099989888E9	58.1000295945546
3.0999934275E9	54.49310258964143
3.099997199E9	53.45915435833305
3.0999989405E9	59.34146341463415
3.100000503E9	55.94977243172952
3.100002242E9	57.6045197740113
3.100004537E9	53.51192074145094
3.100007437E9	51.539495019689596
3.1000093805E9	58.599221789883266
3.1000104305E9	32.99294117647059
3.100011833E9	48.16398207581446
3.1000136915E9	33.43071786310517
3.1000154645E9	45.393636699963004
3.100017134E9	52.88422291993721
3.1000187915E9	54.781722054380666
3.100020568E9	54.16220689655172
3.1000221625E9	53.234886940470695
3.1000236955E9	50.90927164287005
3.1000264625E9	41.54350486935235
3.100029677E9	57.814004677397165
3.100031578E9	36.81975827640567
3.1000326205E9	0.0
3.100033658E9	59.37090432503277
3.100035464E9	48.21862666044222
3.1000409715E9	38.36772286465085
3.1000479435E9	18.276340825627024
3.100051797E9	55.339353888490535
3.100053416E9	33.870083164756124
3.10005829E9	53.55816480627712
3.1000639665E9	27.585200384282377
3.1000665115E9	34.48389560789306
3.100068816E9	57.73008366678792
3.100070957E9	51.82591577023132
3.1000725955E9	54.486524034454014
3.10007379E9	40.85984973475138
3.1000757855E9	58.22592403872535
3.1000785755E9	58.37227560123016
3.1000897445E9	57.45714051416622
3.1001009405E9	58.927280500602436
3.1001076425E9	58.419792267743794
3.1001174535E9	0.0
3.10012562E9	58.46836168392298
3.1001304845E9	58.03777031406517
3.1001326025E9	59.096612296110415
3.100134138E9	13.887708333333334
3.100136976E9	57.71768457198921
3.1001412695E9	57.068297882649354
3.1001454075E9	0.0
3.1001489115E9	0.0
3.1001523505E9	57.63209521318336
3.1001553555E9	46.34477419354839
3.1001569595E9	40.88613462313583
3.1001596515E9	57.3662622958268
3.100164687E9	56.60839083784417
3.100169456E9	57.53722105263158
3.100173756E9	58.20051215684115
3.100178605E9	0.0
3.100182461E9	58.43844381391275
3.1001845245E9	12.821648556993564
3.100186698E9	58.62065955647691
3.1001901715E9	58.37452094621382
3.1001926785E9	39.393512417638114
3.1001942255E9	0.0
3.100196577E9	57.86479591836735
3.100199826E9	58.81904535032606
3.1002050385E9	58.837964731457625
3.1002116325E9	58.56465380621892
3.100215983E9	56.57790528527558
3.100218536E9	0.0
3.1002222875E9	0.0
3.100226716E9	0.0
3.100230998E9	57.934444733871665
3.10023432E9	58.614655660517926
3.100237109E9	28.225667894333416
3.100241596E9	57.5783560129122
3.1002465235E9	0.0
3.100249222E9	0.9504504504504504
3.1002504975E9	58.31553916335048
3.1002526125E9	58.016761458151805
3.1002555955E9	57.522160258291755
3.1002585615E9	57.92589969074481
3.1002608765E9	58.59686925660688
3.100264232E9	0.0
3.1002683515E9	0.0
3.1002730005E9	58.34695810886768
3.100276567E9	0.0
3.1002785615E9	58.07190476190476
3.1002805655E9	31.50025955356786
3.1002818545E9	0.0
3.100283864E9	0.0
3.100286221E9	0.0
3.1002886105E9	30.37435427428762
3.100297238E9	0.0
3.100308266E9	0.0
3.1003148695E9	0.0
3.1003201675E9	58.34026593931129
3.100323191E9	53.98432438081304
3.100327556E9	58.21097676946067
3.1003361335E9	58.6078829328194
3.100341505E9	31.262025909161853
3.100343284E9	58.70524572059636
3.1003451525E9	57.75261238170347
3.10034797E9	0.0
3.1003522945E9	57.55488615914248
3.1003595775E9	57.261708073238886
3.100367519E9	58.348821789628175
3.1003726985E9	59.229561048193766
3.1003758895E9	58.94940134868572
3.1003787135E9	0.0
3.1003813635E9	0.0
3.100384543E9	58.60113123163941
3.100388122E9	20.07270769188286
3.100390936E9	57.629211501146585
3.1003962175E9	58.39158962542501
3.1004020815E9	58.85601809775952
3.1004062135E9	36.03921120755292
3.100409423E9	55.51920740256099
3.1004119315E9	58.396232727759376
3.100414125E9	59.294871794871796
3.100417918E9	58.28466295293096
3.100423028E9	58.3772469835016
3.1004269835E9	56.85291107349526
3.1004299135E9	58.448104970028794
3.100431937E9	0.0
3.100433132E9	0.0
3.100434876E9	0.0
3.1004377605E9	51.57055821932873
3.1004408225E9	57.77893864013267
3.1004441155E9	0.0
3.1004490815E9	58.68637745447777
3.100453243E9	57.37368602023774
3.1004556705E9	58.84074517699228
3.1004587745E9	57.754408983907695
3.100461398E9	53.6547433903577
3.100462798E9	55.29896907216495
3.1004649905E9	57.855183640702
3.100471036E9	0.0
3.1004779445E9	58.3174642880653
3.1004820575E9	55.582663605051664
3.100486718E9	58.23991000872691
3.1004910255E9	0.0
3.10049749E9	0.0
3.1005038655E9	0.0
3.1005113075E9	0.0
3.100520375E9	58.356960286451006
3.100524579E9	57.463542366053446
3.100528576E9	58.011074628526906
3.100533401E9	57.992591475889995
3.1005371995E9	58.897797370314244
3.100540127E9	0.0
3.100544135E9	0.0
3.1005486665E9	58.11065006915629
3.1005512115E9	55.38028052805281
3.100552639E9	59.17245485215321
3.1005539095E9	0.0
3.1005560785E9	58.36937083401073
3.100558656E9	58.30935018230858
3.100561947E9	53.734270830521744
3.10056789E9	0.0
3.100573138E9	0.0
3.100576513E9	58.48097027419175
3.100580371E9	58.36671157795597
3.100591292E9	14.213539940724838
3.100602639E9	57.97410631084323
3.100606305E9	59.36559577063847
3.100608874E9	58.582824964805255
3.1006116575E9	57.9432095592959
3.1006156585E9	57.88210572882106
3.100620518E9	0.0
3.1006254325E9	58.20930570221753
3.1006312815E9	0.0
3.1006367155E9	47.178395498697334
3.100640534E9	57.95926764040321
3.100643878E9	55.30726624433136
3.100647993E9	0.0
3.1006508345E9	44.38854961832061
3.100653317E9	0.0
3.1006563755E9	0.0
3.1006598935E9	0.0
3.1006649805E9	0.0
3.1006712605E9	0.0
3.1006757165E9	0.0
3.100677201E9	22.69490611519919
3.10067847E9	42.81776504297994
3.100683289E9	58.64665068752365
3.1006885805E9	58.58659691785664
3.100691006E9	56.6069424607223
3.1006942785E9	0.0
3.1006969395E9	0.0
3.1006991355E9	47.31227372488698
3.1007016905E9	9.90407194604047
3.100704182E9	54.37706725468578
3.100706833E9	41.313289745910154
3.100708945E9	0.0
3.100712266E9	0.0
3.10071577E9	58.52284803400638
3.100717503E9	59.85203452527743
3.100719116E9	0.0
3.1007206285E9	0.0
3.1007221265E9	53.394549763033176
3.100724699E9	0.0
3.1007268945E9	58.806549423893266
3.1007289465E9	54.62971162248762
3.1007309285E9	0.0
3.1007330965E9	58.0147802667017
3.1007392415E9	57.51848575977357
3.1007470865E9	58.34888133300772
3.1007528755E9	0.0
3.1007561985E9	59.339874261764145
3.1007588475E9	58.92646602544213
3.100761762E9	44.981099796334014
3.1007635275E9	21.122665229885058
3.100764747E9	38.456173963023275
3.1007667445E9	39.33687972062048
3.1007691425E9	57.42222376025193
3.100772442E9	0.0
3.100775528E9	54.89086161879896
3.100781116E9	58.60967303893159
3.10079114E9	58.63788594029089
3.100797975E9	50.782693813625684
3.1008007345E9	58.64693446088795
3.100804877E9	58.0765761067946
3.100809349E9	0.0
3.1008114985E9	0.9148418491484185
3.1008137425E9	10.544215739379402
3.1008164375E9	5.517291327177259
3.100825815E9	11.72888865977932
3.100837982E9	5.876208126442409
3.100842972E9	55.27339094159714
3.1008451085E9	55.875537134672236
3.10084822E9	57.15659524176558
3.1008510465E9	56.380313988357734
3.100852321E9	0.0
3.1008571395E9	58.5935275883447
3.1008619615E9	45.52901023890785
3.1008648315E9	58.82558306594512
3.100868278E9	55.87785203964047
3.100873156E9	54.8615431968582
3.1008795525E9	48.03955403664071
3.100884274E9	39.7959013301818
3.10088846E9	22.60473810752634
3.1008916615E9	11.585457419482315
3.10089384E9	0.0
3.1008970555E9	57.45421383383265
3.1008998325E9	33.242290748898675
3.100902708E9	41.82960805998316
3.1009063655E9	38.96220275101026
3.1009089965E9	45.7976055539813
3.1009125255E9	41.0285190742989
3.1009156975E9	51.658784400413715
3.100917935E9	46.28019221629614
3.1009210515E9	46.147640991058495
3.1009240305E9	48.00070719505487
3.100926116E9	48.043310108644306
3.1009275335E9	17.471264367816094
3.100928649E9	44.401578590019234
3.1009304855E9	50.34857338387029
3.100935775E9	58.43130942663003
3.1009404825E9	0.0
3.1009433075E9	19.023072758495257
3.100962012E9	9.438890159497664
3.100979643E9	4.96522211656025
3.1009826315E9	53.01873120865905
3.100986095E9	49.638070437566704
3.100988659E9	34.634603372891945
3.1009913515E9	51.07305920777154
3.100994484E9	40.50458209120018
3.100999235E9	45.54007435191577
3.1010045095E9	55.43932423508695
3.101007663E9	58.50531200390768
3.101009454E9	56.543795620437955
3.1010139635E9	0.0
3.10102777E9	0.0
3.101038557E9	43.60482789450156
3.1010399745E9	0.0
3.10104147E9	48.942622950819676
3.101043057E9	58.580192813321645
3.101044461E9	59.53846153846154
3.101046252E9	48.98502353444587
3.101048543E9	54.30304186863097
3.101051444E9	58.67012594285322
3.101053714E9	0.0
3.101055658E9	54.5504347826087
3.1010593945E9	0.0
3.1010636115E9	58.54215416065855
3.101066684E9	0.0
3.101069485E9	0.0
3.10107171E9	57.9
3.1010747125E9	58.37677681373454
3.101082788E9	58.38113007135105
3.1010891985E9	52.55882352941177
3.101090371E9	0.0
3.101091454E9	0.0
3.1010926105E9	0.0
3.101093789E9	0.0
3.101094954E9	0.0
3.1010960955E9	17.336324360252576
3.1010976565E9	47.646953203905284
3.1010992105E9	7.222513089005235
3.1011004015E9	0.0
3.101103073E9	56.86275500291432
3.101108811E9	0.0
3.1011134185E9	29.718024804078215
3.1011171035E9	58.10689637801622
3.1011208445E9	23.64351851851852
3.1011223705E9	55.56883194278903
3.1011236055E9	58.238070267435766
3.101126918E9	57.847464370129416
3.101130602E9	34.1221399237313
3.1011321595E9	0.0
3.101133927E9	50.54734590705814
3.1011356635E9	47.08943089430894
3.1011368845E9	58.80694143167028
3.1011381815E9	0.0
3.10113931E9	57.64337851929093
3.1011404165E9	59.36708860759494
3.101141667E9	57.81044095286366
3.101143503E9	52.29933110367893
3.1011454715E9	57.51144510124513
3.101147397E9	58.69234074131938
3.1011501335E9	56.84470008216927
3.101157518E9	55.34057902622607
3.1011645045E9	58.3781033153431
3.1011668885E9	25.653879269109346
3.1011686545E9	0.0
3.1011709785E9	17.859454599940065
3.101173445E9	56.339750260145685
3.101205684E9	37.54738587616961
3.1012403025E9	33.16631610257718
3.1012453615E9	52.32820694125272
3.1012505225E9	52.90115293023321
3.1012614495E9	37.731591272308165
3.1012739195E9	36.47934584790879
3.101281912E9	55.28495062838159
3.1012871705E9	45.9014468024236
3.101295694E9	44.9178724856531
3.1013044905E9	54.3237972721303
3.1013083555E9	52.58641643175465
3.1013114625E9	52.01932074455552
3.101316135E9	42.63652458019907
3.1013198035E9	40.24663720215219
3.101320917E9	0.0
3.101322018E9	58.94625922023182
3.1013238925E9	17.97221804753419
3.101326703E9	25.314699174630757
3.1013294495E9	11.823594949244862
3.1013318685E9	7.597793657224944
3.1013343305E9	18.258035196590036
3.101336736E9	27.962107383395228
3.101339303E9	24.39242146514127
3.101342702E9	41.986825329366766
3.101345195E9	38.33013260173754
3.1013472335E9	57.19634703196347
3.101349218E9	29.77988614800759
3.1013517465E9	38.477841704245066
3.101354867E9	57.87378640776699
3.1013568785E9	52.18773656320969
3.101370363E9	56.87760220717331
3.1013921985E9	58.097671388517696
3.1014090845E9	57.85995206253464
3.101423574E9	57.14435400458695
3.101436092E9	0.0
3.1014467775E9	0.0
3.10145676E9	56.52072308127217
3.1014665925E9	58.52467854901584
3.101476343E9	57.97932601756139
3.1014858855E9	57.500404458026246
3.1014950245E9	0.0
3.101503724E9	0.0
3.1015121195E9	43.84853148071405
3.101520406E9	0.0
3.101528602E9	58.647027945957234
3.101536693E9	57.93975911251981
3.1015446345E9	58.136802711758136
3.1015524055E9	57.79531201760939
3.1015601115E9	0.0
3.101567702E9	58.52526740624508
3.1015751255E9	0.0
3.1015823905E9	57.155142032590845
3.101589504E9	35.766041350590946
3.101596546E9	0.0
3.101603554E9	0.0
3.1016105495E9	0.0
3.101617536E9	13.370641600174883
3.101624424E9	0.0
3.101631085E9	56.230655384708705
3.1016374705E9	56.17987995046148
3.1016435565E9	58.75187958458512
3.1016494765E9	0.0
3.1016553825E9	58.85751299966049
3.101661271E9	0.0
3.1016671275E9	0.0
3.101672916E9	0.0
3.101678576E9	0.0
3.101684071E9	0.0
3.1016894025E9	0.0
3.1016946505E9	58.33151909483501
3.1016998325E9	0.0
3.1017049205E9	0.0
3.101709929E9	0.0
3.101714835E9	58.0528571830115
3.1017196755E9	58.31776205163251
3.101724499E9	0.0
3.101729313E9	0.0
3.1017340725E9	58.65679920956612
3.1017387675E9	0.0
3.10174343E9	56.47121688958825
3.1017480095E9	0.0
3.101752486E9	41.687322170159696
3.1017569135E9	58.683035714285715
3.101761326E9	58.27250137036361
3.1017657265E9	57.57296767874633
3.101770102E9	0.0
3.101774441E9	0.0
3.1017787455E9	55.45507091988716
3.1017830115E9	58.56331501785127
3.1017872465E9	57.16530314420908
3.1017914715E9	57.80050647849925
3.1017956905E9	0.0
3.1017999035E9	57.63442356116359
3.1018041115E9	56.44636616483939
3.1018082655E9	0.0
3.101812367E9	58.26483534852622
3.101816459E9	0.0
3.101820484E9	52.26907338553892
3.101824445E9	0.0
3.101828395E9	0.0
3.1018323325E9	54.841124859855384
3.101836262E9	55.275372618695094
3.1018401885E9	0.0
3.10184411E9	36.07115992542757
3.1018480235E9	0.0
3.1018519235E9	0.0
3.1018558145E9	53.5457182977637
3.101859689E9	0.0
3.1018635415E9	57.98254917084458
3.101867382E9	0.0
3.1018712145E9	0.0
3.1018750435E9	58.11569908658616
3.10187887E9	0.0
3.101882693E9	0.0
3.101886508E9	0.0
3.101890313E9	0.0
3.101894113E9	52.25795691452397
3.101897881E9	0.0
3.1019016E9	57.95527156549521
3.1019052995E9	53.880713236959174
3.1019089945E9	0.0
3.1019126835E9	58.9009410243517
3.101916365E9	57.914294200008484
3.1019200355E9	0.0
3.101923674E9	31.122010813058846
3.101927286E9	53.26565114443567
3.1019308945E9	57.81177758851442
3.1019344895E9	54.54382546114428
3.101938072E9	47.704081632653065
3.101941634E9	0.0
3.1019451695E9	58.98514342153998
3.101948697E9	17.78181818181818
3.1019522085E9	58.4114293908866
3.101955703E9	58.219212673198946
3.1019591915E9	57.428725217547324
3.101962651E9	0.0
3.101966064E9	55.12903013986473
3.1019694465E9	59.06637524933158
3.101972819E9	0.0
3.101976185E9	58.201378014406515
3.101979541E9	55.35703807835707
3.1019828865E9	55.13969505048441
3.1019862165E9	58.070833483608034
3.1019895175E9	56.39194785071198
3.1019927975E9	56.89694011638821
3.1019960665E9	45.49769229478207
3.1019993255E9	58.36629025512338
3.102002581E9	42.78147515721961
3.102005831E9	58.47693399574166
3.1020090695E9	0.0
3.1020122965E9	0.0
3.1020155165E9	0.0
3.1020187305E9	54.919033805324986
3.1020219335E9	56.75806831062729
3.102025125E9	56.705665952429875
3.102028308E9	55.15350101227497
3.1020314845E9	42.17544240367732
3.102034659E9	0.0
3.1020378305E9	46.75052228586279
3.1020409985E9	58.6162920452734
3.102044163E9	0.0
3.102047316E9	53.91133905149291
3.102050456E9	55.5844490895053
3.1020535825E9	53.92587029089175
3.1020566935E9	49.02553978435196
3.102059793E9	55.76468251152891
3.102062879E9	56.052761747732895
3.102065945E9	0.0
3.102068997E9	0.0
3.10207203E9	35.179935587761676
3.1020750435E9	56.603497799004025
3.102078054E9	0.0
3.102081057E9	0.0
3.102084054E9	55.53866659628378
3.102087044E9	51.91839495040577
3.102090025E9	54.60727592160664
3.102092998E9	0.0
3.102095965E9	56.37785573714383
3.1020989315E9	0.0
3.1021018915E9	54.06668429469019
3.1021048445E9	51.01632277153998
3.1021077875E9	58.052716270425854
3.1021107135E9	45.656706620310715
3.10211362E9	56.05135495850983
3.102116511E9	57.44451850690088
3.102119394E9	57.95918920383719
3.1021222725E9	58.8417695441852
3.1021251475E9	36.669694946739035
3.1021280175E9	53.509991603694374
3.1021308845E9	0.0
3.10213375E9	58.238347031438586
3.1021366145E9	58.855539494940906
3.102139476E9	57.950382376209504
3.1021423325E9	44.7943688325807
3.1021451745E9	58.188137164040775
3.1021480035E9	0.0
3.1021508295E9	59.04990272813645
3.102153651E9	57.971966700123986
3.102156467E9	25.969434856738886
3.102159278E9	0.0
3.1021620835E9	0.0
3.10216488E9	0.0
3.102167667E9	58.10134302612124
3.1021704475E9	48.01744787816058
3.102173225E9	0.0
3.1021759985E9	0.0
3.102178768E9	0.0
3.102181536E9	55.76083333333333
3.102184301E9	43.77301251603509
3.102187055E9	52.116814533164344
3.1021897985E9	45.63986103305574
3.1021925375E9	56.82244492197699
3.10219527E9	45.35626179074155
3.1021979975E9	0.0
3.10220072E9	55.94683908045977
3.102203437E9	58.69380543237251
3.1022061485E9	0.0
3.1022088545E9	58.72712236165546
3.1022115525E9	0.0
3.102214244E9	58.86298584654257
3.1022169345E9	56.956629392971244
3.102219623E9	17.019261273510082
3.102222305E9	0.0
3.1022249775E9	54.0371829598621
3.1022276455E9	57.807953789489055
3.102230311E9	58.3253648842724
3.10223297E9	0.0
3.1022356195E9	0.0
3.1022382625E9	57.48609748119071
3.1022408995E9	59.035069516497195
3.1022435315E9	58.79769994772609
3.1022461615E9	45.75821764442454
3.102248787E9	58.35842513259894
3.1022514095E9	58.487823855989234
3.10225403E9	53.72295496001122
3.102256642E9	57.030488788514276
3.102259246E9	55.571677907302465
3.102261848E9	57.884676074117486
3.1022644475E9	0.0
3.102267045E9	0.0
3.1022696415E9	0.0
3.1022722365E9	57.0627424258308
3.1022748265E9	0.0
3.102277412E9	49.97714285714286
3.102279996E9	57.17123957173058
3.1022825765E9	58.416974376188875
3.10228515E9	49.59782608695652
3.102287719E9	53.12477774526794
3.102290279E9	0.0
3.1022928285E9	0.0
3.1022953765E9	50.669350391529726
3.1022979235E9	51.22944599038705
3.102300469E9	55.37471871140213
3.1023030085E9	15.64423076923077
3.102305542E9	53.902269922085935
3.1023080695E9	48.102230379887644
3.1023105915E9	33.6816721740685
3.10231311E9	58.82992596753807
3.102315624E9	0.0
3.102318134E9	22.17102396514161
3.1023206395E9	0.9757575757575757
3.10232314E9	58.39587932303164
3.102325624E9	0.0
3.102328092E9	53.36039119804401
3.1023305565E9	0.0
3.102333018E9	59.208191126279864
3.102335476E9	0.0
3.1023379295E9	0.0
3.102340372E9	0.0
3.1023428065E9	0.0
3.1023452395E9	54.88446247031513
3.102347669E9	19.162883845126835
3.102350093E9	50.68650598736471
3.1023525135E9	58.23717948717949
3.1023549305E9	58.797714050352674
3.1023573395E9	0.0
3.102359743E9	0.0
3.1023621455E9	58.80467640310303
3.102364545E9	57.97867692038801
3.102366941E9	0.0
3.1023693355E9	0.0
3.1023717265E9	0.0
3.1023741115E9	0.0
3.102376493E9	57.676923076923075
3.1023788735E9	0.0
3.1023812475E9	0.0
3.1023836135E9	57.94176996252522
3.102385977E9	49.92739093242087
3.1023883325E9	0.0
3.102390676E9	58.63026462914648
3.102393013E9	0.0
3.1023953465E9	26.813141683778234
3.102397678E9	50.190387444825895
3.1024000085E9	19.27289719626168
3.102402335E9	0.0
3.102404656E9	55.7746873970767
3.1024069725E9	59.270411117544874
3.1024092835E9	54.70896908957829
3.1024115905E9	46.72585931254996
3.1024138915E9	57.330443651198365
3.102416183E9	57.72907212513276
3.102418466E9	58.8929889298893
3.1024207435E9	46.674855116339415
3.102423018E9	58.28696517412936
3.1024252855E9	0.0
3.1024275435E9	0.0
3.1024297965E9	56.37436368188267
3.102432045E9	0.0
3.102434287E9	53.699143968871596
3.102436518E9	32.467659499471274
3.1024387395E9	56.44882268140317
3.1024409585E9	0.0
3.102443175E9	0.0
3.102445389E9	57.81142102657204
3.102447597E9	54.78667306244986
3.1024497985E9	0.0
3.102451997E9	59.06823184152604
3.1024541925E9	54.000917641660934
3.102456381E9	0.0
3.102458562E9	58.777390090718775
3.10246074E9	58.220875065893516
3.102462917E9	58.84849915417601
3.102465094E9	0.0
3.1024672665E9	57.72266065388951
3.1024694305E9	48.12482699532063
3.102471588E9	0.0
3.1024737375E9	47.324569195238944
3.102475881E9	56.52787029977126
3.1024780205E9	58.57620860736125
3.1024801555E9	0.0
3.102482287E9	0.0
3.1024844155E9	53.94601404378356
3.102486542E9	54.41003553354151
3.102488667E9	0.0
3.1024907905E9	0.0
3.102492907E9	4.346938775510204
3.1024950155E9	58.910576486609166
3.1024971155E9	57.5617341862118
3.102499209E9	57.983568846533025
3.1025012995E9	0.0
3.1025033865E9	4.947916666666667
3.1025054725E9	59.26252319109462
3.1025075575E9	58.758698514199736
3.1025096395E9	0.0
3.102511719E9	49.17747630551942
3.1025137965E9	0.0
3.10251587E9	55.606938799994005
3.1025179385E9	58.31286836935167
3.102520002E9	58.57960427930519
3.10252206E9	0.0
3.102524114E9	56.994065906317076
3.1025261605E9	58.688263409453
3.1025281985E9	55.82822693120979
3.102530234E9	52.96135462219058
3.1025322685E9	58.46668267761233
3.1025343015E9	45.97523638000901
3.102536332E9	0.0
3.102538359E9	0.0
3.102540382E9	51.78937443633681
3.1025424015E9	0.0
3.102544418E9	37.309873793615445
3.10254643E9	59.03807615230461
3.102548438E9	0.0
3.102550444E9	58.560926300312445
3.102552448E9	58.900419916016794
3.10255445E9	3.8232044198895028
3.102556451E9	58.73763089633971
3.1025584515E9	0.0
3.1025604495E9	51.8310606060606
3.1025624435E9	42.89023912191298
3.102564432E9	57.80718336483932
3.102566415E9	8.539772727272727
3.102568394E9	47.004216341959875
3.102570368E9	58.60077598529712
3.1025723375E9	58.248826828430815
3.1025743025E9	47.566610018146726
3.102576264E9	54.287818859272
3.1025782245E9	42.1019594818997
3.1025801845E9	53.814354199958316
3.1025821415E9	57.720855988427196
3.1025840945E9	35.610914051841746
3.102586044E9	57.06110252447192
3.1025879895E9	57.47475626740947
3.102589933E9	0.0
3.102591875E9	0.0
3.102593814E9	0.0
3.1025957495E9	52.63056092843327
3.102597681E9	57.75260369084597
3.1025996075E9	0.0
3.1026015315E9	57.72419700214133
3.102603455E9	48.90233858475953
3.102605377E9	0.0
3.1026072965E9	0.0
3.102609213E9	0.0
3.102611128E9	0.0
3.1026130425E9	57.98824451410658
3.1026149555E9	0.0
3.1026168665E9	55.96874106547222
3.102618775E9	0.0
3.1026206805E9	0.0
3.102622581E9	56.750603656433256
3.102624475E9	56.002212821347214
3.1026263655E9	53.20177015627161
3.1026282545E9	0.0
3.1026301425E9	0.0
3.102632029E9	0.0
3.102633912E9	0.0
3.102635792E9	58.4056775045387
3.10263767E9	0.0
3.1026395465E9	56.89041378173425
3.1026414225E9	58.256422597918295
3.1026432975E9	0.0
3.1026451705E9	49.300411522633745
3.102647041E9	0.0
3.1026489085E9	58.45568879789412
3.102650774E9	57.90648988136776
3.102652639E9	57.457956914523976
3.102654504E9	0.0
3.1026563675E9	0.0
3.1026582295E9	55.34123639731419
3.10266009E9	0.0
3.1026619475E9	51.06112682184033
3.1026638035E9	0.0
3.1026656585E9	58.47444809769845
3.1026675105E9	52.52686680995632
3.10266936E9	43.86366824211008
3.102671209E9	56.74576271186441
3.102673057E9	56.00253204620984
3.1026749E9	50.200373692077726
3.1026767365E9	58.78597461354782
3.102678564E9	56.464833421470125
3.102680382E9	58.289572393098275
3.102682195E9	53.31783109607864
3.1026840045E9	57.49115025284992
3.1026858125E9	58.720966484801245
3.10268762E9	0.0
3.102689427E9	50.74824697486814
3.1026912315E9	0.0
3.102693033E9	59.525262154432795
3.1026948335E9	9.456521739130435
3.102696631E9	39.12395908046536
3.1026984255E9	57.311348077935754
3.1027002185E9	0.0
3.1027020085E9	0.0
3.1027037955E9	0.0
3.1027055795E9	0.0
3.1027073615E9	45.04365079365079
3.102709143E9	35.57034082668601
3.102710924E9	55.48979591836735
3.102712704E9	56.85756204915026
3.102714482E9	0.0
3.1027162525E9	0.0
3.1027180155E9	55.52818840987016
3.102719774E9	58.91100262861435
3.102721526E9	54.81297993559574
3.102723274E9	47.31612903225806
3.1027250205E9	55.6910862504511
3.102726766E9	0.0
3.1027285105E9	52.40325448569427
3.1027302535E9	52.023678301694225
3.1027319945E9	0.0
3.1027337345E9	0.0
3.1027354725E9	0.0
3.102737208E9	58.69524307370622
3.1027389415E9	0.0
3.1027406735E9	5.0
3.1027424045E9	58.026315789473685
3.102744133E9	58.637968723726246
3.1027458575E9	0.0
3.1027475775E9	0.0
3.1027492945E9	0.0
3.1027510075E9	13.74124544446205
3.1027527165E9	58.871915393654525
3.102754424E9	58.8973121984838
3.1027561305E9	57.233118730348856
3.102757836E9	0.0
3.1027595405E9	56.22783389450056
3.102761242E9	0.0
3.1027629405E9	58.924311926605505
3.102764638E9	0.0
3.102766335E9	58.54321944164665
3.102768031E9	0.0
3.102769726E9	0.0
3.10277142E9	0.0
3.10277311E9	0.0
3.1027747965E9	46.65319865319865
3.1027764795E9	58.03731343283582
3.102778159E9	51.020627892936204
3.102779838E9	53.60341151385928
3.1027815165E9	57.564743698189815
3.1027831925E9	39.01043720282964
3.1027848665E9	0.0
3.102786539E9	0.0
3.102788209E9	0.0
3.102789876E9	53.69049773755656
3.10279154E9	0.9177215189873418
3.1027932E9	57.93487078456368
3.102794855E9	0.0
3.1027965075E9	0.0
3.1027981585E9	0.0
3.102799808E9	54.61984594472134
3.102801457E9	0.0
3.1028031015E9	56.22779813927262
3.1028047405E9	0.0
3.1028063775E9	0.0
3.1028080115E9	58.130265716137394
3.102809643E9	38.45366666666666
3.1028112735E9	0.0
3.102812902E9	50.62118320610687
3.1028145275E9	58.90041493775934
3.102816148E9	40.14820228003508
3.1028177645E9	0.0
3.10281938E9	0.0
3.102820993E9	59.147787298978756
3.102822604E9	58.084804986306544
3.1028242125E9	0.0
3.102825818E9	0.0
3.102827423E9	0.0
3.1028290255E9	58.71002629174514
3.1028306245E9	0.0
3.1028322225E9	57.74769520225776
3.10283382E9	55.617747440273035
3.1028354165E9	47.52969121140143
3.102837012E9	0.0
3.1028386055E9	0.0
3.102840196E9	0.0
3.102841783E9	0.0
3.102843365E9	0.0
3.1028449435E9	49.338857142857144
3.102846521E9	0.0
3.102848098E9	0.0
3.102849675E9	44.19605499103407
3.1028512515E9	57.51123030506202
3.102852827E9	0.0
3.1028544015E9	58.30495226397186
3.1028559745E9	51.890186257111104
3.102857546E9	0.0
3.102859113E9	0.0
3.102860675E9	4.010791366906475
3.102862236E9	57.28833302797412
3.1028637965E9	59.08670520231214
3.1028653565E9	56.845788552861784
3.1028669135E9	58.02847549389625
3.1028684665E9	0.0
3.1028700165E9	58.76172607879925
3.1028715635E9	0.0
3.102873107E9	58.64883884588318
3.1028746455E9	58.305423987776926
3.10287618E9	56.341136842105264
3.1028777125E9	44.23543049847191
3.1028792445E9	0.0
3.1028807755E9	0.0
3.102882304E9	39.13994305186015
3.1028838305E9	58.46106729959421
3.1028853555E9	0.0
3.102886879E9	54.87567984300533
3.102888402E9	0.0
3.1028899245E9	50.51448763250883
3.1028914465E9	59.150564377271856
3.102892967E9	58.095033077811614
3.102894483E9	0.0
3.1028959935E9	0.0
3.1028975015E9	0.0
3.102899008E9	0.0
3.102900512E9	0.0
3.1029020115E9	58.83300956903374
3.102903505E9	38.723952095808386
3.1029049955E9	55.105459985041136
3.1029064855E9	58.673170731707316
3.102907974E9	55.684431389005454
3.1029094605E9	30.781092190252494
3.102910946E9	57.8966954060641
3.1029124305E9	24.345042194092827
3.102913914E9	54.151367103797035
3.102915395E9	58.48153214774282
3.102916874E9	59.310344827586206
3.1029183515E9	52.058414614431214
3.102919827E9	38.670144216017185
3.1029213005E9	0.0
3.102922771E9	56.4028771829373
3.1029242395E9	0.0
3.102925707E9	57.00106710931942
3.102927173E9	45.75060679611651
3.1029286375E9	58.44447245682592
3.102930101E9	0.0
3.102931564E9	0.0
3.102933025E9	50.57147891046196
3.102934484E9	58.08924122310306
3.1029359425E9	39.35973122150228
3.1029374005E9	58.43454790823212
3.1029388565E9	58.21381317808944
3.102940308E9	0.0
3.102941757E9	0.0
3.1029432055E9	54.16487804878049
3.1029446525E9	25.454545454545453
3.1029460965E9	57.579075425790755
3.102947538E9	56.66013502387617
3.1029489785E9	54.40382581100141
3.102950418E9	58.028169014084504
3.102951856E9	0.0
3.1029532925E9	59.120458891013385
3.102954725E9	45.30963836722024
3.102956154E9	53.99361022364217
3.102957582E9	0.0
3.1029590085E9	0.0
3.102960434E9	58.07247512812783
3.1029618585E9	58.88902077151335
3.1029632825E9	58.6890756302521
3.102964706E9	0.0
3.102966129E9	0.0
3.102967552E9	59.26736842105263
3.1029689705E9	0.0
3.1029703845E9	0.0
3.102971798E9	0.0
3.102973211E9	0.0
3.1029746225E9	30.47710843373494
3.102976032E9	0.0
3.102977441E9	0.0
3.1029788485E9	51.02981744421907
3.102980254E9	58.11752470098804
3.102981659E9	2.5012106537530268
3.1029830635E9	0.0
3.1029844675E9	37.21088696414867
3.1029858705E9	58.35082458770615
3.1029872725E9	33.489136338946224
3.1029886745E9	36.49873631002527
3.1029900765E9	28.428397894452694
3.1029914775E9	50.51111111111111
3.1029928765E9	58.55629539951574
3.1029942735E9	37.32855747313579
3.102995669E9	0.0
3.1029970635E9	55.437991336435104
3.102998457E9	0.0
3.102999849E9	57.9489241906294
3.103001239E9	57.391304347826086
3.103002628E9	58.241965973534974
3.1030040165E9	57.76035535813437
3.103005404E9	0.0
3.1030067895E9	57.66346002207854
3.103008172E9	58.24739829706717
3.103009553E9	42.79957127545552
3.103010933E9	58.49606111243734
3.103012311E9	51.5
3.1030136875E9	59.561925365062194
3.1030150635E9	0.0
3.103016439E9	0.0
3.1030178135E9	59.24865831842576
3.1030191865E9	57.4577435756493
3.103020558E9	27.108642726719417
3.1030219285E9	0.0
3.1030232985E9	0.0
3.1030246665E9	0.0
3.103026031E9	0.0
3.1030273925E9	59.602649006622514
3.1030287505E9	0.0
3.103030106E9	57.291910902696365
3.103031461E9	55.2972027972028
3.1030328145E9	54.10861678004535
3.103034163E9	53.571144636015326
3.1030355075E9	0.0
3.1030368515E9	43.815196998123824
3.1030381945E9	54.590177696935775
3.1030395365E9	58.99082568807339
3.1030408755E9	57.684433462760325
3.1030422105E9	0.0
3.1030435445E9	0.0
3.103044878E9	48.167488899851996
3.1030462105E9	50.86134728580772
3.1030475405E9	55.71853228053878
3.1030488685E9	56.933035714285715
3.1030501965E9	57.50734861845973
3.103051524E9	57.571419425059226
3.10305285E9	56.64753850800363
3.1030541735E9	59.51456310679612
3.1030554945E9	57.33398766124509
3.103056814E9	0.0
3.1030581325E9	46.738461538461536
3.103059449E9	57.06258877000284
3.1030607635E9	0.0
3.103062077E9	58.522072936660265
3.10306339E9	58.62199150542709
3.1030647025E9	58.75004929994084
3.1030660135E9	56.64344685242518
3.103067323E9	59.23751095530237
3.103068632E9	58.2702923737477
3.10306994E9	57.33583781771415
3.103071247E9	51.00699697428139
3.103072553E9	0.0
3.1030738575E9	0.0
3.103075161E9	58.28761799000555
3.1030764635E9	55.98499095840868
3.1030777655E9	0.0
3.103079067E9	53.47393204089424
3.103080368E9	0.0
3.1030816685E9	53.879242549668874
3.103082968E9	42.708570239911246
3.103084266E9	0.9758828596037898
3.103085562E9	0.0
3.1030868565E9	0.0
3.10308815E9	58.69939432578897
3.103089442E9	0.0
3.103090733E9	58.14498933901919
3.103092023E9	58.824577025823686
3.1030933115E9	0.0
3.1030945995E9	38.169632147141144
3.103095887E9	0.0
3.103097174E9	42.930566856522915
3.103098461E9	0.0
3.1030997475E9	0.0
3.103101032E9	0.0
3.103102314E9	37.77512886597938
3.103103593E9	29.872832369942195
3.1031048685E9	59.070191431175935
3.1031061405E9	0.0
3.103107409E9	53.9908202546639
3.1031086755E9	56.786688168890194
3.1031099385E9	0.0
3.103111198E9	18.46249820737129
3.1031124565E9	0.0
3.1031137145E9	0.0
3.1031149725E9	54.761247216035635
3.1031162295E9	0.0
3.103117485E9	0.0
3.1031187395E9	56.54859506142805
3.1031199935E9	0.0
3.103121247E9	0.0
3.1031224985E9	0.0
3.103123748E9	0.0
3.1031249965E9	0.0
3.1031262445E9	51.67690917306823
3.103127492E9	0.0
3.1031287365E9	56.54871708871374
3.1031299785E9	54.147902869757175
3.10313122E9	17.277997364953887
3.103132461E9	0.0
3.103133702E9	57.77924103274996
3.103134942E9	52.97727914197008
3.1031361805E9	0.0
3.103137418E9	42.29283276450512
3.1031386545E9	0.0
3.10313989E9	0.0
3.1031411245E9	23.296758104738153
3.1031423585E9	0.0
3.1031435925E9	57.95914198161389
3.103144826E9	55.783754355400696
3.1031460585E9	0.883008356545961
3.1031472905E9	57.51118340788938
3.103148522E9	0.0
3.1031497525E9	56.62708052181736
3.1031509815E9	0.0
3.103152209E9	58.760896637608965
3.103153436E9	56.142857142857146
3.1031546625E9	36.88233366109473
3.1031558875E9	0.0
3.1031571115E9	0.0
3.1031583335E9	0.0
3.1031595535E9	58.975032851511166
3.103160773E9	0.0
3.103161991E9	59.04786680541103
3.1031632075E9	52.710165108414564
3.103164423E9	0.0
3.1031656375E9	56.12682926829268
3.1031668515E9	53.47878883102891
3.1031680655E9	31.14437341201541
3.103169279E9	0.0
3.1031704915E9	59.19649041791734
3.103171702E9	53.503468950749465
3.1031729105E9	57.07581589958159
3.103174118E9	0.0
3.103175325E9	59.105219552609775
3.103176532E9	0.0
3.1031777385E9	59.38356164383562
3.1031789445E9	0.0
3.10318015E9	0.0
3.103181355E9	59.28105949127601
3.1031825595E9	54.68723648907628
3.1031837635E9	0.0
3.1031849675E9	0.0
3.103186171E9	51.10251450676983
3.103187373E9	15.356085918854415
3.103188574E9	0.0
3.1031897745E9	58.187055051355905
3.1031909745E9	0.0
3.103192174E9	57.28170317803147
3.1031933725E9	0.0
3.10319457E9	0.0
3.1031957665E9	0.0
3.103196962E9	0.0
3.1031981565E9	56.62378261392329
3.1031993505E9	0.0
3.103200543E9	56.13830290417179
3.103201733E9	41.50082524858097
3.1032029205E9	0.0
3.1032041065E9	0.0
3.1032052915E9	51.4390243902439
3.103206475E9	41.582608695652176
3.103207658E9	58.94600529249479
3.1032088405E9	0.0
3.103210022E9	0.0
3.103211203E9	18.721965933286018
3.103212384E9	58.16435908887896
3.103213565E9	0.0
3.103214745E9	0.0
3.1032159235E9	56.14853195164076
3.1032171015E9	0.0
3.103218279E9	0.0
3.103219456E9	0.0
3.10322063E9	0.0
3.103221801E9	59.74662162162162
3.103222972E9	56.917991169977924
3.1032241425E9	0.0
3.1032253125E9	51.71713197969543
3.103226481E9	57.6062445793582
3.103227648E9	31.62670136108887
3.103228815E9	0.0
3.103229981E9	0.0
3.103231146E9	0.9728
3.1032323095E9	58.416666666666664
3.103233469E9	57.24986271279517
3.1032346255E9	0.0
3.1032357815E9	51.770413175382835
3.1032369365E9	58.150300702481424
3.1032380905E9	51.6010498687664
3.103239243E9	0.0
3.103240394E9	0.0
3.1032415445E9	57.5984506132989
3.1032426945E9	58.10140636565507
3.103243843E9	50.84628443130168
3.10324499E9	58.84816753926702
3.1032461365E9	39.67052565707134
3.1032472815E9	42.945496979681494
3.1032484255E9	47.90838650865998
3.103249569E9	0.0
3.1032507115E9	59.16144578313253
3.103251853E9	0.0
3.103252994E9	0.9735349716446124
3.1032541345E9	0.0
3.1032552735E9	50.49563384522734
3.1032564095E9	57.333067570261115
3.1032575435E9	57.898305084745765
3.1032586765E9	58.99041071105482
3.103259808E9	29.50814332247557
3.103260939E9	9.775449280554064
3.1032620695E9	0.0
3.103263198E9	34.56108266276518
3.1032643245E9	58.86651442806726
3.1032654495E9	0.0
3.1032665725E9	0.0
3.1032676945E9	0.0
3.103268816E9	55.46751269035533
3.103269936E9	0.0
3.103271055E9	0.0
3.103272174E9	59.064039408866996
3.103273293E9	58.98123324396783
3.1032744115E9	28.701183431952664
3.1032755285E9	56.001642373229316
3.1032766445E9	15.955436329793057
3.10327776E9	0.0
3.103278875E9	57.934760448521914
3.10327999E9	52.40861291937907
3.1032811045E9	51.945205479452056
3.103282218E9	58.03884414969209
3.103283331E9	0.0
3.1032844425E9	0.0
3.1032855525E9	59.309462915601024
3.103286662E9	57.19006337874262
3.1032877705E9	54.5707656612529
3.103288878E9	58.9296771340115
3.103289985E9	0.0
3.103291092E9	0.0
3.103292199E9	16.979174190441796
3.1032933055E9	0.0
3.10329441E9	55.74053243344582
3.103295513E9	55.5531439514842
3.103296616E9	58.18785094435937
3.1032977175E9	42.40875014642146
3.103298817E9	0.0
3.1032999155E9	57.221351970116885
3.103301013E9	0.0
3.1033021095E9	56.55516941789748
3.1033032055E9	41.737635113003606
3.1033043005E9	58.661386138613864
3.103305394E9	0.0
3.1033064855E9	0.0
3.1033075745E9	58.32869080779944
3.103308662E9	0.0
3.1033097485E9	0.0
3.103310834E9	0.0
3.1033119185E9	0.0
3.1033130025E9	59.04893813481071
3.1033140865E9	0.0
3.1033151705E9	0.0
3.103316254E9	0.0
3.103317337E9	0.0
3.1033184195E9	9.805194805194805
3.1033195015E9	58.810857389056444
3.103320583E9	42.68726521412472
3.103321664E9	59.08634897886062
3.103322744E9	58.27610975434564
3.1033238215E9	52.85557299843014
3.1033248965E9	53.773600064272514
3.10332597E9	29.526211586468108
3.103327043E9	0.0
3.103328115E9	57.09054646988432
3.103329185E9	59.26829268292683
3.103330253E9	0.8311345646437994
3.10333132E9	0.0
3.103332387E9	0.0
3.1033334535E9	50.45668409260642
3.103334519E9	33.4192037470726
3.103335584E9	0.0
3.103336649E9	0.0
3.103337714E9	0.0
3.103338779E9	0.0
3.1033398435E9	57.75425716325074
3.1033409075E9	18.662677636499627
3.1033419715E9	0.0
3.103343035E9	0.0
3.1033440975E9	0.0
3.1033451595E9	25.125
3.1033462215E9	54.411487758945384
3.103347283E9	0.0
3.1033483435E9	56.847423711855924
3.103349402E9	59.457013574660635
3.103350459E9	0.0
3.1033515155E9	12.284644194756554
3.103352571E9	0.0
3.103353626E9	54.3519188993483
3.103354681E9	49.78460772104608
3.103355736E9	49.59840690341852
3.1033567905E9	0.0
3.103357843E9	53.89030908668371
3.1033588935E9	26.33126133126133
3.1033599435E9	0.0
3.103360993E9	0.0
3.1033620415E9	47.045
3.103363089E9	0.0
3.1033641355E9	0.0
3.1033651815E9	58.67047891350965
3.1033662275E9	57.817460317460316
3.103367273E9	59.688904251641894
3.103368318E9	0.0
3.103369363E9	58.23095823095823
3.1033704075E9	59.782870928829915
3.1033714505E9	0.0
3.103372492E9	0.0
3.103373532E9	0.0
3.103374571E9	55.192370010310796
3.1033756095E9	0.0
3.1033766465E9	58.49214659685864
3.1033776825E9	0.0
3.103378718E9	45.5506993006993
3.103379753E9	15.788667687595712
3.103380787E9	0.0
3.1033818195E9	43.661417322834644
3.103382851E9	0.0
3.103383882E9	51.06523201075992
3.103384913E9	49.528066528066525
3.103385942E9	35.55307828730682
3.103386969E9	0.0
3.1033879955E9	0.0
3.1033890215E9	0.0
3.1033900465E9	20.931747673216133
3.1033910705E9	0.0
3.1033920935E9	45.2075117370892
3.1033931155E9	53.77378267215072
3.103394137E9	52.256741780568895
3.1033951575E9	44.04174573055028
3.103396177E9	0.0
3.1033971955E9	40.652542372881356
3.1033982135E9	32.186619718309856
3.1033992315E9	57.629071463296064
3.1034002485E9	0.0
3.1034012615E9	54.59257911967988
3.1034022715E9	58.173164415202635
3.103403281E9	57.55912961210974
3.1034042895E9	0.0
3.103405297E9	11.933198380566802
3.1034063035E9	0.0
3.103407309E9	0.0
3.103408314E9	0.0
3.1034093185E9	59.27051671732523
3.1034103225E9	0.0
3.103411326E9	0.0
3.103412329E9	29.236983842010773
3.103413332E9	58.01631963984243
3.103414335E9	0.0
3.1034153375E9	58.61851332398317
3.1034163395E9	0.0
3.1034173405E9	7.695035460992908
3.1034183405E9	59.318734793187346
3.1034230195E9	12.205882352941176
3.1034311645E9	53.25590046476503
3.1034385535E9	2.9191374663072778
3.103444272E9	53.930044637747514
3.103448588E9	0.0
3.103452529E9	16.548846675712348
3.1034563265E9	56.21380123353437
3.103460075E9	46.635275615737285
3.1034637975E9	55.13676945007127
3.103467461E9	47.35595095747149
3.103471038E9	55.53319181481886
3.1034745565E9	44.48178334651177
3.10347799E9	54.33210101718695
3.1034813295E9	42.22653470205717
3.103484605E9	54.287344152458004
3.1034878305E9	29.86092493297587
3.1034910465E9	46.055789431211416
3.1034942485E9	54.119956633913375
3.1034973905E9	59.07335907335907
3.10350048E9	57.40501827199165
3.1035035475E9	57.46295959412205
3.103506574E9	52.150657229524775
3.1035095785E9	53.491153520253945
3.10351256E9	54.06615661566157
3.1035155065E9	43.5689802455953
3.10351844E9	55.080320624807314
3.10352132E9	50.52313482399823
3.1035241305E9	56.162595562185345
3.103526902E9	0.0
3.103529649E9	39.84208386047352
3.103532388E9	35.32861247947455
3.1035351035E9	54.392520198338964
3.103537785E9	23.9638616038704
3.1035404345E9	46.708350216625625
3.1035429975E9	56.57355439287898
3.103545488E9	23.444585512606434
3.1035479665E9	55.36884905217124
3.1035504075E9	54.83033674681003
3.103552812E9	40.151304794960794
3.1035551875E9	54.36360430259214
3.103557535E9	51.937733229976025
3.1035598595E9	48.17560932059637
3.1035621585E9	49.23020033029368
3.103564445E9	54.556687518617814
3.103566722E9	39.92318921953959
3.103568983E9	57.496171516079635
3.103571211E9	54.041490755568496
3.1035734005E9	28.023509655751468
3.103575568E9	0.0
3.103577725E9	11.274418604651164
3.103579877E9	45.396752801280584
3.103582016E9	0.9808153477218226
3.1035841385E9	46.94689579430196
3.103586253E9	58.21022727272727
3.1035883585E9	51.482297715104444
3.1035904405E9	57.15904139433551
3.1035925065E9	30.565822999830136
3.103594569E9	58.83802816901409
3.103596622E9	57.54857997010463
3.1035986655E9	55.50683148991542
3.1036007005E9	34.16690573047711
3.1036027275E9	36.448499292470395
3.10360474E9	0.0
3.1036067365E9	56.431949553336835
3.103608723E9	0.0
3.103610703E9	0.0
3.103612671E9	54.26818931010125
3.103614626E9	57.757697212607034
3.1036165745E9	57.369778236204226
3.1036185145E9	51.790014808546644
3.1036204485E9	58.181467181467184
3.1036223555E9	55.231281937347255
3.1036242355E9	35.60557096346316
3.1036261095E9	57.85770065075922
3.103627955E9	23.597560975609756
3.103629772E9	0.0
3.103631583E9	1.921259842519685
3.1036333895E9	1.7166666666666666
3.10363519E9	53.40594566888775
3.103636984E9	0.8627787307032591
3.10363877E9	0.0
3.1036405435E9	57.30706249409095
3.1036423085E9	0.0
3.103644062E9	0.0
3.103645804E9	57.479501753537306
3.103647529E9	57.71288041807562
3.1036492365E9	41.49859591362448
3.10365094E9	47.67991756602853
3.103652635E9	45.44688021354688
3.1036543025E9	0.0
3.103655946E9	50.117681993649924
3.103657586E9	0.0
3.1036592235E9	58.22929357214292
3.1036608575E9	41.86653677545056
3.103662488E9	48.67201481024375
3.103664114E9	37.12315270935961
3.1036657365E9	48.75719926475594
3.1036673585E9	0.9681020733652312
3.103668979E9	57.90040376850606
3.1036705915E9	29.53095345684591
3.103672191E9	0.0
3.1036737835E9	52.377196446199406
3.1036753585E9	0.0
3.10367691E9	46.88587681719222
3.1036784535E9	53.014568363027855
3.1036799945E9	53.02895708352561
3.103681529E9	49.37609205199233
3.1036830525E9	41.08698539176627
3.103684569E9	0.0
3.103686083E9	6.196251378169791
3.103687593E9	46.14173789173789
3.1036890985E9	57.846260795165904
3.1036906E9	40.61970046082949
3.103692097E9	57.51622286865071
3.103693592E9	0.0
3.1036950855E9	49.82231404958678
3.1036965775E9	52.35851463641692
3.103698068E9	0.0
3.103699555E9	17.314149718736477
3.103701039E9	54.97244392659481
3.103702517E9	0.9570957095709571
3.1037039885E9	0.0
3.103705455E9	57.54631749666094
3.1037069165E9	52.077727952167415
3.1037083755E9	0.0
3.1037098325E9	16.897025171624716
3.103711287E9	0.0
3.103712735E9	58.814968814968815
3.103714177E9	0.0
3.1037156105E9	0.0
3.103717036E9	45.40210573476703
3.1037184575E9	50.87364496702036
3.103719873E9	0.0
3.103721286E9	0.0
3.1037226985E9	52.40120815504656
3.103724108E9	0.0
3.1037255145E9	56.70015929420414
3.1037269155E9	43.189179173614974
3.1037283085E9	58.19076923076923
3.1037296945E9	30.75404958677686
3.1037310735E9	13.521680216802167
3.103732449E9	0.0
3.103733822E9	44.043057722308895
3.103735191E9	0.0
3.1037365565E9	53.09733656174334
3.1037379165E9	24.9124958568114
3.103739272E9	0.9625
3.1037406255E9	53.756512201809706
3.1037419765E9	0.0
3.1037433245E9	55.85512630014859
3.10374467E9	55.68704566635601
3.1037460125E9	52.20836098208361
3.1037473475E9	3.9611650485436893
3.103748677E9	2.6704361873990305
3.1037500035E9	9.442724458204335
3.1037513235E9	58.911419423692635
3.103752635E9	58.02450229709035
3.1037539405E9	42.46194073213248
3.1037552445E9	56.5435041716329
3.103756548E9	34.99399173864063
3.10375785E9	0.0
3.1037591505E9	51.28382235415002
3.103760449E9	54.3182953914492
3.1037617455E9	0.0
3.1037630385E9	56.08690635963363
3.1037643255E9	58.90310786106033
3.1037656085E9	56.058292282430216
3.10376689E9	35.75917349483434
3.1037681705E9	58.00632911392405
3.10376945E9	0.0
3.1037707255E9	53.289445048966265
3.103771995E9	39.30393198724761
3.103773262E9	0.0
3.1037745285E9	0.0
3.1037757935E9	57.70029673590504
3.1037770575E9	32.03792753132408
3.1037783215E9	0.0
3.103779585E9	0.0
3.103780841E9	41.034615384615385
3.1037820855E9	0.0
3.103783325E9	38.76982908100074
3.103784562E9	51.930031414466974
3.103785797E9	54.42610227954409
3.103787031E9	24.54756756756757
3.1037882635E9	52.88229010895108
3.1037894945E9	58.804869052010325
3.1037907225E9	35.93626373626373
3.103791947E9	0.0
3.1037931655E9	0.0
3.103794379E9	0.0
3.103795591E9	55.824357912178954
3.103796801E9	52.753781512605045
3.1037980065E9	0.0
3.103799207E9	43.264601953855745
3.103800405E9	38.85005811700891
3.1038016E9	0.9477777777777778
3.103802792E9	0.0
3.103803981E9	0.0
3.1038051675E9	37.9109022556391
3.1038063525E9	0.9590443686006825
3.1038075365E9	58.35616438356164
3.1038087195E9	29.804
3.1038099E9	19.41287878787879
3.103811076E9	0.0
3.103812247E9	0.0
3.103813415E9	27.197614991482112
3.1038145815E9	0.0
3.103815747E9	0.0
3.1038169115E9	0.0
3.103818075E9	0.0
3.1038192355E9	49.98686789494316
3.1038203935E9	29.676557863501483
3.103821551E9	0.0
3.103822708E9	5.246936852026391
3.103823865E9	37.47121951219512
3.103825021E9	0.0
3.1038261755E9	0.0
3.103827327E9	17.779816513761467
3.1038284755E9	56.49557522123894
3.1038296235E9	54.65757722007722
3.1038307705E9	0.0
3.1038319155E9	0.0
3.1038330575E9	50.365056124938995
3.1038341955E9	56.541627689429376
3.1038353305E9	0.0
3.103836464E9	37.30996411813414
3.103837595E9	39.94828645129591
3.103838723E9	0.0
3.10383985E9	0.0
3.1038409725E9	49.8003663003663
3.1038420865E9	56.159659896079354
3.1038431935E9	53.24565066109951
3.1038442975E9	52.181987770753445
3.1038454E9	48.96117523609654
3.1038464995E9	0.0
3.1038475965E9	18.822776845637584
3.1038486915E9	0.0
3.103849784E9	24.78814980435998
3.103850874E9	0.0
3.1038519615E9	52.451500732064424
3.103853047E9	20.299527856468366
3.1038541315E9	57.89327789327789
3.103855215E9	58.001950743721046
3.103856298E9	45.79860099096474
3.103857379E9	52.63316844571726
3.1038584565E9	0.0
3.103859529E9	58.87640449438202
3.1038605975E9	0.0
3.103861665E9	0.0
3.103862732E9	0.0
3.103863799E9	0.0
3.103864864E9	43.8839590443686
3.1038659265E9	58.70056497175141
3.103866987E9	34.18056707013762
3.1038680455E9	50.50868965517241
3.1038691035E9	0.0
3.10387016E9	35.09895337773549
3.1038712145E9	0.0
3.1038722685E9	57.423432682425485
3.103873322E9	0.0
3.103874375E9	0.0
3.1038754275E9	52.63759967286853
3.103876479E9	0.0
3.103877529E9	25.182152713891444
3.103878577E9	41.91500181620051
3.1038796225E9	58.62162162162162
3.103880666E9	39.936964980544744
3.103881709E9	52.08484430429641
3.1038827515E9	0.0
3.1038837935E9	35.27683615819209
3.103884835E9	0.0
3.1038858755E9	45.24617250265272
3.103886915E9	33.73557692307692
3.1038879535E9	0.0
3.103888991E9	58.1578947368421
3.103890028E9	16.629822732012514
3.103891064E9	51.968540829986615
3.103892095E9	55.49298597194389
3.103893119E9	56.480502313284866
3.10389414E9	50.88178168610208
3.10389516E9	37.620878413189075
3.103896179E9	40.27716485435352
3.1038971965E9	0.0
3.1038982115E9	0.0
3.103899225E9	0.0
3.103900236E9	46.58582089552239
3.1039012445E9	23.54741379310345
3.103902252E9	0.9836065573770492
3.1039032575E9	0.0
3.1039042615E9	0.0
3.103905265E9	49.96280875748503
3.103906267E9	58.30747531734838
3.1039072675E9	0.0
3.1039082675E9	57.21361301369863
3.1039092675E9	0.0
3.103918732E9	53.19293380850955
3.103932571E9	0.9403669724770642
3.103941472E9	32.826860877026995
3.1039494115E9	0.0
3.1039572085E9	0.0
3.103963938E9	27.890014792899407
3.1039695055E9	38.24442101563873
3.103974766E9	0.0
3.1039797995E9	0.0
3.103984567E9	58.595962932022616
3.1039891115E9	0.0
3.1039934845E9	0.0
3.103997683E9	56.91382971736322
3.104001684E9	59.188826387113274
3.104005458E9	44.53171401800886
3.104009178E9	0.0
3.1040128475E9	0.0
3.104016433E9	57.887257117035695
3.104019926E9	57.49780748177942
3.104023359E9	0.0
3.104026758E9	0.0
3.1040301305E9	26.774699907663898
3.104033452E9	0.0
3.104036731E9	22.792251132544777
3.1040399985E9	0.8901262063845583
3.104043259E9	54.94169912160909
3.1040464995E9	0.0
3.104049674E9	58.0666820960342
3.1040527925E9	0.0
3.1040558995E9	0.0
3.104058987E9	0.0
3.104062054E9	0.0
3.104065115E9	33.46019825773506
3.1040681395E9	0.0
3.1040711275E9	58.04766755411506
3.1040740845E9	0.0
3.1040770095E9	43.49890764647468
3.104079908E9	59.560822586266994
3.104082775E9	56.45350555525149
3.1040856295E9	57.66201161863538
3.104088461E9	49.82250547174236
3.10409126E9	58.34816271353078
3.1040940205E9	0.0
3.1040967325E9	58.46109102041597
3.1040994055E9	59.0570763861962
3.104102056E9	58.02110817941953
3.1041046865E9	0.0
3.104107298E9	57.37659998103726
3.104109892E9	42.873085826210826
3.1041124505E9	57.43835029459025
3.1041149735E9	0.0
3.1041174795E9	0.0
3.10411997E9	54.872
3.1041224495E9	56.42669087607808
3.104124925E9	0.0
3.104127395E9	58.20529251026702
3.1041298495E9	21.688080901328075
3.1041322855E9	0.0
3.104134709E9	59.08981071284736
3.1041371215E9	52.37587368632775
3.104139523E9	39.21685380929739
3.1041418965E9	55.68416765654166
3.104144241E9	16.57785869940945
3.1041465705E9	51.36205376817981
3.104148885E9	40.32539682539682
3.1041511915E9	10.137254901960784
3.1041534905E9	58.49433647311315
3.104155772E9	56.46861924686193
3.10415804E9	54.762634274577344
3.1041603025E9	0.0
3.1041625525E9	0.0
3.1041647915E9	55.836791563062675
3.1041670245E9	58.85281075384279
3.104169246E9	58.19194404869835
3.104171456E9	46.981005586592175
3.104173654E9	5.153080257173549
3.104175845E9	57.93200120797262
3.1041780355E9	0.0
3.1041802225E9	58.93496185295426
3.1041823975E9	36.60388090816841
3.104184563E9	36.269910992948795
3.1041867265E9	58.964574736052306
3.1041888805E9	19.35367844794468
3.1041910115E9	59.55118110236221
3.1041931255E9	0.0
3.1041952355E9	0.9108231707317073
3.1041973425E9	51.31390280398152
3.1041994485E9	0.0
3.1042015545E9	34.794931969683134
3.104203656E9	0.0
3.104205745E9	58.296309566463634
3.1042078145E9	57.78990532473014
3.104209871E9	56.0703023913356
3.1042119255E9	0.0
3.104213971E9	58.682287188306105
3.1042160055E9	0.0
3.1042180375E9	49.06854628179309
3.1042200635E9	0.0
3.1042220825E9	0.9195467422096317
3.1042240985E9	0.0
3.104226106E9	0.0
3.104228107E9	52.98341691986675
3.104230103E9	0.0
3.1042320935E9	57.089075630252104
3.10423408E9	0.0
3.104236062E9	57.54518460295627
3.104238043E9	57.978215941462324
3.104240023E9	54.29337360770247
3.104241994E9	44.80192669172932
3.1042439415E9	0.0
3.104245872E9	57.60532150776053
3.104247777E9	46.835090361445786
3.1042496545E9	58.46756977060125
3.104251516E9	0.0
3.104253365E9	29.088041669680965
3.104255206E9	58.16243194192378
3.1042570385E9	42.90154241645244
3.1042588675E9	36.762114869706224
3.1042606875E9	15.72795344009144
3.1042625015E9	57.20228302467778
3.104264304E9	57.058649185815405
3.104266094E9	0.0
3.1042678815E9	0.0
3.1042696635E9	0.0
3.1042714405E9	21.978000124293082
3.1042732095E9	57.970011534025375
3.1042749695E9	0.0
3.104276727E9	0.0
3.1042784825E9	0.9827586206896551
3.1042802355E9	58.57282456394647
3.104281987E9	38.516183752512624
3.104283737E9	0.8
3.1042854805E9	0.0
3.104287214E9	24.559425348874612
3.1042889415E9	49.20787221649716
3.1042906625E9	51.98875894175088
3.1042923765E9	57.891008922443376
3.104294088E9	30.613673437649933
3.104295795E9	58.274449812130975
3.1042974975E9	59.54078082721299
3.104299198E9	4.456729497979073
3.1043008905E9	43.8830618165588
3.1043025755E9	42.53579381247927
3.1043042575E9	57.734315330060014
3.1043059365E9	58.080891364902506
3.1043076145E9	0.0
3.104309292E9	59.06019922044175
3.1043109685E9	0.0
3.1043126425E9	36.808242627640226
3.104314313E9	0.0
3.1043159815E9	47.69891547598554
3.104317647E9	0.0
3.1043193085E9	0.0
3.1043209685E9	58.32518098219526
3.1043226275E9	57.984922639722136
3.1043242845E9	11.615384615384615
3.1043259405E9	40.274366273552936
3.1043275945E9	0.0
3.104329244E9	0.0
3.10433089E9	50.945583445104425
3.104332533E9	27.175672215108836
3.1043341725E9	48.72810883310979
3.104335808E9	58.56655290102389
3.1043374375E9	17.808333333333334
3.1043390575E9	0.0
3.1043406705E9	0.0
3.104342279E9	0.0
3.104343883E9	41.224179307222094
3.104345484E9	54.544128553770086
3.104347078E9	0.0
3.1043486665E9	57.42219933202235
3.104350253E9	0.0
3.1043518375E9	55.86790505675955
3.1043534215E9	49.61165565694779
3.1043550035E9	0.0
3.1043565795E9	38.387001477104874
3.1043581505E9	50.506137221740595
3.10435972E9	57.062623079952736
3.1043612885E9	49.21458341017224
3.104362856E9	17.464875058934464
3.104364422E9	53.86453558860928
3.104365984E9	35.31452060882124
3.104367543E9	9.697078280044101
3.1043691005E9	0.0
3.1043706555E9	45.00868055555556
3.104372207E9	0.0
3.1043737525E9	57.721518987341774
3.104375294E9	43.33457150437782
3.1043768335E9	2.845108695652174
3.104378371E9	43.75849351810461
3.104379907E9	0.0
3.1043814395E9	41.75269626285428
3.1043829685E9	59.06106167536054
3.1043844935E9	58.73934934159566
3.1043860115E9	0.9617760617760618
3.104387523E9	0.0
3.104389031E9	25.88136947568996
3.1043905345E9	54.527408368472265
3.104392034E9	0.0
3.104393533E9	0.0
3.104395031E9	56.4268491745173
3.1043965275E9	59.27807486631016
3.1043980195E9	59.29069031032299
3.1043995065E9	56.550169109357384
3.104400992E9	0.0
3.104402475E9	55.58738817368536
3.104403955E9	58.97927148319582
3.1044054305E9	58.48684721036704
3.1044069025E9	51.947888687772576
3.1044083735E9	57.93226381461675
3.1044098415E9	0.0
3.104411307E9	0.0
3.10441277E9	0.0
3.1044142295E9	58.86609971652493
3.104415687E9	23.524862350078962
3.1044171395E9	37.9830213321724
3.104418587E9	0.0
3.1044200325E9	27.05833079500457
3.104421476E9	44.654841738197426
3.104422919E9	0.0
3.1044243595E9	0.0
3.1044257945E9	23.63570354234739
3.1044272255E9	2.6645569620253164
3.1044286555E9	0.0
3.104430085E9	0.0
3.104431514E9	0.0
3.104432943E9	58.73670274674115
3.1044343705E9	58.20952380952381
3.1044357965E9	0.0
3.1044372195E9	56.32445520581114
3.1044386375E9	55.44168753319675
3.1044400535E9	0.0
3.104441469E9	47.81136142400222
3.104442884E9	18.236535224813657
3.1044442985E9	0.0
3.104445712E9	12.131380753138075
3.1044471235E9	0.9462151394422311
3.104448531E9	56.91275167785235
3.1044499345E9	58.35257587001523
3.1044513345E9	0.0
3.104452732E9	0.0
3.104454128E9	58.72973495840588
3.1044555215E9	0.0
3.1044569115E9	52.934216690089
3.1044582985E9	0.0
3.1044596825E9	0.0
3.104461064E9	57.72169483676777
3.104462444E9	0.0
3.1044638215E9	26.769247900937618
3.1044651965E9	38.07955812992249
3.1044665705E9	55.81781431073979
3.104467944E9	0.9227941176470589
3.104469317E9	0.0
3.1044706895E9	58.32740665481331
3.1044720605E9	0.0
3.104473429E9	4.165129151291513
3.104474795E9	0.0
3.1044761595E9	39.29857142857143
3.104477522E9	54.86615545486232
3.104478883E9	0.0
3.104480241E9	0.0
3.104481596E9	35.995028997514495
3.1044829505E9	0.0
3.104484304E9	50.4494751486025
3.104485655E9	34.72105263157895
3.104487002E9	0.0
3.1044883465E9	0.0
3.10448969E9	0.0
3.1044910305E9	44.62409694709858
3.1044923685E9	54.07929871881321
3.1044937065E9	0.0
3.1044950435E9	47.84109589041096
3.104496378E9	23.846065655214584
3.104497711E9	0.0
3.1044990435E9	0.0
3.1045003715E9	58.74751491053678
3.104501695E9	58.620535714285715
3.104503018E9	41.30386740331492
3.1045043395E9	56.07113985448666
3.1045056595E9	0.0
3.104506978E9	0.0
3.1045082945E9	0.9442786069651742
3.1045096045E9	44.96750189522403
3.1045109085E9	0.0
3.104512212E9	58.17818103879403
3.1045135145E9	0.0
3.104514816E9	0.0
3.1045161165E9	58.87442778924692
3.1045174155E9	34.64993441189331
3.104518713E9	29.466429524232993
3.104520009E9	0.0
3.1045212985E9	0.0
3.104522582E9	27.61420365755797
3.104523865E9	24.324318658280923
3.104525146E9	58.68117375535773
3.1045264245E9	0.0
3.104527699E9	30.72831400462253
3.10452897E9	59.140022050716645
3.1045302395E9	4.363161819537658
3.1045315055E9	26.994773519163765
3.104532769E9	50.80077369439071
3.1045340315E9	58.4089845577913
3.104535293E9	27.245600898539873
3.1045365535E9	57.484682360528865
3.104537813E9	15.508795309168443
3.104539072E9	0.0
3.1045403305E9	59.762517316445674
3.1045415875E9	58.17993892412497
3.104542842E9	57.58509993943065
3.1045440925E9	0.0
3.1045453405E9	0.0
3.1045465875E9	0.0
3.1045478335E9	0.0
3.1045490785E9	0.0
3.1045503195E9	58.270304206380914
3.1045515575E9	58.08
3.1045527945E9	0.0
3.1045540295E9	56.56102494942684
3.1045552635E9	0.0
3.104556496E9	0.9303201506591338
3.104557727E9	0.0
3.1045589575E9	53.98510935318753
3.1045601875E9	36.81405353728489
3.1045614165E9	58.991172761664565
3.104562644E9	41.459211732355634
3.1045638685E9	0.0
3.1045650905E9	34.39517896274653
3.104566312E9	40.07454707454708
3.104567533E9	50.34943820224719
3.1045687535E9	40.21868050407709
3.1045699725E9	0.9395121951219512
3.1045711905E9	0.0
3.1045724075E9	0.0
3.1045736235E9	59.732142857142854
3.1045748375E9	57.674117265954
3.1045760485E9	21.84536082474227
3.104577258E9	0.0
3.1045784665E9	57.559147685525346
3.1045796745E9	0.0
3.1045808815E9	59.294117647058826
3.104582087E9	0.0
3.104583292E9	0.0
3.1045844955E9	53.923701298701296
3.1045856965E9	0.0
3.104586896E9	0.0
3.1045880945E9	58.30645415811898
3.1045892925E9	0.0
3.1045904905E9	12.298007077668094
3.104591687E9	42.68138686131387
3.1045928815E9	56.65684271957981
3.104594074E9	58.765652951699465
3.104595264E9	35.61851015801354
3.1045964525E9	58.45526628782873
3.1045976365E9	34.954330708661416
3.1045988165E9	58.57434160503214
3.104599996E9	0.0
3.1046011715E9	17.704663212435232
3.1046023415E9	0.0
3.1046035085E9	13.15758640890451
3.10460467E9	0.0
3.1046058265E9	57.715536105032825
3.1046069825E9	56.34179265658747
3.104608138E9	0.0
3.1046092925E9	0.0
3.1046104465E9	58.5912461829286
3.104611598E9	59.476082004555806
3.104612744E9	0.0
3.104613887E9	58.30478229835832
3.1046150285E9	55.03780718336484
3.104616167E9	0.0
3.104617303E9	0.0
3.104618438E9	21.433759442184776
3.104619573E9	0.0
3.104620704E9	49.78605793324647
3.104621831E9	55.01125285499415
3.1046229575E9	56.20763230613173
3.104624082E9	15.00339789330615
3.104625205E9	58.088475194319166
3.104626328E9	1.8868686868686868
3.1046274505E9	36.89765755716676
3.1046285725E9	59.00787980239252
3.104629694E9	51.90958527157178
3.104630815E9	29.809352517985612
3.104631935E9	21.036190476190477
3.104633054E9	32.77329749103943
3.104634173E9	0.0
3.1046352915E9	40.733418776033325
3.104636408E9	0.0
3.1046375185E9	36.121401318071456
3.1046386245E9	0.0
3.1046397295E9	0.0
3.1046408325E9	0.0
3.104641934E9	56.20816212177811
3.1046430335E9	6.531510107015458
3.1046441315E9	0.0
3.1046452285E9	0.0
3.1046463245E9	0.0
3.10464742E9	35.43307086614173
3.104648514E9	58.73982933121651
3.1046496055E9	12.55860465116279
3.104650695E9	0.0
3.104651783E9	56.17463292721025
3.10465287E9	0.0
3.104653956E9	56.25675552724957
3.104655041E9	55.759434565690164
3.104656126E9	0.9547738693467337
3.10465721E9	0.9209932279909706
3.1046582915E9	59.1014799154334
3.1046593715E9	3.185331854902582
3.104660451E9	25.677724656064008
3.10466153E9	0.0
3.104662609E9	31.36808660861379
3.104663686E9	37.65374974595217
3.1046647605E9	52.95555810748737
3.104665834E9	0.0
3.1046669055E9	50.23642636644271
3.1046679745E9	31.74390815370197
3.104669042E9	59.58620689655172
3.1046701085E9	0.0
3.1046711745E9	0.0
3.1046722405E9	44.42897312232186
3.104673305E9	13.76252158894646
3.104674368E9	48.49089698046181
3.104675431E9	24.41521544432282
3.1046764935E9	22.52564568934158
3.1046775535E9	0.0
3.1046786105E9	56.43824913433366
3.1046796645E9	58.93870835047306
3.104680716E9	0.0
3.104681767E9	0.0
3.1046828175E9	0.0
3.1046838665E9	33.7221198156682
3.1046849135E9	0.0
3.1046859595E9	5.626808834729627
3.104687005E9	0.0
3.104688049E9	7.776250127304206
3.1046890895E9	58.540856031128406
3.1046901265E9	59.0884566235979
3.104691162E9	42.38608586649953
3.104692197E9	58.9562502323161
3.104693232E9	53.619530416221984
3.104694266E9	58.680950481508916
3.1046952985E9	0.0
3.10469633E9	0.9555335968379447
3.1046973585E9	43.98587285570131
3.1046983845E9	59.283018867924525
3.1046994105E9	7.148459383753502
3.104700435E9	44.692106638787244
3.1047014575E9	47.67679028132992
3.1047024785E9	51.619791666666664
3.1047034985E9	20.11455431754875
3.1047045185E9	57.85759829968119
3.104705538E9	0.0
3.1047065565E9	36.31958481289265
3.1047075745E9	0.0
3.104708592E9	0.0
3.104709608E9	59.40913160250671
3.104710623E9	0.0
3.104711638E9	10.005519916455318
3.1047126525E9	3.873684210526316
3.1047136665E9	0.0
3.10471468E9	0.0
3.104715693E9	11.44399677679291
3.104716706E9	0.0
3.1047177185E9	57.6252853380158
3.10471873E9	21.310454677092384
3.104719741E9	0.0
3.104720751E9	36.718213058419245
3.1047217595E9	0.0
3.1047227675E9	18.49096622152396
3.104723775E9	0.0
3.104724782E9	0.0
3.104725789E9	29.203748659176874
3.1047267955E9	0.0
3.104727801E9	0.0
3.104728805E9	0.0
3.104729807E9	59.18561682774303
3.1047308075E9	50.59961315280464
3.104740963E9	0.0
3.104756475E9	49.044209813254284
3.104767963E9	52.74687636568504
3.104778484E9	34.724409448818896
3.1047881575E9	28.699243199178532
3.1047976135E9	53.130612454174894
3.1048068795E9	35.970317112655934
3.1048160235E9	58.15359015537024
3.104824959E9	37.191173661844054
3.1048336895E9	40.99126626712063
3.1048423175E9	13.021503654019421
3.1048506295E9	55.60494734363455
3.104858538E9	57.417388298646486
3.10486621E9	19.87577966414162
3.104873738E9	0.0
3.104881204E9	44.866927464227395
3.1048886055E9	58.35602725513838
3.104895888E9	50.50464438498117
3.1049030315E9	50.883667003238045
3.1049100215E9	57.30785213167836
3.104916928E9	4.8112718249089
3.1049238165E9	41.74435859106891
3.104930685E9	50.0548145291523
3.1049375335E9	51.09459181908592
3.1049443175E9	10.093103448275862
3.1049510255E9	54.182846064851006
3.104957646E9	57.169918533604886
3.1049641205E9	5.085390385005224
3.104970491E9	9.684643024527418
3.104976811E9	57.00783723875871
3.1049830915E9	44.95453950688824
3.104989311E9	44.62767633842338
3.104995483E9	27.133098979099046
3.1050016285E9	47.008866284064744
3.105007741E9	39.90850595677538
3.105013843E9	43.490747957083585
3.105019839E9	51.96389782098226
3.1050257E9	45.17831540207047
3.105031511E9	42.93144873558927
3.1050372955E9	3.068763326226013
3.105043063E9	0.9793630573248407
3.1050488005E9	56.669702198909945
3.1050545125E9	57.25553987525181
3.1050601615E9	35.82463650922006
3.1050657395E9	55.61327157663028
3.1050713015E9	27.46540551839465
3.1050767895E9	37.81275218806651
3.105082186E9	51.68614361354425
3.1050875235E9	57.26783772597493
3.105092801E9	45.59935029009973
3.105098007E9	51.158395257779446
3.1051031505E9	55.043027291370876
3.1051082045E9	57.9351973535143
3.105113172E9	55.33193722437114
3.105118124E9	43.93802520200816
3.105123046E9	54.571634756515216
3.105127928E9	0.0
3.105132784E9	51.33685465838509
3.1051375455E9	48.63928406096432
3.105142205E9	49.730569265483375
3.1051468215E9	35.47908513465735
3.105151389E9	43.98822963052112
3.1051559265E9	48.289554086706474
3.105160444E9	55.084927612195145
3.105164943E9	52.294854422593474
3.1051694125E9	14.803600654664484
3.1051738415E9	48.20023499943713
3.105178253E9	35.263360616273474
3.1051826085E9	53.46505927118396
3.1051869095E9	54.743910963944074
3.105191198E9	53.45913846066732
3.105195423E9	0.0
3.105199594E9	42.78250994810695
3.1052037465E9	0.0
3.105207865E9	37.80145223933805
3.10521196E9	0.0
3.105216012E9	54.5171104387292
3.1052200195E9	0.0
3.105224006E9	40.95476836329762
3.1052278585E9	50.82472274395804
3.105231579E9	50.66048039162529
3.1052352765E9	29.05468907598713
3.1052389575E9	45.21845866998135
3.105242632E9	23.9331023052584
3.1052463045E9	20.265726633780066
3.105249957E9	43.91305782149712
3.10525359E9	56.80657508668978
3.105257213E9	16.26081744522485
3.105260822E9	29.327008652657604
3.1052644205E9	47.15853192302791
3.1052680095E9	38.50080230692309
3.1052715945E9	4.950071326676177
3.105275175E9	56.505060051893395
3.105278732E9	58.91218130311615
3.1052822555E9	38.43061100155516
3.105285765E9	49.688520681845276
3.1052892635E9	44.11979486351155
3.105292744E9	12.369977255496588
3.105296203E9	0.0
3.105299639E9	57.84656398104266
3.10530305E9	51.1964786222706
3.105306431E9	57.95532905375607
3.105309783E9	49.686251178988606
3.1053131135E9	54.72513100157628
3.105316433E9	53.21519215192152
3.105319747E9	36.87852956846031
3.105323045E9	0.0
3.1053263115E9	0.9874490116096643
3.10532956E9	3.7896184886280264
3.105332802E9	57.33199420750222
3.105336038E9	54.81569930432977
3.1053392555E9	54.904828400039335
3.105342453E9	56.93427668083226
3.105345638E9	35.57537313432836
3.1053488045E9	54.742531852795025
3.105351955E9	45.57076987774474
3.105355096E9	59.07282327704747
3.1053582345E9	52.71166665015897
3.1053613715E9	0.0
3.1053645055E9	0.9828571428571429
3.1053676375E9	48.21589000839631
3.105370751E9	35.71653048397234
3.1053738455E9	54.552464627071245
3.105376939E9	50.23010602780937
3.105380015E9	0.0
3.105383037E9	48.61181779795207
3.105386017E9	7.9582836710369484
3.105388988E9	50.642957323181726
3.105391952E9	1.971908298353245
3.10539491E9	54.579952678669365
3.105397855E9	56.650978194891906
3.105400789E9	14.877760741795349
3.10540371E9	56.22153348605309
3.1054066165E9	50.29027868495537
3.1054095145E9	52.27611292073833
3.1054124035E9	35.29272688883052
3.105415289E9	16.8072247706422
3.1054181705E9	10.824413145539905
3.105421047E9	34.13195647793673
3.105423915E9	59.030297573493
3.1054267735E9	41.93071718538565
3.1054296205E9	27.764038650049013
3.10543244E9	43.21355367121121
3.105435239E9	54.05599116759046
3.1054380315E9	59.656488549618324
3.105440812E9	47.26590419806243
3.105443576E9	59.595986268814364
3.1054463305E9	19.181363352095058
3.105449079E9	58.68740542632931
3.105451813E9	20.526236172827833
3.1054545365E9	48.228293158022886
3.1054572385E9	34.91298213790845
3.105459914E9	49.6545
3.10546258E9	20.257046686367794
3.1054652375E9	43.13896944010707
3.105467887E9	58.14859607903555
3.105470528E9	56.063943510027954
3.105473162E9	42.13546443076117
3.105475793E9	37.50508681084374
3.1054784135E9	41.440276589123165
3.105481019E9	31.412270944324103
3.1054836015E9	55.97254326423286
3.1054861625E9	59.16836074662724
3.105488716E9	57.04511477730107
3.105491267E9	23.79359744635404
3.1054938115E9	12.557561798214946
3.1054963495E9	14.409953051643193
3.105498881E9	0.0
3.1055013925E9	3.945246022937477
3.1055038895E9	11.944055944055943
3.105506379E9	49.24053806175481
3.105508858E9	49.75956992966678
3.10551133E9	58.122567470779174
3.105513792E9	58.12550937245314
3.1055162415E9	0.0
3.105518682E9	42.77702930634619
3.105521118E9	43.668385685263324
3.105523549E9	52.72615138165799
3.105525972E9	45.34581125525306
3.105528388E9	33.91202750965892
3.1055308005E9	44.2759881977127
3.1055332065E9	40.80802770580028
3.105535606E9	42.2907545249546
3.1055380035E9	54.14204300146792
3.105540398E9	29.744874591057798
3.1055427875E9	55.30996171954063
3.1055451725E9	8.389374090247452
3.1055475555E9	54.67841914794511
3.1055499375E9	59.69773299748111
3.105552312E9	53.79436721429861
3.1055546785E9	56.72246696035242
3.1055570425E9	52.76701129403832
3.105559404E9	48.72641297005179
3.105561761E9	50.578752663180325
3.105564112E9	22.47962018144497
3.1055664605E9	47.12955745536837
3.1055688045E9	42.46594137620401
3.105571144E9	19.55615778380006
3.1055734815E9	59.0466348017052
3.105575816E9	25.829030519766814
3.1055781475E9	0.8741573033707866
3.105580476E9	51.365864967844686
3.1055827985E9	41.948953446632586
3.105585104E9	55.8030670424012
3.1055873965E9	57.07461131800307
3.105589686E9	43.35879992356201
3.1055919665E9	46.599712540424
3.1055942405E9	15.83907284768212
3.105596511E9	52.357178134178994
3.1055987745E9	1.5480673934588702
3.105601033E9	14.329615861214375
3.1056032815E9	56.81406560474282
3.105605521E9	37.26960988188321
3.1056077565E9	18.856372549019607
3.1056099875E9	50.837799992220624
3.1056122175E9	3.940959409594096
3.1056144435E9	0.0
3.1056166625E9	0.0
3.1056188775E9	15.201838558452973
3.1056210895E9	20.768772805838296
3.105623296E9	11.419951729686243
3.105625496E9	20.05820645443287
3.1056276925E9	51.266073784094296
3.1056298885E9	52.928675601406226
3.105632076E9	40.13721967339344
3.1056342545E9	46.525615942028985
3.1056364325E9	29.234425732058867
3.1056386075E9	0.9637681159420289
3.1056407785E9	54.042514894612744
3.105642947E9	42.57133437731806
3.105645114E9	0.0
3.105647276E9	33.856902922405105
3.105649431E9	51.509294443873884
3.105651583E9	35.51728472658705
3.105653732E9	59.463092783505154
3.105655878E9	47.186050907258064
3.1056580215E9	54.39414414414414
3.1056601635E9	37.17189581175078
3.1056623025E9	23.48851689694046
3.1056644355E9	40.551107953402955
3.1056665645E9	41.05416779799077
3.1056686915E9	56.04761072770158
3.1056708175E9	0.0
3.10567294E9	49.15935868111001
3.105675053E9	35.40091541149986
3.105677152E9	54.63182548962292
3.105679241E9	30.377822867855517
3.1056813275E9	43.32632146709817
3.105683412E9	53.089413760312524
3.105685491E9	27.82056550676732
3.105687566E9	45.375687656892595
3.1056896395E9	37.375186497575534
3.1056917095E9	28.11553989689865
3.105693777E9	36.03805138148328
3.105695838E9	0.0
3.105697891E9	47.09348555005588
3.1056999415E9	46.57682739868676
3.105701983E9	47.84774352271854
3.1057040115E9	57.976190070099435
3.1057060315E9	0.0
3.105708045E9	37.89570630081301
3.105710055E9	21.418119658119657
3.105712061E9	35.64790548546735
3.105714063E9	26.151266919169675
