#Position (bp)	mapping quality
3882144.5	55.77117197596927
1.16464325E7	57.83231178385338
1.94107205E7	58.49172747962859
2.71750085E7	59.23655419178502
3.49392965E7	59.359892712101114
4.27035845E7	59.34692751167528
5.04678725E7	59.33857956226703
5.82321605E7	59.30603215282853
6.59964485E7	59.33328444091678
7.37607365E7	59.36559175057286
8.15250245E7	59.23109585117169
8.92893125E7	59.28915324448186
9.70536005E7	59.37750933441517
1.048178885E8	57.54361811434822
1.125821765E8	59.31218952357502
1.203464645E8	19.315951803754253
1.281107525E8	6.4624707378496495
1.358750405E8	0.0
1.436393285E8	30.149292951625526
1.514036165E8	53.25341594749555
1.591679045E8	58.293731350910015
1.669321925E8	59.35742744434301
1.746964805E8	59.314486381994534
1.824607685E8	59.33049471940744
1.902250565E8	59.32456761960266
1.979893445E8	59.28202924284902
2.057536325E8	58.92397221542926
2.135179205E8	59.378053792056875
2.212822085E8	59.202886785530985
2.290464965E8	58.188633832834896
2.368107845E8	59.254153486965805
2.445750725E8	59.176539611582854
2.487068195E8	52.73827763702899
2.525889635E8	59.17529215546363
2.601036485E8	59.371663072575636
2.678679365E8	59.33428533003063
2.756322245E8	59.3302373047589
2.833965125E8	12.966619500269672
2.911608005E8	59.267011874261186
2.989250885E8	59.41715080700295
3.066893765E8	59.352031335593246
3.144536645E8	59.317860677216174
3.222179525E8	59.21746788422845
3.299822405E8	59.34683331790857
3.377465285E8	42.63059248929054
3.455108165E8	52.55736107114521
3.532751045E8	59.09978775508455
3.610393925E8	53.38842942429709
3.688036805E8	59.35102973638063
3.765679685E8	57.79035609073265
3.843322565E8	59.18749270229053
3.920965445E8	59.35547434751611
3.998608325E8	59.26258566936445
4.076251205E8	59.30813567515587
4.153894085E8	59.32503585081107
4.231536965E8	59.31807977521873
4.309179845E8	59.365858789948966
4.386822725E8	59.35084785285871
4.464465605E8	59.318924323955756
4.542108485E8	59.253951382451845
4.619751365E8	59.316664522652246
4.697394245E8	59.295841497635045
4.775037125E8	59.30442456202626
4.852680005E8	59.33398349918506
4.90150048E8	58.59825043063443
4.94032192E8	59.11899655937126
5.007965765E8	59.3426339390347
5.085608645E8	59.3161948405051
5.163251525E8	59.31391143394949
5.240894405E8	59.34923233154771
5.318537285E8	59.33860923837034
5.396180165E8	59.27514054831104
5.473823045E8	59.352706610366205
5.551465925E8	59.37809992526416
5.629108805E8	59.253984278373075
5.706751685E8	59.06735637930813
5.784394565E8	55.61872366105284
5.862037445E8	42.78211136478637
5.939680325E8	59.30093206274454
6.017323205E8	59.35494130144388
6.094966085E8	59.34721369118082
6.172608965E8	59.3426771675918
6.250251845E8	59.33741106202155
6.327894725E8	59.350034533809634
6.405537605E8	59.355028128204744
6.483180485E8	59.37344080424837
6.560823365E8	59.32278134723311
6.638466245E8	59.262756488792256
6.716109125E8	59.324934724904985
6.793752005E8	59.022592768839296
6.863514275E8	58.364496517388694
6.902335715E8	57.69466501627756
6.949037765E8	57.117712689236036
7.026680645E8	59.0788899357914
7.104323525E8	59.25465853736439
7.181966405E8	59.34030483808356
7.259609285E8	59.35569827915992
7.337252165E8	59.313215600203264
7.414895045E8	33.20801523252489
7.492537925E8	59.283487595752725
7.570180805E8	59.266602860001754
7.647823685E8	59.31146057552923
7.725466565E8	59.29780963224543
7.803109445E8	59.285126400516646
7.880752325E8	59.37130291518718
7.958395205E8	59.248888051842734
8.036038085E8	59.28752800107934
8.113680965E8	59.27525840833713
8.191323845E8	59.172181966002896
8.268966725E8	59.301974726145524
8.346609605E8	59.30368544330459
8.424252485E8	59.36092765252708
8.501895365E8	59.315554563890274
8.579538245E8	59.1917540749152
8.657181125E8	59.23459671189372
8.734824005E8	59.28452705597475
8.78512305E8	56.571594366418594
8.82394449E8	59.12673894289096
8.890109765E8	59.2898007806952
8.967752645E8	58.678897992675566
9.045395525E8	59.23318239940054
9.123038405E8	59.13550900563532
9.200681285E8	59.34591651914015
9.278324165E8	45.2093485686799
9.355967045E8	59.29869528414999
9.433609925E8	59.34945597457971
9.511252805E8	49.63902316477746
9.588895685E8	59.298136617781296
9.666538565E8	59.36345420505015
9.744181445E8	59.31265034268113
9.821824325E8	59.18937998479482
9.899467205E8	59.33957563007222
9.977110085E8	59.378070770454514
1.0054752965E9	59.284723283905656
1.0132395845E9	59.31669246540677
1.0210038725E9	59.32495951721446
1.0287681605E9	59.26441861297392
1.0365324485E9	59.333707622563615
1.0442967365E9	59.37165975310246
1.0520610245E9	58.748667451865316
1.0585707465E9	56.89665249529193
1.0624528905E9	58.92326872126249
1.0675896005E9	59.309310509999854
1.0753538885E9	59.340130186675275
1.0831181765E9	59.260977815406655
1.0908824645E9	58.23804611637952
1.0986467525E9	59.31096681030666
1.1064110405E9	59.317280890533105
1.1141753285E9	59.33934600036783
1.1219396165E9	44.71844313449557
1.1297039045E9	59.28645311904105
1.1374681925E9	59.30746633134672
1.1452324805E9	59.224171437607765
1.1529967685E9	59.34478020056513
1.1607610565E9	59.27929438918506
1.1685253445E9	59.30636212572015
1.1762896325E9	59.34756325179725
1.1840539205E9	59.32595919847942
1.1918182085E9	59.233845526799925
1.1995824965E9	59.34476952126577
1.2073467845E9	59.39661934815259
1.2151110725E9	59.28404081595192
1.2228753605E9	58.85439218071651
1.229380904E9	58.5985612561329
1.233263048E9	58.92801460526732
1.2384039365E9	58.69422269993559
1.2461682245E9	59.32313369787902
1.2539325125E9	59.280361593573886
1.2616968005E9	59.25090896725261
1.2694610885E9	59.20316698924641
1.2772253765E9	59.36998700926486
1.2849896645E9	58.93475853998334
1.2927539525E9	31.94288841860515
1.3005182405E9	58.342762984595545
1.3082825285E9	55.10280522752169
1.3160468165E9	59.3099098294472
1.3238111045E9	59.27036775388883
1.3315753925E9	57.496006711769475
1.3393396805E9	59.290765898480075
1.3471039685E9	59.34422627512647
1.3548682565E9	59.28619139126493
1.3626325445E9	59.28986378764882
1.3703968325E9	59.33815353381046
1.3781611205E9	57.293414212997156
1.3859254085E9	59.12625896204468
1.3905789145E9	58.727012356212285
1.3944610585E9	57.442164016227316
1.4014539845E9	53.67610958871362
1.4092182725E9	59.33313891526268
1.4169825605E9	59.344830336434484
1.4247468485E9	59.35696874087548
1.4325111365E9	44.92699396388083
1.4402754245E9	52.92803450625729
1.4480397125E9	59.31051508621516
1.4558040005E9	59.29417647344982
1.4635682885E9	59.19250509890422
1.4713325765E9	59.38461412496243
1.4790968645E9	55.23904323757196
1.4868611525E9	59.339710403444926
1.4946254405E9	59.36718900345147
1.5023897285E9	59.30727055463727
1.5101540165E9	59.362549830913906
1.5179183045E9	59.2735867721796
1.5256825925E9	59.288635141298435
1.5330268245E9	59.24493673482754
1.5369089685E9	58.11676323398098
1.5412111685E9	59.36994314261547
1.5489754565E9	59.33802827611227
1.5567397445E9	59.3456782618476
1.5645040325E9	59.33827747269764
1.5722683205E9	56.8724235267088
1.5800326085E9	22.088311666474972
1.5877968965E9	0.0
1.5955611845E9	17.275286301587442
1.6033254725E9	40.384280186494976
1.6110897605E9	59.33174578690692
1.6188540485E9	59.20999671037754
1.6266183365E9	59.29786903485171
1.6343826245E9	59.26265843028151
1.6421469125E9	59.32457471030668
1.6499112005E9	59.08229035586354
1.6576754885E9	59.34093782909264
1.6654397765E9	59.28953031741162
1.672102775E9	58.41833268028443
1.675984919E9	58.44080535352717
1.6809683525E9	59.214896104479045
1.6887326405E9	59.33752891665074
1.6964969285E9	59.33171905579925
1.7042612165E9	59.21276908645771
1.7120255045E9	47.953004129812946
1.7197897925E9	43.62289541067009
1.7275540805E9	59.13364983379569
1.7353183685E9	59.34653069780272
1.7430826565E9	59.3125836816905
1.7508469445E9	59.25754130423749
1.7586112325E9	58.838202597653456
1.7663755205E9	59.31379306594941
1.7741398085E9	59.30192174958059
1.7819040965E9	59.32020973635262
1.7896683845E9	59.35495841441148
1.7974326725E9	59.358518634961634
1.804997934E9	57.93718049329838
1.808880078E9	49.78820850976434
1.8129612485E9	58.601433134873254
1.8207255365E9	59.31941973946069
1.8284898245E9	59.31104305398665
1.8362541125E9	59.277002291288234
1.8440184005E9	59.38082889839889
1.8517826885E9	59.34436418288955
1.8595469765E9	31.858347169934063
1.8673112645E9	59.13331274475605
1.8750755525E9	59.22253303050087
1.8828398405E9	59.305991237121546
1.8906041285E9	59.38744818717753
1.8983684165E9	58.2091071626462
1.9061327045E9	59.34292725720446
1.9138969925E9	59.28529250712816
1.9216612805E9	59.39198562032914
1.9294255685E9	59.387139601803504
1.9371898565E9	59.350839049805096
1.942419837E9	59.347181825294314
1.946301981E9	59.18006180604487
1.9527184325E9	59.11651323083219
1.9604827205E9	59.3338394082856
1.9682470085E9	59.34735326245779
1.9760112965E9	47.06946262399544
1.9837755845E9	53.14573885515701
1.9915398725E9	59.28336843196963
1.9993041605E9	59.30135878353526
2.0070684485E9	59.04331865381405
2.0148327365E9	59.35399114686481
2.0225970245E9	59.36552836215356
2.0303613125E9	59.27376478564339
2.0381256005E9	59.332230355564874
2.0458898885E9	59.381868027094306
2.0536541765E9	59.34249856207876
2.0614184645E9	59.28915718899161
2.0691827525E9	59.21866182883682
2.0750539395E9	59.12408378506468
2.0789360835E9	0.0
2.0847113285E9	0.0
2.0924756165E9	8.847426680367235
2.1002399045E9	59.26621504749151
2.1080041925E9	59.263051036409216
2.1157684805E9	59.29873096073044
2.1235327685E9	59.29672522332959
2.1312970565E9	59.01108560088194
2.1390613445E9	59.31260070408399
2.1468256325E9	59.303442946800516
2.1545899205E9	59.35113158543939
2.1623542085E9	59.353527706652926
2.1701184965E9	59.35557185242265
2.1778827845E9	59.268067356252494
2.1856470725E9	59.17791077340612
2.1904682635E9	58.99320515145427
2.1943504075E9	0.0
2.2011756485E9	0.0
2.2089399365E9	40.990309935968426
2.2167042245E9	59.315298992457755
2.2244685125E9	59.235029652231766
2.2322328005E9	59.35494309817837
2.2399970885E9	59.29385682326025
2.2477613765E9	59.30007135257105
2.2555256645E9	59.305420712346994
2.2632899525E9	59.34717457158204
2.2710542405E9	59.29354191575178
2.2788185285E9	59.31484550471294
2.2865828165E9	59.353089784972745
2.2943471045E9	59.08738242928549
2.2983401385E9	59.67296471043079
2.3022222825E9	0.0
2.3098756805E9	0.0
2.3176399685E9	20.629900417361615
2.3254042565E9	55.18732545312811
2.3331685445E9	56.46169316717834
2.3409328325E9	59.07343823439321
2.3486971205E9	59.299071382337026
2.3564614085E9	59.35833383220621
2.3642256965E9	52.89724551590595
2.3719899845E9	58.88336495579381
2.3797542725E9	57.66129185743152
2.3875185605E9	59.14962423179858
2.3952828485E9	59.32096843376078
2.399803605E9	56.052353208664314
2.403685749E9	58.84137906563975
2.4108114245E9	59.3130559557187
2.4185757125E9	53.278776007124534
2.4263400005E9	55.693168225870956
2.4341042885E9	38.051637779411834
2.4418685765E9	1.6614005373020808
2.4496328645E9	51.24113636689903
2.4573971525E9	59.289631436212886
2.4651614405E9	59.30568654442666
2.4729257285E9	58.61508682207226
2.4806900165E9	59.377411744376246
2.4876763615E9	58.352346233707095
2.4915585055E9	58.221451166100756
2.4962185925E9	59.160010502614334
2.5039828805E9	59.19168766629775
2.5117471685E9	40.598736256912964
2.5195114565E9	45.97951400542323
2.5272757445E9	56.655956518743196
2.5350400325E9	57.45362787417588
2.5428043205E9	59.33886636246759
2.5505686085E9	59.18094213691695
2.5583328965E9	59.20257203025734
2.5660971845E9	59.30189662727504
2.572008666E9	58.90864426792485
2.57589081E9	58.52543690230317
2.5816257605E9	59.387625073541166
2.5893900485E9	31.750802613805778
2.5971543365E9	53.10702529569413
2.6049186245E9	59.34629532291577
2.6126829125E9	59.31069870115032
2.6204472005E9	59.251111859387194
2.6282114885E9	59.320526831159775
2.6359757765E9	59.36130371858472
2.6437400645E9	59.30348859423634
2.6510167485E9	59.21620817745811
2.6548988925E9	50.1015391806954
2.6592686405E9	58.91931672669451
2.6670329285E9	58.60206603639605
2.6747972165E9	59.20042179608653
2.6825615045E9	58.32211230179362
2.6903257925E9	57.00343633136245
2.6980900805E9	59.22354048362505
2.7058543685E9	57.71188751528044
2.7113827085E9	59.23824990475653
2.7152648525E9	59.19211550873747
2.7213829445E9	59.350629265151674
2.7291472325E9	59.360092499122025
2.7369115205E9	41.11757817061268
2.7446758085E9	44.384233021938996
2.7524400965E9	59.34484608339445
2.7602043845E9	59.317234316516455
2.7679686725E9	59.35078609480055
2.774661944E9	59.08112592432672
2.778544088E9	0.0
2.7834972485E9	23.213958627000988
2.7912615365E9	54.98961541821965
2.7990258245E9	59.36315477154364
2.8067901125E9	59.30175995356983
2.8145544005E9	59.09286929348715
2.8213097995E9	56.97629006695015
2.8251919435E9	0.0
2.8300829765E9	0.0
2.8378472645E9	40.01326459911274
2.8456115525E9	55.119739195774144
2.8533758405E9	59.31482057401372
2.8611401285E9	59.24993582656294
2.8689044165E9	59.34997751644077
2.8738940415E9	58.89397427434781
2.8777761855E9	57.42128183278119
2.8844329925E9	59.25433511305147
2.8921972805E9	59.37443297990717
2.8999615685E9	59.3519273250308
2.9077258565E9	59.32788102698278
2.9154901445E9	59.32129112864356
2.9232544325E9	57.32496914942663
2.9310187205E9	46.78400885178188
2.9387830085E9	41.50096506177647
2.9465472965E9	57.03691589001328
2.9543115845E9	59.23175902488152
2.9620758725E9	59.0627499071951
2.9698401605E9	59.15520738154885
2.9776044485E9	57.25189634411778
2.9853687365E9	59.37219565460058
2.9931330245E9	57.67317628950383
3.0008973125E9	59.301307241354664
3.0086616005E9	58.51204356914373
3.0164258885E9	57.683346392512995
3.0241901765E9	58.561488450460004
3.029557369E9	55.28241035184736
3.033439513E9	27.539850882237026
3.0397187525E9	20.403757748050054
3.0474830405E9	7.575676809555539
3.0552473285E9	8.101674094839126
3.0630116165E9	0.0
3.0707759045E9	0.0
3.0785401925E9	0.0
3.0853460845E9	50.83916077180036
3.088278117E9	51.85426997245179
3.088373929E9	50.20599069509949
3.0884774725E9	42.06140104620937
3.0885573295E9	50.53411988240402
3.0886546005E9	26.575434608157988
3.0887081185E9	41.205959911939445
3.0887493115E9	42.56526573204428
3.088858438E9	37.28750261799878
3.088966832E9	51.56910830123509
3.089008063E9	41.86363401033116
3.089109657E9	15.103867169574759
3.089267292E9	17.892897831199374
3.08942189E9	11.604335223938342
3.089604443E9	44.51300112269986
3.089755642E9	54.35909337189097
3.0898220175E9	37.51556698195376
3.0898610755E9	24.626087419696155
3.089968525E9	32.92933097662639
3.0900764725E9	38.07047124310088
3.090141311E9	11.026555553311619
3.090191469E9	0.5959252971137521
3.090297168E9	40.36043935778749
3.090503609E9	29.17352659688168
3.0907062205E9	52.22184430003635
3.09089898E9	43.86013659503722
3.091013772E9	52.34496435884617
3.091052607E9	57.767748792840564
3.0911587895E9	45.82384230103347
3.091267064E9	58.054166558038084
3.0915130575E9	15.111271826539243
3.092673561E9	11.370233877983836
3.093702736E9	50.8597526340024
3.093935951E9	40.585110658413164
3.094132646E9	27.961922771341094
3.0942642985E9	22.588510389052065
3.094360447E9	53.130931906686484
3.0944711045E9	14.494076927485368
3.0946435155E9	17.769171308940013
3.094747446E9	42.96482616292432
3.0948598115E9	11.46609418506967
3.0950026905E9	39.31604404618354
3.095104297E9	44.57683091819553
3.095190977E9	20.06926477071895
3.0952465895E9	0.0
3.0952663465E9	1.7886579781613243
3.095268566E9	1.0292281121296665
3.0952706195E9	0.9925989885284322
3.0952723265E9	4.4120603015075375
3.0952838005E9	15.804025423728813
3.0952967465E9	18.6406363887702
3.095299555E9	1.0856801609253206
3.0953008775E9	1.186817188638019
3.0953027375E9	2.856655290102389
3.0953043745E9	1.167654986522911
3.095311073E9	1.7297619723910698
3.0953361175E9	2.132066938037087
3.095355552E9	1.244849445324881
3.0953574645E9	2.785210780926054
3.095360032E9	11.76996805111821
3.095361791E9	4.951301427371956
3.095363378E9	19.249383730484798
3.095365611E9	0.9927536231884058
3.0953678415E9	58.81398884946782
3.095369933E9	60.0
3.095371677E9	31.99880143827407
3.09537289E9	12.221616712079927
3.0953743225E9	0.0
3.095375945E9	10.262738400227725
3.095572656E9	48.23615944646945
3.095769303E9	41.90173272446658
3.0957708065E9	37.89003107817356
3.0957736535E9	52.43219896335919
3.095822105E9	51.39554992443652
3.095924849E9	22.302740317681018
3.095983129E9	58.62124008043228
3.095986364E9	30.16712086320807
3.0959887305E9	20.442468772961057
3.0959909825E9	25.281376026432145
3.095993051E9	54.03633975481611
3.0959946765E9	44.86110635382771
3.096006671E9	47.74632799019578
3.0960870785E9	45.99362930292825
3.0961589785E9	50.71163217059873
3.096165879E9	54.138794393208386
3.096173123E9	48.6811222906786
3.09617898E9	52.54524688369842
3.096183283E9	46.48290719574808
3.096185859E9	36.92831193993703
3.0961883E9	5.051933315876757
3.0961908755E9	8.058503401360545
3.096192456E9	3.609302325581395
3.096238607E9	47.272282806858755
3.0962848625E9	7.181849198225861
3.096286263E9	10.970108695652174
3.0962877625E9	30.216103655714946
3.096289947E9	46.061411363214
3.096292208E9	0.0
3.0962965075E9	0.9670292318150918
3.096315547E9	19.270757407593344
3.0963533005E9	35.317870608730324
3.09637788E9	50.26324705882353
3.096382479E9	46.61450173304724
3.0963879875E9	34.48125339612389
3.0963943185E9	35.12203893594888
3.096398918E9	3.290263319044703
3.0964033365E9	39.94521151322295
3.0964070605E9	37.780994947532065
3.0964084065E9	0.9889624724061811
3.0964096105E9	0.0
3.096411644E9	21.513292811887258
3.0964135175E9	54.70469798657718
3.0964147555E9	0.0
3.0964161835E9	60.0
3.0964174105E9	19.498802992518705
3.096418484E9	26.16760886172651
3.096419946E9	0.0
3.096422275E9	0.0
3.0964254675E9	1.751599147121535
3.0964313925E9	0.9859583430844839
3.0964360765E9	0.0
3.096437123E9	0.0
3.0964382945E9	0.0
3.096440137E9	1.301743137647766
3.096442099E9	6.0
3.096443439E9	1.9962602842183994
3.0964449505E9	0.9838065194532072
3.0964464985E9	0.986171132238548
3.0964475915E9	0.0
3.0964489705E9	2.9934971098265897
3.0964506065E9	0.9944713199723566
3.0964522235E9	1.2834285714285714
3.0964537525E9	0.9872367581365666
3.0964552355E9	0.0
3.09645655E9	11.95010395010395
3.0964580005E9	0.0
3.0964594605E9	0.9805234327449787
3.096462063E9	1.0634856449656287
3.0964647385E9	0.0
3.0964666345E9	0.0
3.0964687875E9	0.0
3.096470338E9	0.0
3.0964722525E9	0.0
3.096474844E9	0.0
3.0964802425E9	57.78796735569863
3.0964880595E9	58.333395409816525
3.0965833285E9	35.380717971436766
3.0967643755E9	56.36448848207717
3.0969348755E9	12.40319998265264
3.097105623E9	44.83785862680894
3.0972741855E9	12.928264374580243
3.0973604055E9	6.633613544200029
3.097450029E9	3.636315106220351
3.0976374775E9	47.70052324647017
3.0978270425E9	38.028025728255464
3.0979310955E9	43.65873348954872
3.097952041E9	25.863996273870516
3.0979864125E9	55.357247975507235
3.098119023E9	12.201774202876399
3.098265051E9	15.921156630114648
3.098391091E9	55.5346974417929
3.0985448955E9	37.09294449309176
3.0986946915E9	35.78737072380628
3.098783935E9	0.0
3.0988292795E9	35.66043671535343
3.098880847E9	25.67596291770309
3.098919304E9	31.19301547706786
3.0989774605E9	35.26558790829051
3.099052881E9	41.273266461181194
3.0991573655E9	34.692495571420906
3.099319594E9	32.82725475336355
3.0995012675E9	20.339089359639225
3.099670145E9	40.28769804240706
3.09983663E9	0.0
3.0999236415E9	0.0
3.099926258E9	0.9770114942528736
3.0999293305E9	48.272320660588335
3.0999317075E9	56.5491347342398
3.099933225E9	0.9475839475839476
3.099934473E9	0.0
3.099935544E9	59.44890929965557
3.099936873E9	29.551273227804543
3.0999392435E9	59.78133778756359
3.0999417715E9	59.930196483971045
3.099944294E9	59.345617437886766
3.099947122E9	16.627403846153847
3.099949542E9	32.2144420131291
3.099951465E9	0.0
3.0999532635E9	0.0
3.0999548975E9	0.0
3.099956276E9	0.0
3.0999589355E9	59.683841622548655
3.099961492E9	0.0
3.0999627755E9	60.0
3.099966206E9	53.88552512741755
3.099971928E9	0.0
3.0999763185E9	59.787292064357786
3.0999787225E9	0.0
3.099980804E9	0.0
3.099982934E9	0.0
3.0999846185E9	1.1995332555425904
3.0999859675E9	0.0
3.099987108E9	0.0
3.0999883185E9	25.151631477927065
3.099989888E9	0.0
3.0999934275E9	58.04881147730722
3.099997199E9	48.71590296495957
3.0999989405E9	0.0
3.100000503E9	43.46202935545629
3.100002242E9	36.199406234537356
3.100004537E9	46.25712250712251
3.100007437E9	52.646377150883765
3.1000093805E9	46.73831775700935
3.1000104305E9	0.0
3.100011833E9	24.86760124610592
3.1000136915E9	0.0
3.1000154645E9	45.43705463182898
3.100017134E9	58.006644518272424
3.1000187915E9	0.0
3.100020568E9	57.80918548591728
3.1000221625E9	48.96578947368421
3.1000236955E9	37.92170022371365
3.1000264625E9	54.46559890619659
3.100029677E9	59.01356517032577
3.100031578E9	0.0
3.1000326205E9	0.0
3.100033658E9	0.0
3.100035464E9	53.68206339900632
3.1000409715E9	41.25724963796105
3.1000479435E9	10.113764589614322
3.100051797E9	50.0599365778232
3.100053416E9	32.44211409395973
3.10005829E9	58.06144317065819
3.1000639665E9	51.99352741244274
3.1000665115E9	31.584417040358744
3.100068816E9	58.73320537428023
3.100070957E9	47.17754148541969
3.1000725955E9	0.0
3.10007379E9	39.730099767028904
3.1000757855E9	59.88338455975411
3.1000785755E9	59.69037322382527
3.1000897445E9	59.79259690067915
3.1001009405E9	57.77041942604856
3.1001076425E9	59.884742329252745
3.1001174535E9	58.38662231412389
3.10012562E9	59.75687409551375
3.1001304845E9	58.20201185062698
3.1001326025E9	41.80102476515798
3.100134138E9	18.7468671679198
3.100136976E9	59.42016806722689
3.1001412695E9	59.16446100708962
3.1001454075E9	0.0
3.1001489115E9	0.0
3.1001523505E9	58.804683078664404
3.1001553555E9	34.880211574362164
3.1001569595E9	40.382664202922896
3.1001596515E9	0.0
3.100164687E9	59.385699102236494
3.100169456E9	59.65727104667345
3.100173756E9	59.07966659620089
3.100178605E9	0.0
3.100182461E9	59.964368195315075
3.1001845245E9	12.761441441441441
3.100186698E9	57.65582645421386
3.1001901715E9	59.49179312480644
3.1001926785E9	31.584837545126355
3.1001942255E9	0.0
3.100196577E9	57.02838627599093
3.100199826E9	59.883602502546196
3.1002050385E9	59.405183386636146
3.1002116325E9	58.99100163877439
3.100215983E9	59.589638368812516
3.100218536E9	0.0
3.1002222875E9	0.0
3.100226716E9	0.0
3.100230998E9	57.35590152063722
3.10023432E9	59.403868512842195
3.100237109E9	56.05031669922453
3.100241596E9	59.723589214675115
3.1002465235E9	59.996629213483146
3.100249222E9	59.78305785123967
3.1002504975E9	0.0
3.1002526125E9	0.0
3.1002555955E9	57.30533666776766
3.1002585615E9	55.169536037350454
3.1002608765E9	59.33017591339648
3.100264232E9	0.0
3.1002683515E9	0.0
3.1002730005E9	53.37165504499672
3.100276567E9	0.0
3.1002785615E9	59.67628810358781
3.1002805655E9	50.650371593724195
3.1002818545E9	58.80094094743673
3.100283864E9	58.50296376475439
3.100286221E9	0.0
3.1002886105E9	55.50181378476421
3.100297238E9	0.0
3.100308266E9	0.0
3.1003148695E9	36.96727189151919
3.1003201675E9	0.0
3.100323191E9	58.01932029795158
3.100327556E9	59.589313181301414
3.1003361335E9	59.306608332107814
3.100341505E9	44.57638089758343
3.100343284E9	58.98618050866531
3.1003451525E9	59.461060112525914
3.10034797E9	58.75306433445969
3.1003522945E9	58.2990133970298
3.1003595775E9	59.122278926742986
3.100367519E9	59.55496559192371
3.1003726985E9	59.66697247706422
3.1003758895E9	58.89194724338494
3.1003787135E9	56.64862415021042
3.1003813635E9	0.0
3.100384543E9	59.52399445214979
3.100388122E9	4.147608788012621
3.100390936E9	58.39183305809939
3.1003962175E9	58.481420900640735
3.1004020815E9	59.629752840576316
3.1004062135E9	11.59606656580938
3.100409423E9	0.0
3.1004119315E9	59.407288746495794
3.100414125E9	59.057969819411234
3.100417918E9	59.69386677926739
3.100423028E9	58.78576647441976
3.1004269835E9	59.79777492767023
3.1004299135E9	0.0
3.100431937E9	0.0
3.100433132E9	0.0
3.100434876E9	0.0
3.1004377605E9	56.926151251392945
3.1004408225E9	59.55217533529604
3.1004441155E9	56.37313699560384
3.1004490815E9	59.70483439954652
3.100453243E9	59.26658905704307
3.1004556705E9	59.49665998663995
3.1004587745E9	0.0
3.100461398E9	49.36833470057424
3.100462798E9	0.0
3.1004649905E9	59.775654341503945
3.100471036E9	0.0
3.1004779445E9	59.912518225369716
3.1004820575E9	56.428885337594885
3.100486718E9	59.84989674104669
3.1004910255E9	0.0
3.10049749E9	0.0
3.1005038655E9	0.0
3.1005113075E9	0.0
3.100520375E9	59.496404167937015
3.100524579E9	59.306501547987615
3.100528576E9	59.66623451742226
3.100533401E9	55.63192017545974
3.1005371995E9	58.121138083228246
3.100540127E9	56.33306654470615
3.100544135E9	0.0
3.1005486665E9	59.48576358930112
3.1005512115E9	59.33287950987066
3.100552639E9	59.652878218108185
3.1005539095E9	55.10479285134037
3.1005560785E9	57.62282862934664
3.100558656E9	52.523904023092186
3.100561947E9	58.256248716017254
3.10056789E9	0.0
3.100573138E9	0.0
3.100576513E9	59.258173672671816
3.100580371E9	56.82684915225909
3.100591292E9	17.609664746172562
3.100602639E9	0.0
3.100606305E9	6.846966292134831
3.100608874E9	59.70153161408561
3.1006116575E9	59.825049663814184
3.1006156585E9	59.906947041919445
3.100620518E9	0.0
3.1006254325E9	59.37495793606281
3.1006312815E9	0.0
3.1006367155E9	57.56818596884865
3.100640534E9	58.26036306755032
3.100643878E9	58.547410265403954
3.100647993E9	59.70098756400878
3.1006508345E9	0.9508771929824561
3.100653317E9	59.86822607959356
3.1006563755E9	59.838221381267736
3.1006598935E9	59.791209030209444
3.1006649805E9	56.266689711791905
3.1006712605E9	59.497238157554364
3.1006757165E9	58.468586387434556
3.100677201E9	3.363325635103926
3.10067847E9	0.0
3.100683289E9	59.850885613223056
3.1006885805E9	59.98061598104674
3.100691006E9	59.194165492797744
3.1006942785E9	0.0
3.1006969395E9	0.9801255230125523
3.1006991355E9	54.48981048998899
3.1007016905E9	25.28711210511602
3.100704182E9	14.281150159744408
3.100706833E9	46.51109398586179
3.100708945E9	55.63981709461836
3.100712266E9	59.54803807436828
3.10071577E9	59.45141399106953
3.100717503E9	59.432485322896284
3.100719116E9	59.68133237164776
3.1007206285E9	0.0
3.1007221265E9	0.0
3.100724699E9	59.96566769186754
3.1007268945E9	59.60042964554243
3.1007289465E9	56.10790408525755
3.1007309285E9	0.0
3.1007330965E9	55.48685774301429
3.1007392415E9	0.0
3.1007470865E9	59.64161269430052
3.1007528755E9	0.0
3.1007561985E9	58.24162679425837
3.1007588475E9	0.0
3.100761762E9	46.06872234513274
3.1007635275E9	0.0
3.100764747E9	34.17717996289425
3.1007667445E9	41.369086262863455
3.1007691425E9	59.318282425852146
3.100772442E9	0.0
3.100775528E9	0.0
3.100781116E9	59.863673815884745
3.10079114E9	59.66175400450644
3.100797975E9	56.26122646064703
3.1008007345E9	59.34191098924278
3.100804877E9	59.8097211357534
3.100809349E9	0.0
3.1008114985E9	31.170042032862057
3.1008137425E9	38.841057747033844
3.1008164375E9	22.44887675834558
3.100825815E9	28.77350595578519
3.100837982E9	4.51803840877915
3.100842972E9	58.783938814531545
3.1008451085E9	47.29624060150376
3.10084822E9	40.7601320374106
3.1008510465E9	36.87415426251692
3.100852321E9	0.0
3.1008571395E9	59.93957703927492
3.1008619615E9	0.0
3.1008648315E9	57.6123178144267
3.100868278E9	57.931008007019855
3.100873156E9	57.2836093990755
3.1008795525E9	54.39864229109892
3.100884274E9	51.13246587379992
3.10088846E9	22.122869089739467
3.1008916615E9	4.9986850091037835
3.10089384E9	44.64108644104333
3.1008970555E9	58.18338734873744
3.1008998325E9	46.512392513909965
3.100902708E9	51.45197151663301
3.1009063655E9	54.45003895063692
3.1009089965E9	53.497707239713314
3.1009125255E9	50.94100960388256
3.1009156975E9	54.911200770586845
3.100917935E9	49.022262361206536
3.1009210515E9	50.03723863122869
3.1009240305E9	50.461483830476
3.100926116E9	53.87576189858643
3.1009275335E9	43.66619364698177
3.100928649E9	53.17300724637681
3.1009304855E9	32.93130550970683
3.100935775E9	59.76479764797648
3.1009404825E9	0.0
3.1009433075E9	55.12467969062228
3.100962012E9	12.433621344414641
3.100979643E9	27.428355196770937
3.1009826315E9	60.0
3.100986095E9	58.57906545996657
3.100988659E9	36.2530248354914
3.1009913515E9	49.93517834168241
3.100994484E9	25.351842203200597
3.100999235E9	38.2733182531434
3.1010045095E9	55.49464415636833
3.101007663E9	43.41996173469388
3.101009454E9	7.5777777777777775
3.1010139635E9	0.0
3.10102777E9	0.0
3.101038557E9	58.61932259855636
3.1010399745E9	0.0
3.10104147E9	58.87429643527204
3.101043057E9	0.0
3.101044461E9	0.9798657718120806
3.101046252E9	40.34592445328032
3.101048543E9	56.33753715157844
3.101051444E9	59.7286012526096
3.101053714E9	0.0
3.101055658E9	0.0
3.1010593945E9	57.64749075093903
3.1010636115E9	59.58800981716902
3.101066684E9	0.0
3.101069485E9	0.0
3.10107171E9	59.13357400722022
3.1010747125E9	59.88953749438707
3.101082788E9	58.81928480204342
3.1010891985E9	59.93103448275862
3.101090371E9	0.0
3.101091454E9	0.0
3.1010926105E9	0.0
3.101093789E9	0.0
3.101094954E9	0.0
3.1010960955E9	0.0
3.1010976565E9	58.703976435935196
3.1010992105E9	7.0
3.1011004015E9	0.0
3.101103073E9	59.45106455074264
3.101108811E9	59.907458672783356
3.1011134185E9	23.07024242145453
3.1011171035E9	59.7026660391462
3.1011208445E9	0.0
3.1011223705E9	58.98614748449345
3.1011236055E9	56.32108549471662
3.101126918E9	0.0
3.101130602E9	31.164161849710982
3.1011321595E9	0.0
3.101133927E9	59.94055874777095
3.1011356635E9	57.7906976744186
3.1011368845E9	42.118852459016395
3.1011381815E9	0.0
3.10113931E9	59.890610756608936
3.1011404165E9	0.0
3.101141667E9	57.01473414477899
3.101143503E9	48.30129583357545
3.1011454715E9	58.5950744558992
3.101147397E9	59.2748846407383
3.1011501335E9	0.0
3.101157518E9	51.99879480734135
3.1011645045E9	57.462596764133984
3.1011668885E9	31.051148538119484
3.1011686545E9	48.00270513976555
3.1011709785E9	39.46333442946399
3.101173445E9	0.0
3.101205684E9	41.236765480978555
3.1012403025E9	52.46558448753463
3.1012453615E9	50.86043180653137
3.1012505225E9	57.49226038909409
3.1012614495E9	32.832914617215174
3.1012739195E9	47.28300328940837
3.101281912E9	57.663852289643835
3.1012871705E9	56.76041776005038
3.101295694E9	54.43525070147615
3.1013044905E9	56.07088063340587
3.1013083555E9	52.24959871589085
3.1013114625E9	45.63406623872385
3.101316135E9	52.9750703116211
3.1013198035E9	0.0
3.101320917E9	0.0
3.101322018E9	56.251028806584365
3.1013238925E9	36.86131673997783
3.101326703E9	34.85197618074611
3.1013294495E9	57.836651323360186
3.1013318685E9	23.85504745470233
3.1013343305E9	28.673742081118473
3.101336736E9	46.78431372549019
3.101339303E9	3.1824754193175244
3.101342702E9	47.882545316212656
3.101345195E9	58.879304347826086
3.1013472335E9	0.0
3.101349218E9	0.0
3.1013517465E9	54.86713890808569
3.101354867E9	0.0
3.1013568785E9	58.76349362119725
3.101370363E9	58.7420432805784
3.1013921985E9	59.54190410923763
3.1014090845E9	59.576212545278054
3.101423574E9	58.79998744259472
3.101436092E9	0.0
3.1014467775E9	0.0
3.10145676E9	58.099687377881985
3.1014665925E9	59.631426920855
3.101476343E9	59.053577304768005
3.1014858855E9	53.02879989345704
3.1014950245E9	0.0
3.101503724E9	59.57685715974233
3.1015121195E9	49.919638688992436
3.101520406E9	0.0
3.101528602E9	59.52932088488739
3.101536693E9	59.539233524530644
3.1015446345E9	59.133858886680365
3.1015524055E9	58.984953897197826
3.1015601115E9	0.0
3.101567702E9	58.49451836902237
3.1015751255E9	0.0
3.1015823905E9	59.32523450011439
3.101589504E9	59.836426549229316
3.101596546E9	0.0
3.101603554E9	0.0
3.1016105495E9	59.90470624110591
3.101617536E9	26.355594102341716
3.101624424E9	0.0
3.101631085E9	57.41524115435373
3.1016374705E9	58.98721331956502
3.1016435565E9	59.721748048167264
3.1016494765E9	0.0
3.1016553825E9	59.68318293198973
3.101661271E9	0.0
3.1016671275E9	0.0
3.101672916E9	0.0
3.101678576E9	0.0
3.101684071E9	0.0
3.1016894025E9	59.72762749210226
3.1016946505E9	59.11246782160996
3.1016998325E9	57.300394876240006
3.1017049205E9	0.0
3.101709929E9	0.0
3.101714835E9	56.950756727354175
3.1017196755E9	59.200187397516984
3.101724499E9	59.50028102805171
3.101729313E9	59.93128022397557
3.1017340725E9	59.62027988647961
3.1017387675E9	0.0
3.10174343E9	58.03163352630254
3.1017480095E9	0.0
3.101752486E9	58.18466916868027
3.1017569135E9	57.73430035914781
3.101761326E9	59.52971365670255
3.1017657265E9	59.383054565396215
3.101770102E9	0.0
3.101774441E9	0.0
3.1017787455E9	47.483300250280486
3.1017830115E9	59.877988720311386
3.1017872465E9	59.72451395365521
3.1017914715E9	56.16653753247345
3.1017956905E9	0.0
3.1017999035E9	59.48302078053725
3.1018041115E9	58.05780185258815
3.1018082655E9	0.0
3.101812367E9	57.644220335737536
3.101816459E9	0.0
3.101820484E9	56.891224771468
3.101824445E9	0.0
3.101828395E9	0.0
3.1018323325E9	52.19387281578792
3.101836262E9	56.301615663851635
3.1018401885E9	0.0
3.10184411E9	21.191077839312054
3.1018480235E9	0.0
3.1018519235E9	0.0
3.1018558145E9	57.6982345584772
3.101859689E9	0.0
3.1018635415E9	59.475836670021195
3.101867382E9	0.0
3.1018712145E9	58.95525940028558
3.1018750435E9	59.67605090628616
3.10187887E9	0.0
3.101882693E9	0.0
3.101886508E9	0.0
3.101890313E9	0.0
3.101894113E9	44.47317669428222
3.101897881E9	0.0
3.1019016E9	2.5622489959839356
3.1019052995E9	48.52807089138926
3.1019089945E9	0.0
3.1019126835E9	59.388552432361266
3.101916365E9	56.11096404826397
3.1019200355E9	0.0
3.101923674E9	37.5464237255282
3.101927286E9	57.734834058759525
3.1019308945E9	58.31019023172404
3.1019344895E9	55.07605751198166
3.101938072E9	59.44970546566252
3.101941634E9	0.0
3.1019451695E9	59.04180187058599
3.101948697E9	58.98871597952034
3.1019522085E9	0.0
3.101955703E9	0.0
3.1019591915E9	56.21890678637444
3.101962651E9	59.49183123877918
3.101966064E9	58.40075510665075
3.1019694465E9	55.68792263325378
3.101972819E9	0.0
3.101976185E9	59.27969897867766
3.101979541E9	56.23257575757576
3.1019828865E9	58.57751163145109
3.1019862165E9	59.709018668380615
3.1019895175E9	58.10630153121319
3.1019927975E9	59.96607677955561
3.1019960665E9	58.35013074336944
3.1019993255E9	58.58949445878245
3.102002581E9	58.812738853503184
3.102005831E9	59.9418562917235
3.1020090695E9	0.0
3.1020122965E9	0.0
3.1020155165E9	0.0
3.1020187305E9	58.68777678555156
3.1020219335E9	56.78481451519704
3.102025125E9	59.1578315319952
3.102028308E9	59.46035520186335
3.1020314845E9	48.20612582781457
3.102034659E9	0.0
3.1020378305E9	53.29897645002912
3.1020409985E9	0.0
3.102044163E9	0.0
3.102047316E9	53.31988827733509
3.102050456E9	58.07910173822291
3.1020535825E9	58.89895353704479
3.1020566935E9	56.50135927886679
3.102059793E9	55.57394681804601
3.102062879E9	59.665924276169264
3.102065945E9	0.0
3.102068997E9	0.0
3.10207203E9	33.69373345101501
3.1020750435E9	56.42466564090425
3.102078054E9	57.831594634873326
3.102081057E9	0.0
3.102084054E9	55.851462193729695
3.102087044E9	58.57851610012163
3.102090025E9	56.885182809493266
3.102092998E9	0.0
3.102095965E9	59.98812586582228
3.1020989315E9	0.0
3.1021018915E9	59.40130215318589
3.1021048445E9	59.31695126495265
3.1021077875E9	32.29388770433547
3.1021107135E9	56.38427755296358
3.10211362E9	53.333342934500834
3.102116511E9	59.511757544691484
3.102119394E9	59.67532003146678
3.1021222725E9	58.4582702763298
3.1021251475E9	55.74762012692656
3.1021280175E9	56.911106548963254
3.1021308845E9	0.0
3.10213375E9	59.67876545153925
3.1021366145E9	59.62617698037195
3.102139476E9	59.71473218738571
3.1021423325E9	43.178414848320216
3.1021451745E9	55.64343561081328
3.1021480035E9	0.0
3.1021508295E9	59.81178315851387
3.102153651E9	59.65149533892943
3.102156467E9	18.79312623925975
3.102159278E9	0.0
3.1021620835E9	0.0
3.10216488E9	0.0
3.102167667E9	59.438206801507846
3.1021704475E9	47.44269119720674
3.102173225E9	0.0
3.1021759985E9	0.0
3.102178768E9	0.0
3.102181536E9	51.69405400611892
3.102184301E9	50.54848032368383
3.102187055E9	57.673573477845075
3.1021897985E9	50.156560307162714
3.1021925375E9	52.38960555273405
3.10219527E9	34.1096444973635
3.1021979975E9	0.0
3.10220072E9	37.59325226922418
3.102203437E9	0.0
3.1022061485E9	59.788484136310224
3.1022088545E9	60.0
3.1022115525E9	0.0
3.102214244E9	59.58927464352139
3.1022169345E9	56.097299110887434
3.102219623E9	52.60735813760133
3.102222305E9	0.0
3.1022249775E9	53.14101139205335
3.1022276455E9	59.21465968586387
3.102230311E9	59.784818167381296
3.10223297E9	0.0
3.1022356195E9	0.0
3.1022382625E9	59.62059217378366
3.1022408995E9	59.59995534083066
3.1022435315E9	0.0
3.1022461615E9	56.37294860234446
3.102248787E9	0.0
3.1022514095E9	59.963426798182425
3.10225403E9	55.30609049632065
3.102256642E9	57.011149767363875
3.102259246E9	57.98755200644209
3.102261848E9	58.86761543974608
3.1022644475E9	0.0
3.102267045E9	0.0
3.1022696415E9	0.0
3.1022722365E9	51.572956191790276
3.1022748265E9	0.0
3.102277412E9	34.0
3.102279996E9	59.474260679079954
3.1022825765E9	58.355203143639045
3.10228515E9	55.02306948473546
3.102287719E9	56.17877041306436
3.102290279E9	0.0
3.1022928285E9	0.0
3.1022953765E9	56.27951842181607
3.1022979235E9	59.02207130730051
3.102300469E9	49.9379463295631
3.1023030085E9	0.0
3.102305542E9	58.37066944057547
3.1023080695E9	54.96646676239547
3.1023105915E9	40.36819075401103
3.10231311E9	59.649810489487834
3.102315624E9	0.0
3.102318134E9	59.71649484536083
3.1023206395E9	0.0
3.10232314E9	59.76486860304288
3.102325624E9	58.84538818845388
3.102328092E9	30.968553459119498
3.1023305565E9	0.0
3.102333018E9	59.31679544530297
3.102335476E9	59.73478408704522
3.1023379295E9	0.0
3.102340372E9	0.0
3.1023428065E9	59.58904109589041
3.1023452395E9	55.96401666596524
3.102347669E9	13.971953085160632
3.102350093E9	53.349040527524636
3.1023525135E9	59.14163808248975
3.1023549305E9	59.63272120200334
3.1023573395E9	59.10476808303601
3.102359743E9	0.0
3.1023621455E9	58.123937522702505
3.102364545E9	53.02364880170344
3.102366941E9	0.0
3.1023693355E9	58.45907230559345
3.1023717265E9	0.0
3.1023741115E9	55.39194537467925
3.102376493E9	60.0
3.1023788735E9	0.0
3.1023812475E9	0.0
3.1023836135E9	50.69903242233916
3.102385977E9	58.68905651848399
3.1023883325E9	0.0
3.102390676E9	59.49786507258753
3.102393013E9	0.0
3.1023953465E9	0.0
3.102397678E9	46.77609756097561
3.1024000085E9	0.0
3.102402335E9	0.0
3.102404656E9	56.5554078125392
3.1024069725E9	59.96569468267582
3.1024092835E9	58.64663607238722
3.1024115905E9	45.07059815991353
3.1024138915E9	0.0
3.102416183E9	59.665874363327674
3.102418466E9	58.455598455598455
3.1024207435E9	39.46393464697697
3.102423018E9	52.49461972037186
3.1024252855E9	59.95762711864407
3.1024275435E9	0.0
3.1024297965E9	58.733949328005814
3.102432045E9	0.0
3.102434287E9	60.0
3.102436518E9	51.54671137240492
3.1024387395E9	59.5819741452217
3.1024409585E9	0.0
3.102443175E9	0.0
3.102445389E9	59.921285667431945
3.102447597E9	58.00168906777834
3.1024497985E9	0.0
3.102451997E9	0.0
3.1024541925E9	52.98139843879754
3.102456381E9	0.0
3.102458562E9	59.97067448680352
3.10246074E9	59.58867362146051
3.102462917E9	56.336308393467526
3.102465094E9	59.30335769041108
3.1024672665E9	0.0
3.1024694305E9	56.199255702280915
3.102471588E9	0.0
3.1024737375E9	56.580485115766265
3.102475881E9	59.68701442841287
3.1024780205E9	59.48410870566559
3.1024801555E9	0.0
3.102482287E9	0.0
3.1024844155E9	49.75807600950119
3.102486542E9	58.39831401475237
3.102488667E9	0.0
3.1024907905E9	0.0
3.102492907E9	57.26193787668058
3.1024950155E9	0.0
3.1024971155E9	56.64987155534797
3.102499209E9	59.915502112447186
3.1025012995E9	0.0
3.1025033865E9	0.0
3.1025054725E9	59.96752661013891
3.1025075575E9	0.0
3.1025096395E9	0.0
3.102511719E9	17.178717598908595
3.1025137965E9	0.0
3.10251587E9	59.599555678978064
3.1025179385E9	59.95066803699897
3.102520002E9	59.64900251059579
3.10252206E9	59.58936718904979
3.102524114E9	59.94108405341712
3.1025261605E9	58.58805668016194
3.1025281985E9	59.64162690010429
3.102530234E9	36.37034821108053
3.1025322685E9	55.50369525740107
3.1025343015E9	40.30373323667995
3.102536332E9	0.0
3.102538359E9	0.0
3.102540382E9	52.02267927646681
3.1025424015E9	0.0
3.102544418E9	29.928057553956833
3.10254643E9	59.44835045970795
3.102548438E9	0.0
3.102550444E9	59.079479231246125
3.102552448E9	0.0
3.10255445E9	0.0
3.102556451E9	54.761646111572624
3.1025584515E9	0.0
3.1025604495E9	0.0
3.1025624435E9	57.92981421409614
3.102564432E9	60.0
3.102566415E9	21.680152671755724
3.102568394E9	50.67325447201385
3.102570368E9	59.48844884488449
3.1025723375E9	55.05270680721815
3.1025743025E9	59.50834288923732
3.102576264E9	59.9394168875426
3.1025782245E9	46.655733437459325
3.1025801845E9	58.78206446421387
3.1025821415E9	59.703215169002476
3.1025840945E9	52.288961463096015
3.102586044E9	59.63183125599233
3.1025879895E9	59.253996447602134
3.102589933E9	59.3952967525196
3.102591875E9	0.0
3.102593814E9	0.0
3.1025957495E9	57.48185371300949
3.102597681E9	59.1023243387657
3.1025996075E9	0.0
3.1026015315E9	59.784472769409035
3.102603455E9	56.703353658536585
3.102605377E9	0.0
3.1026072965E9	0.0
3.102609213E9	0.0
3.102611128E9	0.0
3.1026130425E9	59.25401441395878
3.1026149555E9	0.0
3.1026168665E9	51.43559837728195
3.102618775E9	60.0
3.1026206805E9	0.0
3.102622581E9	48.42783575010164
3.102624475E9	59.76879206699892
3.1026263655E9	0.0
3.1026282545E9	59.49636261891438
3.1026301425E9	0.0
3.102632029E9	59.131745553210735
3.102633912E9	57.30103806228374
3.102635792E9	53.033277664378055
3.10263767E9	0.0
3.1026395465E9	58.500249210832365
3.1026414225E9	59.97100748973182
3.1026432975E9	0.0
3.1026451705E9	55.519921919853026
3.102647041E9	59.927228623408126
3.1026489085E9	0.0
3.102650774E9	0.0
3.102652639E9	39.38608695652174
3.102654504E9	0.0
3.1026563675E9	0.0
3.1026582295E9	59.748803827751196
3.10266009E9	0.0
3.1026619475E9	54.47408666100255
3.1026638035E9	0.0
3.1026656585E9	59.21593030491599
3.1026675105E9	29.647239735506687
3.10266936E9	49.12505773672056
3.102671209E9	4.682539682539683
3.102673057E9	0.0
3.1026749E9	51.64620589656839
3.1026767365E9	39.54740352548833
3.102678564E9	42.7056880733945
3.102680382E9	36.573603044261965
3.102682195E9	50.381449759766035
3.1026840045E9	59.625325803649
3.1026858125E9	50.56921173957045
3.10268762E9	0.0
3.102689427E9	59.39167556029883
3.1026912315E9	0.0
3.102693033E9	58.68833333333333
3.1026948335E9	49.01525054466231
3.102696631E9	48.49967646515068
3.1026984255E9	60.0
3.1027002185E9	0.0
3.1027020085E9	0.0
3.1027037955E9	0.0
3.1027055795E9	0.0
3.1027073615E9	47.976404613268436
3.102709143E9	46.25036109773712
3.102710924E9	53.9378228049265
3.102712704E9	58.908424908424905
3.102714482E9	0.0
3.1027162525E9	0.9884615384615385
3.1027180155E9	55.653828088304365
3.102719774E9	53.20121782452256
3.102721526E9	45.24818633066056
3.102723274E9	53.260111576011155
3.1027250205E9	44.88199858256556
3.102726766E9	0.0
3.1027285105E9	29.697053589084437
3.1027302535E9	52.34314720812183
3.1027319945E9	0.0
3.1027337345E9	0.0
3.1027354725E9	38.75606936416185
3.102737208E9	55.7201025486352
3.1027389415E9	0.0
3.1027406735E9	0.0
3.1027424045E9	59.8774480355641
3.102744133E9	0.0
3.1027458575E9	0.0
3.1027475775E9	0.0
3.1027492945E9	59.68803119688031
3.1027510075E9	0.9391304347826087
3.1027527165E9	0.0
3.102754424E9	57.9741935483871
3.1027561305E9	60.0
3.102757836E9	0.0
3.1027595405E9	55.28327818783406
3.102761242E9	0.0
3.1027629405E9	59.9591280653951
3.102764638E9	47.96814840742037
3.102766335E9	59.800778055851524
3.102768031E9	59.424083769633505
3.102769726E9	0.0
3.10277142E9	59.97232153154192
3.10277311E9	0.0
3.1027747965E9	48.86355366889023
3.1027764795E9	0.0
3.102778159E9	34.70048143053645
3.102779838E9	49.98122448979592
3.1027815165E9	57.671573547451764
3.1027831925E9	13.69109947643979
3.1027848665E9	0.0
3.102786539E9	0.0
3.102788209E9	0.0
3.102789876E9	51.324385633270325
3.10279154E9	24.2591389114541
3.1027932E9	56.45884553714591
3.102794855E9	0.0
3.1027965075E9	0.0
3.1027981585E9	0.0
3.102799808E9	39.823383963263865
3.102801457E9	0.0
3.1028031015E9	59.72003499562555
3.1028047405E9	0.0
3.1028063775E9	59.97063861022755
3.1028080115E9	59.956331877729255
3.102809643E9	0.0
3.1028112735E9	0.0
3.102812902E9	0.0
3.1028145275E9	51.27893518518518
3.102816148E9	49.80051813471503
3.1028177645E9	59.53132790427123
3.10281938E9	0.0
3.102820993E9	53.31103678929766
3.102822604E9	0.0
3.1028242125E9	0.0
3.102825818E9	58.113465481886536
3.102827423E9	0.0
3.1028290255E9	46.810810810810814
3.1028306245E9	9.0
3.1028322225E9	54.05237165499024
3.10283382E9	56.412049861495845
3.1028354165E9	53.050814332247555
3.102837012E9	0.0
3.1028386055E9	0.0
3.102840196E9	0.0
3.102841783E9	0.0
3.102843365E9	0.0
3.1028449435E9	0.0
3.102846521E9	0.0
3.102848098E9	0.0
3.102849675E9	60.0
3.1028512515E9	0.0
3.102852827E9	0.0
3.1028544015E9	59.4541867601929
3.1028559745E9	54.84350572695658
3.102857546E9	0.0
3.102859113E9	0.0
3.102860675E9	0.0
3.102862236E9	58.60635448001317
3.1028637965E9	57.684967633660996
3.1028653565E9	58.93222818137494
3.1028669135E9	59.55614769699277
3.1028684665E9	55.62496043051598
3.1028700165E9	59.22027290448343
3.1028715635E9	0.0
3.102873107E9	57.6198347107438
3.1028746455E9	60.0
3.10287618E9	46.599374021909235
3.1028777125E9	53.87000879507476
3.1028792445E9	0.0
3.1028807755E9	0.0
3.102882304E9	36.48402727925341
3.1028838305E9	60.0
3.1028853555E9	0.0
3.102886879E9	55.36350979839278
3.102888402E9	0.0
3.1028899245E9	25.223880597014926
3.1028914465E9	59.62352941176471
3.102892967E9	59.61292719167905
3.102894483E9	0.0
3.1028959935E9	0.0
3.1028975015E9	0.0
3.102899008E9	0.0
3.102900512E9	0.0
3.1029020115E9	58.88775510204081
3.102903505E9	57.623266438244414
3.1029049955E9	55.68650635930047
3.1029064855E9	59.52422907488987
3.102907974E9	58.74458874458875
3.1029094605E9	0.0
3.102910946E9	51.89553819674302
3.1029124305E9	42.07242113804646
3.102913914E9	56.335149863760215
3.102915395E9	0.0
3.102916874E9	0.0
3.1029183515E9	59.890310786106035
3.102919827E9	40.67172184205659
3.1029213005E9	0.0
3.102922771E9	53.491542798564836
3.1029242395E9	58.804554079696395
3.102925707E9	0.0
3.102927173E9	55.41213984739779
3.1029286375E9	56.31633714880333
3.102930101E9	0.0
3.102931564E9	0.0
3.102933025E9	55.047758398688984
3.102934484E9	59.86516853932584
3.1029359425E9	51.042121684867396
3.1029374005E9	56.24157955865273
3.1029388565E9	56.26904908605463
3.102940308E9	0.0
3.102941757E9	0.0
3.1029432055E9	41.73940692610769
3.1029446525E9	0.0
3.1029460965E9	59.744990892531874
3.102947538E9	59.62867457452295
3.1029489785E9	53.752013485671476
3.102950418E9	0.0
3.102951856E9	0.0
3.1029532925E9	59.93263473053892
3.102954725E9	52.976377952755904
3.102956154E9	0.0
3.102957582E9	0.0
3.1029590085E9	0.0
3.102960434E9	59.10952804986643
3.1029618585E9	0.0
3.1029632825E9	0.0
3.102964706E9	0.0
3.102966129E9	0.0
3.102967552E9	51.232342724816675
3.1029689705E9	0.0
3.1029703845E9	0.0
3.102971798E9	2.9069767441860463
3.102973211E9	0.0
3.1029746225E9	0.0
3.102976032E9	0.0
3.102977441E9	0.0
3.1029788485E9	0.0
3.102980254E9	56.89242123190463
3.102981659E9	58.90487859211406
3.1029830635E9	0.0
3.1029844675E9	41.2713567839196
3.1029858705E9	29.28505595786702
3.1029872725E9	48.43993917891536
3.1029886745E9	58.696701528559935
3.1029900765E9	0.0
3.1029914775E9	58.14810426540284
3.1029928765E9	59.52212389380531
3.1029942735E9	51.408
3.102995669E9	0.0
3.1029970635E9	56.66615289765721
3.102998457E9	0.0
3.102999849E9	0.0
3.103001239E9	36.45985401459854
3.103002628E9	59.80211081794195
3.1030040165E9	57.64953957026558
3.103005404E9	0.0
3.1030067895E9	50.84633278598796
3.103008172E9	59.925
3.103009553E9	47.58762886597938
3.103010933E9	54.05544147843943
3.103012311E9	59.04761904761905
3.1030136875E9	58.58156028368794
3.1030150635E9	59.17371070377054
3.103016439E9	44.89756097560976
3.1030178135E9	34.78265479219678
3.1030191865E9	59.59103512014787
3.103020558E9	53.65382335506817
3.1030219285E9	0.0
3.1030232985E9	36.05218317358892
3.1030246665E9	0.0
3.103026031E9	0.0
3.1030273925E9	0.0
3.1030287505E9	0.0
3.103030106E9	40.93427620632279
3.103031461E9	0.0
3.1030328145E9	47.19393269466961
3.103034163E9	58.01972327645459
3.1030355075E9	0.0
3.1030368515E9	0.0
3.1030381945E9	59.95529061102832
3.1030395365E9	59.25057354065766
3.1030408755E9	60.0
3.1030422105E9	0.0
3.1030435445E9	0.0
3.103044878E9	36.41683456458473
3.1030462105E9	53.685021114515195
3.1030475405E9	58.73833312254964
3.1030488685E9	0.0
3.1030501965E9	58.25227817745803
3.103051524E9	59.933603836222794
3.10305285E9	59.23699421965318
3.1030541735E9	58.18456883509833
3.1030554945E9	17.83058823529412
3.103056814E9	59.954819277108435
3.1030581325E9	0.0
3.103059449E9	60.0
3.1030607635E9	0.0
3.103062077E9	44.92917423352206
3.10306339E9	53.65479651162791
3.1030647025E9	0.0
3.1030660135E9	54.114766641162966
3.103067323E9	60.0
3.103068632E9	59.34761441090555
3.10306994E9	55.532459016393446
3.103071247E9	41.27214022140221
3.103072553E9	0.0
3.1030738575E9	0.0
3.103075161E9	59.5141065830721
3.1030764635E9	59.51915240423798
3.1030777655E9	0.0
3.103079067E9	59.83706937862733
3.103080368E9	59.19327731092437
3.1030816685E9	59.41784433663784
3.103082968E9	55.76803693965241
3.103084266E9	49.75094625283876
3.103085562E9	0.0
3.1030868565E9	0.0
3.10308815E9	58.97487437185929
3.103089442E9	0.0
3.103090733E9	57.37278106508876
3.103092023E9	0.0
3.1030933115E9	0.0
3.1030945995E9	38.74481614597733
3.103095887E9	0.0
3.103097174E9	51.445427728613566
3.103098461E9	0.0
3.1030997475E9	0.0
3.103101032E9	0.0
3.103102314E9	33.42899262899263
3.103103593E9	59.43573667711599
3.1031048685E9	0.0
3.1031061405E9	0.0
3.103107409E9	55.39346590909091
3.1031086755E9	59.770992366412216
3.1031099385E9	0.0
3.103111198E9	51.52131147540984
3.1031124565E9	0.0
3.1031137145E9	0.0
3.1031149725E9	59.9069235793599
3.1031162295E9	0.0
3.103117485E9	0.0
3.1031187395E9	58.06998223801066
3.1031199935E9	0.0
3.103121247E9	0.0
3.1031224985E9	0.0
3.103123748E9	59.965210668728254
3.1031249965E9	0.0
3.1031262445E9	0.0
3.103127492E9	42.78755555555556
3.1031287365E9	39.224057602710715
3.1031299785E9	44.14448398576513
3.10313122E9	47.92638997650744
3.103132461E9	0.0
3.103133702E9	0.0
3.103134942E9	56.25137362637363
3.1031361805E9	0.0
3.103137418E9	0.0
3.1031386545E9	0.0
3.10313989E9	0.0
3.1031411245E9	0.0
3.1031423585E9	0.0
3.1031435925E9	60.0
3.103144826E9	39.20134983127109
3.1031460585E9	0.9635627530364372
3.1031472905E9	39.50317537860283
3.103148522E9	0.0
3.1031497525E9	41.06283796382622
3.1031509815E9	2.989795918367347
3.103152209E9	59.70501474926254
3.103153436E9	59.820414903498815
3.1031546625E9	51.31026252983293
3.1031558875E9	0.0
3.1031571115E9	44.256
3.1031583335E9	0.0
3.1031595535E9	0.0
3.103160773E9	44.43840579710145
3.103161991E9	58.35334476843911
3.1031632075E9	28.78843626806833
3.103164423E9	0.0
3.1031656375E9	21.310104529616726
3.1031668515E9	57.6488451116177
3.1031680655E9	57.23202170963365
3.103169279E9	0.0
3.1031704915E9	59.744680851063826
3.103171702E9	45.57515942909201
3.1031729105E9	47.48376297288249
3.103174118E9	53.48666053357866
3.103175325E9	15.150922909880565
3.103176532E9	0.0
3.1031777385E9	18.6984126984127
3.1031789445E9	0.0
3.10318015E9	0.0
3.103181355E9	0.0
3.1031825595E9	57.66143216080402
3.1031837635E9	59.94606256742179
3.1031849675E9	53.042391304347824
3.103186171E9	39.82039397450753
3.103187373E9	39.307140122511484
3.103188574E9	0.0
3.1031897745E9	59.902577633448345
3.1031909745E9	0.0
3.103192174E9	0.0
3.1031933725E9	0.0
3.10319457E9	54.21100537856847
3.1031957665E9	0.0
3.103196962E9	0.0
3.1031981565E9	58.853503184713375
3.1031993505E9	0.0
3.103200543E9	59.96797267001174
3.103201733E9	47.121396210873144
3.1032029205E9	0.0
3.1032041065E9	58.611111111111114
3.1032052915E9	28.106983655274888
3.103206475E9	45.70322580645161
3.103207658E9	0.0
3.1032088405E9	0.0
3.103210022E9	0.0
3.103211203E9	1.276621458305358
3.103212384E9	51.53054530545305
3.103213565E9	0.0
3.103214745E9	0.0
3.1032159235E9	59.16888652104422
3.1032171015E9	0.0
3.103218279E9	0.0
3.103219456E9	0.0
3.10322063E9	58.838304552590266
3.103221801E9	0.0
3.103222972E9	48.603066439523
3.1032241425E9	0.0
3.1032253125E9	52.921012503812136
3.103226481E9	0.0
3.103227648E9	16.704068241469816
3.103228815E9	0.0
3.103229981E9	0.0
3.103231146E9	15.0
3.1032323095E9	0.0
3.103233469E9	57.587589823266654
3.1032346255E9	0.0
3.1032357815E9	56.71948003014318
3.1032369365E9	59.72450836004505
3.1032380905E9	0.0
3.103239243E9	0.0
3.103240394E9	0.0
3.1032415445E9	11.796246648793566
3.1032426945E9	60.0
3.103243843E9	18.40251572327044
3.10324499E9	48.32142857142857
3.1032461365E9	0.0
3.1032472815E9	39.106849315068494
3.1032484255E9	21.319652341863833
3.103249569E9	0.0
3.1032507115E9	31.889577464788733
3.103251853E9	0.0
3.103252994E9	0.0
3.1032541345E9	0.0
3.1032552735E9	51.378326263015815
3.1032564095E9	55.41596958174905
3.1032575435E9	43.29164743885556
3.1032586765E9	59.446792162888975
3.103259808E9	0.0
3.103260939E9	0.0
3.1032620695E9	0.0
3.103263198E9	0.0
3.1032643245E9	59.26890756302521
3.1032654495E9	59.19650655021834
3.1032665725E9	0.0
3.1032676945E9	0.0
3.103268816E9	31.237544483985765
3.103269936E9	0.0
3.103271055E9	0.0
3.103272174E9	0.0
3.103273293E9	58.91891891891892
3.1032744115E9	30.066069428891378
3.1032755285E9	59.776119402985074
3.1032766445E9	11.748081841432224
3.10327776E9	0.0
3.103278875E9	54.07084540426653
3.10327999E9	60.0
3.1032811045E9	27.035862068965518
3.103282218E9	0.0
3.103283331E9	59.30861723446894
3.1032844425E9	59.45004582951421
3.1032855525E9	59.27051671732523
3.103286662E9	40.671827565270185
3.1032877705E9	40.614326434502416
3.103288878E9	60.0
3.103289985E9	0.0
3.103291092E9	41.34188034188034
3.103292199E9	0.0
3.1032933055E9	0.0
3.10329441E9	51.39673913043478
3.103295513E9	54.38810006761325
3.103296616E9	44.89133247089263
3.1032977175E9	44.52894356005789
3.103298817E9	0.0
3.1032999155E9	55.3728362183755
3.103301013E9	0.0
3.1033021095E9	2.9842105263157896
3.1033032055E9	58.21011673151751
3.1033043005E9	54.97792869269949
3.103305394E9	0.0
3.1033064855E9	30.871252204585538
3.1033075745E9	43.89350237717908
3.103308662E9	57.27475800446761
3.1033097485E9	0.0
3.103310834E9	0.0
3.1033119185E9	0.0
3.1033130025E9	0.0
3.1033140865E9	0.0
3.1033151705E9	0.0
3.103316254E9	59.737184799337044
3.103317337E9	0.0
3.1033184195E9	0.0
3.1033195015E9	60.0
3.103320583E9	47.34108527131783
3.103321664E9	58.60160233066278
3.103322744E9	55.91460674157303
3.1033238215E9	53.867729306487696
3.1033248965E9	41.556181754138784
3.10332597E9	7.9722019019751285
3.103327043E9	0.0
3.103328115E9	59.62563811684628
3.103329185E9	57.25452812202097
3.103330253E9	0.0
3.10333132E9	0.0
3.103332387E9	58.68302130406714
3.1033334535E9	23.834146341463416
3.103334519E9	0.0
3.103335584E9	0.0
3.103336649E9	0.0
3.103337714E9	0.0
3.103338779E9	3.8815789473684212
3.1033398435E9	58.396875
3.1033409075E9	4.889960294951787
3.1033419715E9	0.0
3.103343035E9	0.0
3.1033440975E9	0.0
3.1033451595E9	49.10484780157835
3.1033462215E9	56.238240488039814
3.103347283E9	59.95888533576976
3.1033483435E9	0.0
3.103349402E9	58.66039603960396
3.103350459E9	0.0
3.1033515155E9	1.9175257731958764
3.103352571E9	0.0
3.103353626E9	59.81132075471698
3.103354681E9	51.7131224474265
3.103355736E9	0.0
3.1033567905E9	59.96103896103896
3.103357843E9	50.0096445301736
3.1033588935E9	0.9648562300319489
3.1033599435E9	0.0
3.103360993E9	59.869565217391305
3.1033620415E9	34.95546349041947
3.103363089E9	0.0
3.1033641355E9	0.0
3.1033651815E9	0.0
3.1033662275E9	57.916666666666664
3.103367273E9	0.0
3.103368318E9	0.0
3.103369363E9	59.09051537462105
3.1033704075E9	0.0
3.1033714505E9	0.0
3.103372492E9	0.0
3.103373532E9	0.0
3.103374571E9	59.85521235521235
3.1033756095E9	0.0
3.1033766465E9	0.0
3.1033776825E9	0.0
3.103378718E9	58.34186284544524
3.103379753E9	55.666666666666664
3.103380787E9	0.0
3.1033818195E9	32.04714640198511
3.103382851E9	0.0
3.103383882E9	41.46758922068463
3.103384913E9	0.0
3.103385942E9	37.79368817710787
3.103386969E9	0.0
3.1033879955E9	0.0
3.1033890215E9	0.0
3.1033900465E9	0.0
3.1033910705E9	0.0
3.1033920935E9	50.28860190903986
3.1033931155E9	48.50544662309368
3.103394137E9	43.666507519694434
3.1033951575E9	0.0
3.103396177E9	0.0
3.1033971955E9	0.0
3.1033982135E9	47.575221238938056
3.1033992315E9	59.15401301518438
3.1034002485E9	0.0
3.1034012615E9	59.934994582881906
3.1034022715E9	59.855653568564556
3.103403281E9	1.0
3.1034042895E9	0.0
3.103405297E9	0.0
3.1034063035E9	0.0
3.103407309E9	0.0
3.103408314E9	0.0
3.1034093185E9	0.0
3.1034103225E9	0.0
3.103411326E9	0.0
3.103412329E9	0.0
3.103413332E9	58.9934753406256
3.103414335E9	31.044123886296138
3.1034153375E9	58.74295377677565
3.1034163395E9	7.912854030501089
3.1034173405E9	0.0
3.1034183405E9	1.0
3.1034230195E9	53.521801108722705
3.1034311645E9	58.06312068309131
3.1034385535E9	0.0
3.103444272E9	4.308953755329616
3.103448588E9	56.1510732181587
3.103452529E9	16.59122889305816
3.1034563265E9	58.92395772798692
3.103460075E9	48.95281510607959
3.1034637975E9	47.448490533856386
3.103467461E9	57.74360760816554
3.103471038E9	58.274319050094476
3.1034745565E9	42.182390682649995
3.10347799E9	54.14366073939811
3.1034813295E9	59.46817972703573
3.103484605E9	57.97032408430612
3.1034878305E9	56.649572054832646
3.1034910465E9	50.86183021353512
3.1034942485E9	56.118838862559244
3.1034973905E9	55.448662640207075
3.10350048E9	57.587803173969455
3.1035035475E9	59.35027801223428
3.103506574E9	59.05164643672636
3.1035095785E9	56.660774222421125
3.10351256E9	56.493172507965404
3.1035155065E9	49.766633455109044
3.10351844E9	49.697308111119554
3.10352132E9	23.979820466786354
3.1035241305E9	52.429206870594676
3.103526902E9	0.0
3.103529649E9	45.023816985271075
3.103532388E9	40.647014712183974
3.1035351035E9	56.445960551202376
3.103537785E9	0.998098515030786
3.1035404345E9	51.64356485439823
3.1035429975E9	59.853980216674515
3.103545488E9	20.21893413857831
3.1035479665E9	58.306121560431905
3.1035504075E9	58.38546865582696
3.103552812E9	20.289010811683074
3.1035551875E9	57.70032639738882
3.103557535E9	51.496954151971785
3.1035598595E9	56.73985258313044
3.1035621585E9	50.317074789302545
3.103564445E9	56.92984615384616
3.103566722E9	5.270919324577861
3.103568983E9	55.3669183577159
3.103571211E9	54.74677993970951
3.1035734005E9	59.11530094271211
3.103575568E9	0.0
3.103577725E9	34.80408952749378
3.103579877E9	58.87550200803213
3.103582016E9	29.9079754601227
3.1035841385E9	49.88813051439987
3.103586253E9	54.176493866244556
3.1035883585E9	38.81123692131288
3.1035904405E9	58.21200192030725
3.1035925065E9	46.58984021706361
3.103594569E9	0.0
3.103596622E9	4.485533453887884
3.1035986655E9	60.0
3.1036007005E9	27.36181520850368
3.1036027275E9	45.44135657089025
3.10360474E9	0.0
3.1036067365E9	17.0932436563742
3.103608723E9	0.0
3.103610703E9	0.0
3.103612671E9	51.29662652817355
3.103614626E9	56.29654867815004
3.1036165745E9	0.0
3.1036185145E9	45.5432600029529
3.1036204485E9	57.44609164420485
3.1036223555E9	21.6677304964539
3.1036242355E9	44.6996176952485
3.1036261095E9	54.49589041095891
3.103627955E9	38.14943960149439
3.103629772E9	42.19539316918189
3.103631583E9	39.14726426076834
3.1036333895E9	58.705701078582436
3.10363519E9	52.83295440947708
3.103636984E9	0.0
3.10363877E9	58.93543617545589
3.1036405435E9	50.82430795847751
3.1036423085E9	32.30733944954128
3.103644062E9	10.723270440251572
3.103645804E9	0.0
3.103647529E9	59.40767824497258
3.1036492365E9	60.0
3.10365094E9	50.754120879120876
3.103652635E9	57.137360628769876
3.1036543025E9	0.0
3.103655946E9	56.85903295645898
3.103657586E9	0.0
3.1036592235E9	59.56052685980922
3.1036608575E9	23.806366047745357
3.103662488E9	10.158256880733944
3.103664114E9	52.12131996117761
3.1036657365E9	51.508858576356225
3.1036673585E9	13.672435105067985
3.103668979E9	58.7491013659238
3.1036705915E9	0.0
3.103672191E9	0.0
3.1036737835E9	51.97284415872312
3.1036753585E9	3.9238095238095236
3.10367691E9	48.45649961080175
3.1036784535E9	52.7398490837226
3.1036799945E9	56.89135206321335
3.103681529E9	58.42829076620825
3.1036830525E9	58.95242252291576
3.103684569E9	0.0
3.103686083E9	0.0
3.103687593E9	48.00674252001686
3.1036890985E9	54.60561287659926
3.1036906E9	33.344948772933044
3.103692097E9	34.04455696202532
3.103693592E9	0.0
3.1036950855E9	0.0
3.1036965775E9	54.997255740748216
3.103698068E9	0.0
3.103699555E9	54.73105134474328
3.103701039E9	48.241281809613575
3.103702517E9	58.46678023850085
3.1037039885E9	0.0
3.103705455E9	55.635033329389024
3.1037069165E9	39.332623169107855
3.1037083755E9	0.0
3.1037098325E9	0.9842931937172775
3.103711287E9	0.0
3.103712735E9	3.9554006968641113
3.103714177E9	31.700934579439252
3.1037156105E9	0.0
3.103717036E9	54.41438671995081
3.1037184575E9	56.06209177346011
3.103719873E9	0.0
3.103721286E9	0.0
3.1037226985E9	58.77243775332947
3.103724108E9	0.0
3.1037255145E9	48.02450359104351
3.1037269155E9	58.640834575260804
3.1037283085E9	58.48684210526316
3.1037296945E9	46.34696029050018
3.1037310735E9	0.0
3.103732449E9	19.827332843497427
3.103733822E9	48.769673704414586
3.103735191E9	0.0
3.1037365565E9	59.18114143920595
3.1037379165E9	48.15837937384899
3.103739272E9	9.92
3.1037406255E9	25.95184275184275
3.1037419765E9	0.0
3.1037433245E9	3.7141104294478526
3.10374467E9	54.319839857651246
3.1037460125E9	53.88030888030888
3.1037473475E9	0.0
3.103748677E9	0.0
3.1037500035E9	38.658857979502194
3.1037513235E9	39.89728096676737
3.103752635E9	58.90510948905109
3.1037539405E9	23.22714285714286
3.1037552445E9	44.100842778262134
3.103756548E9	14.308437067773168
3.10375785E9	0.9915966386554622
3.1037591505E9	59.833359784161246
3.103760449E9	22.175869894099847
3.1037617455E9	0.0
3.1037630385E9	59.15953042590597
3.1037643255E9	0.0
3.1037656085E9	58.24267782426778
3.10376689E9	57.73109243697479
3.1037681705E9	0.0
3.10376945E9	0.0
3.1037707255E9	57.365795724465556
3.103771995E9	0.0
3.103773262E9	0.0
3.1037745285E9	0.0
3.1037757935E9	0.0
3.1037770575E9	19.369635193133046
3.1037783215E9	13.132530120481928
3.103779585E9	0.0
3.103780841E9	22.492039034411917
3.1037820855E9	2.0
3.103783325E9	55.37383078231292
3.103784562E9	49.29458737739434
3.103785797E9	58.091504734551
3.103787031E9	0.0
3.1037882635E9	59.863169897377425
3.1037894945E9	33.21014799154334
3.1037907225E9	28.916824196597354
3.103791947E9	1.0
3.1037931655E9	21.67
3.103794379E9	0.0
3.103795591E9	45.681528662420384
3.103796801E9	0.9797687861271677
3.1037980065E9	0.0
3.103799207E9	51.549283154121866
3.103800405E9	51.46735074626866
3.1038016E9	42.8492739108663
3.103802792E9	0.0
3.103803981E9	31.746835443037973
3.1038051675E9	16.253940455341507
3.1038063525E9	0.0
3.1038075365E9	7.739829706717124
3.1038087195E9	0.0
3.1038099E9	0.0
3.103811076E9	0.0
3.103812247E9	0.0
3.103813415E9	3.5473887814313345
3.1038145815E9	43.80352209944751
3.103815747E9	0.0
3.1038169115E9	0.0
3.103818075E9	0.0
3.1038192355E9	58.32668291197076
3.1038203935E9	0.0
3.103821551E9	0.0
3.103822708E9	35.35600425079702
3.103823865E9	52.53640059127864
3.103825021E9	0.0
3.1038261755E9	0.9718468468468469
3.103827327E9	60.0
3.1038284755E9	0.9956896551724138
3.1038296235E9	0.0
3.1038307705E9	11.014897579143389
3.1038319155E9	0.0
3.1038330575E9	58.94845360824742
3.1038341955E9	0.0
3.1038353305E9	0.0
3.103836464E9	43.34038662486938
3.103837595E9	47.24683143219265
3.103838723E9	0.9934036939313984
3.10383985E9	59.70420932878271
3.1038409725E9	48.0801462987994
3.1038420865E9	59.89949748743719
3.1038431935E9	59.38706015891033
3.1038442975E9	55.22461124976003
3.1038454E9	59.52468007312614
3.1038464995E9	7.0
3.1038475965E9	0.0
3.1038486915E9	60.0
3.103849784E9	59.73684210526316
3.103850874E9	58.61495844875346
3.1038519615E9	59.94328922495274
3.103853047E9	0.0
3.1038541315E9	52.09061224489796
3.103855215E9	45.17527339003645
3.103856298E9	56.32394366197183
3.103857379E9	0.0
3.1038584565E9	0.0
3.103859529E9	60.0
3.1038605975E9	0.0
3.103861665E9	0.0
3.103862732E9	0.0
3.103863799E9	36.72954977805961
3.103864864E9	27.92222222222222
3.1038659265E9	28.44227353463588
3.103866987E9	16.637753288304303
3.1038680455E9	35.39392478302796
3.1038691035E9	43.75553857906799
3.10387016E9	0.0
3.1038712145E9	0.0
3.1038722685E9	0.0
3.103873322E9	0.0
3.103874375E9	0.0
3.1038754275E9	40.369533791109504
3.103876479E9	28.0
3.103877529E9	34.4595041322314
3.103878577E9	0.0
3.1038796225E9	16.755395683453237
3.103880666E9	60.0
3.103881709E9	48.366924524357096
3.1038827515E9	35.170865279299015
3.1038837935E9	3.6238297872340426
3.103884835E9	0.0
3.1038858755E9	52.06593770709079
3.103886915E9	43.851150202976996
3.1038879535E9	26.0
3.103888991E9	0.0
3.103890028E9	0.0
3.103891064E9	46.952618453865334
3.103892095E9	60.0
3.103893119E9	0.0
3.10389414E9	57.039615021053535
3.10389516E9	32.911583421891606
3.103896179E9	41.707054388799136
3.1038971965E9	0.0
3.1038982115E9	0.0
3.103899225E9	0.0
3.103900236E9	0.9899799599198397
3.1039012445E9	0.0
3.103902252E9	0.0
3.1039032575E9	0.0
3.1039042615E9	40.0
3.103905265E9	49.64046167247387
3.103906267E9	48.65487884741323
3.1039072675E9	0.0
3.1039082675E9	36.94769711163154
3.1039092675E9	0.0
3.103918732E9	58.250658996766695
3.103932571E9	0.0
3.103941472E9	58.10515597866147
3.1039494115E9	0.0
3.1039572085E9	0.0
3.103963938E9	0.0
3.1039695055E9	59.62207683741648
3.103974766E9	0.0
3.1039797995E9	59.79999176920861
3.103984567E9	0.0
3.1039891115E9	0.0
3.1039934845E9	0.0
3.103997683E9	59.52728127939793
3.104001684E9	0.0
3.104005458E9	34.497194034992035
3.104009178E9	0.0
3.1040128475E9	0.0
3.104016433E9	59.84998660594696
3.104019926E9	59.71321804119232
3.104023359E9	0.0
3.104026758E9	0.0
3.1040301305E9	0.0
3.104033452E9	0.0
3.104036731E9	27.26165588186494
3.1040399985E9	0.0
3.104043259E9	58.68966223132037
3.1040464995E9	0.0
3.104049674E9	59.439726111520514
3.1040527925E9	0.0
3.1040558995E9	0.0
3.104058987E9	0.0
3.104062054E9	0.0
3.104065115E9	57.990867579908674
3.1040681395E9	0.0
3.1040711275E9	53.74589861373144
3.1040740845E9	0.0
3.1040770095E9	45.43655913978495
3.104079908E9	59.026618365096866
3.104082775E9	59.947361317316776
3.1040856295E9	59.983108108108105
3.104088461E9	49.71526408825462
3.10409126E9	59.54518026851712
3.1040940205E9	0.0
3.1040967325E9	0.0
3.1040994055E9	59.581516245487364
3.104102056E9	0.0
3.1041046865E9	0.0
3.104107298E9	59.548010946733825
3.104109892E9	52.56515460414543
3.1041124505E9	59.76157014780713
3.1041149735E9	0.0
3.1041174795E9	0.0
3.10411997E9	58.0921052631579
3.1041224495E9	0.0
3.104124925E9	0.0
3.104127395E9	59.84128539237778
3.1041298495E9	51.999213724088634
3.1041322855E9	59.11574246371418
3.104134709E9	56.376891334250345
3.1041371215E9	42.335121515077624
3.104139523E9	26.73599116877027
3.1041418965E9	53.31392214630477
3.104144241E9	18.955507756715576
3.1041465705E9	51.1045871559633
3.104148885E9	55.938448201127
3.1041511915E9	0.0
3.1041534905E9	59.3395228581502
3.104155772E9	0.0
3.10415804E9	59.58771713687323
3.1041603025E9	59.374881606364845
3.1041625525E9	0.0
3.1041647915E9	54.134954657873045
3.1041670245E9	56.605458177600205
3.104169246E9	57.626875199489305
3.104171456E9	24.780835881753312
3.104173654E9	23.92940213777937
3.104175845E9	53.78748456936663
3.1041780355E9	0.0
3.1041802225E9	54.994253406247104
3.1041823975E9	34.95539341820152
3.104184563E9	44.28028570888683
3.1041867265E9	55.92562992562993
3.1041888805E9	0.0
3.1041910115E9	0.0
3.1041931255E9	0.0
3.1041952355E9	0.0
3.1041973425E9	42.554364232550874
3.1041994485E9	41.16890972327234
3.1042015545E9	47.98170986622073
3.104203656E9	57.715240083507304
3.104205745E9	54.53490782557193
3.1042078145E9	59.974171330176496
3.104209871E9	59.94150906609475
3.1042119255E9	0.0
3.104213971E9	59.418282548476455
3.1042160055E9	0.0
3.1042180375E9	47.80365806200545
3.1042200635E9	0.0
3.1042220825E9	0.0
3.1042240985E9	60.0
3.104226106E9	0.0
3.104228107E9	0.0
3.104230103E9	59.59959217721754
3.1042320935E9	49.55212831585441
3.10423408E9	6.087209302325581
3.104236062E9	55.394234845273424
3.104238043E9	51.253793103448274
3.104240023E9	0.0
3.104241994E9	59.198951007271425
3.1042439415E9	0.0
3.104245872E9	6.826517967781908
3.104247777E9	52.885333333333335
3.1042496545E9	53.61731678486998
3.104251516E9	0.0
3.104253365E9	0.9508928571428571
3.104255206E9	59.738134206219314
3.1042570385E9	55.52955323281842
3.1042588675E9	51.20964224220394
3.1042606875E9	17.879847690582373
3.1042625015E9	58.67173524150268
3.104264304E9	57.63670929830626
3.104266094E9	34.468739145536645
3.1042678815E9	0.0
3.1042696635E9	0.0
3.1042714405E9	0.0
3.1042732095E9	59.58620689655172
3.1042749695E9	0.0
3.104276727E9	0.0
3.1042784825E9	0.0
3.1042802355E9	59.775439214477565
3.104281987E9	44.62192305426265
3.104283737E9	0.9855907780979827
3.1042854805E9	0.0
3.104287214E9	30.221687180196376
3.1042889415E9	56.48418810421104
3.1042906625E9	45.019955654102
3.1042923765E9	58.96168108776267
3.104294088E9	39.5703907661672
3.104295795E9	59.29429243531014
3.1042974975E9	0.0
3.104299198E9	2.928759894459103
3.1043008905E9	53.85485872470409
3.1043025755E9	30.90484196368527
3.1043042575E9	59.522986519184236
3.1043059365E9	45.75181907571288
3.1043076145E9	59.153936545240896
3.104309292E9	59.665075641129356
3.1043109685E9	60.0
3.1043126425E9	39.5509720550927
3.104314313E9	58.064516129032256
3.1043159815E9	47.48869475847893
3.104317647E9	0.0
3.1043193085E9	0.0
3.1043209685E9	59.81909547738694
3.1043226275E9	51.595610242766874
3.1043242845E9	0.0
3.1043259405E9	54.78940217391305
3.1043275945E9	0.0
3.104329244E9	0.0
3.10433089E9	58.818380743982495
3.104332533E9	49.20420792079208
3.1043341725E9	52.16811846689895
3.104335808E9	0.0
3.1043374375E9	0.0
3.1043390575E9	60.0
3.1043406705E9	0.0
3.104342279E9	0.0
3.104343883E9	41.92365701517549
3.104345484E9	58.534351145038165
3.104347078E9	0.0
3.1043486665E9	0.0
3.104350253E9	0.0
3.1043518375E9	59.16897506925208
3.1043534215E9	53.49843774638346
3.1043550035E9	0.0
3.1043565795E9	1.9592096876991714
3.1043581505E9	54.247119427602385
3.10435972E9	51.86323851203501
3.1043612885E9	43.01178710671865
3.104362856E9	27.727493917274938
3.104364422E9	53.03957454963587
3.104365984E9	48.64677419354839
3.104367543E9	0.0
3.1043691005E9	0.0
3.1043706555E9	2.9326923076923075
3.104372207E9	0.0
3.1043737525E9	38.0
3.104375294E9	37.62915717539863
3.1043768335E9	0.0
3.104378371E9	47.32831854207204
3.104379907E9	0.0
3.1043814395E9	44.3651310434641
3.1043829685E9	0.0
3.1043844935E9	32.31967721911856
3.1043860115E9	41.3046357615894
3.104387523E9	59.77332170880558
3.104389031E9	0.0
3.1043905345E9	44.636578980177035
3.104392034E9	57.59058684521465
3.104393533E9	0.0
3.104395031E9	59.75425610658771
3.1043965275E9	0.0
3.1043980195E9	58.39698302954117
3.1043995065E9	0.0
3.104400992E9	0.0
3.104402475E9	0.0
3.104403955E9	0.0
3.1044054305E9	59.637462235649544
3.1044069025E9	49.58381688930133
3.1044083735E9	57.598601398601396
3.1044098415E9	58.83307003686151
3.104411307E9	0.0
3.10441277E9	0.0
3.1044142295E9	18.5733456732994
3.104415687E9	22.200069954529557
3.1044171395E9	42.05374644325008
3.104418587E9	0.0
3.1044200325E9	31.92097681437783
3.104421476E9	0.0
3.104422919E9	0.0
3.1044243595E9	0.9635535307517085
3.1044257945E9	5.670523947283831
3.1044272255E9	43.787187839305105
3.1044286555E9	0.0
3.104430085E9	0.0
3.104431514E9	0.0
3.104432943E9	59.865550182804576
3.1044343705E9	60.0
3.1044357965E9	0.0
3.1044372195E9	55.29313232830821
3.1044386375E9	59.945945945945944
3.1044400535E9	46.984907879263034
3.104441469E9	34.48358662613982
3.104442884E9	44.67868939093672
3.1044442985E9	0.0
3.104445712E9	14.740983606557377
3.1044471235E9	0.9708994708994709
3.104448531E9	52.91184327693678
3.1044499345E9	59.43810239934377
3.1044513345E9	0.0
3.104452732E9	0.0
3.104454128E9	59.95575221238938
3.1044555215E9	0.0
3.1044569115E9	37.33677153171738
3.1044582985E9	59.9528672427337
3.1044596825E9	0.0
3.104461064E9	59.505851755526656
3.104462444E9	0.0
3.1044638215E9	53.281976461433715
3.1044651965E9	45.158424169021664
3.1044665705E9	47.87872487872488
3.104467944E9	0.0
3.104469317E9	57.66559829059829
3.1044706895E9	59.65105601469238
3.1044720605E9	0.0
3.104473429E9	0.0
3.104474795E9	0.0
3.1044761595E9	0.0
3.104477522E9	0.0
3.104478883E9	0.0
3.104480241E9	0.0
3.104481596E9	0.9132791327913279
3.1044829505E9	0.0
3.104484304E9	54.46919558783966
3.104485655E9	9.123249299719888
3.104487002E9	0.0
3.1044883465E9	45.263611687689604
3.10448969E9	0.9914712153518124
3.1044910305E9	0.0
3.1044923685E9	54.74307304785894
3.1044937065E9	0.0
3.1044950435E9	0.0
3.104496378E9	13.72074130489972
3.104497711E9	57.665016501650165
3.1044990435E9	0.0
3.1045003715E9	49.40142617449664
3.104501695E9	0.0
3.104503018E9	0.0
3.1045043395E9	0.0
3.1045056595E9	0.0
3.104506978E9	58.62255232950709
3.1045082945E9	0.0
3.1045096045E9	54.88548025251735
3.1045109085E9	0.0
3.104512212E9	59.37257245294293
3.1045135145E9	0.0
3.104514816E9	0.0
3.1045161165E9	59.24916201117318
3.1045174155E9	35.880053050397876
3.104518713E9	10.0
3.104520009E9	0.0
3.1045212985E9	0.0
3.104522582E9	28.929408190135376
3.104523865E9	28.331972361809044
3.104525146E9	59.46180555555556
3.1045264245E9	0.0
3.104527699E9	29.719318909230573
3.10452897E9	0.0
3.1045302395E9	0.9849624060150376
3.1045315055E9	25.551468215553406
3.104532769E9	36.31029619181946
3.1045340315E9	58.76394849785408
3.104535293E9	0.0
3.1045365535E9	0.0
3.104537813E9	0.0
3.104539072E9	0.0
3.1045403305E9	60.0
3.1045415875E9	59.673776662484315
3.104542842E9	2.0
3.1045440925E9	0.0
3.1045453405E9	0.0
3.1045465875E9	0.0
3.1045478335E9	0.0
3.1045490785E9	0.0
3.1045503195E9	59.91947659788626
3.1045515575E9	0.0
3.1045527945E9	0.0
3.1045540295E9	0.0
3.1045552635E9	0.0
3.104556496E9	0.0
3.104557727E9	0.0
3.1045589575E9	56.54995125672869
3.1045601875E9	0.0
3.1045614165E9	54.74327700220426
3.104562644E9	59.63793103448276
3.1045638685E9	0.0
3.1045650905E9	15.122123893805309
3.104566312E9	59.80582524271845
3.104567533E9	0.0
3.1045687535E9	59.33085501858736
3.1045699725E9	0.0
3.1045711905E9	50.188059701492534
3.1045724075E9	0.0
3.1045736235E9	0.0
3.1045748375E9	59.34743116661936
3.1045760485E9	0.0
3.104577258E9	0.0
3.1045784665E9	44.12256267409471
3.1045796745E9	0.0
3.1045808815E9	28.006849315068493
3.104582087E9	0.0
3.104583292E9	0.0
3.1045844955E9	0.0
3.1045856965E9	0.0
3.104586896E9	0.0
3.1045880945E9	59.78761061946903
3.1045892925E9	53.61743341404358
3.1045904905E9	51.33958837772397
3.104591687E9	57.66590389016018
3.1045928815E9	0.0
3.104594074E9	0.0
3.104595264E9	39.55094009619589
3.1045964525E9	60.0
3.1045976365E9	58.08353808353808
3.1045988165E9	59.44483240223464
3.104599996E9	0.0
3.1046011715E9	42.19069500287191
3.1046023415E9	0.0
3.1046035085E9	47.16869424168694
3.10460467E9	29.21480144404332
3.1046058265E9	0.0
3.1046069825E9	59.56008379356313
3.104608138E9	59.35516888433982
3.1046092925E9	0.0
3.1046104465E9	55.208221993833504
3.104611598E9	47.220172201722015
3.104612744E9	0.0
3.104613887E9	55.09162303664922
3.1046150285E9	0.0
3.104616167E9	52.205980066445186
3.104617303E9	0.9470013947001394
3.104618438E9	24.135607798165136
3.104619573E9	0.0
3.104620704E9	51.02877338877339
3.104621831E9	58.26567545242923
3.1046229575E9	38.050815320439895
3.104624082E9	48.69469592348217
3.104625205E9	0.0
3.104626328E9	0.0
3.1046274505E9	18.08113749021654
3.1046285725E9	59.959493670886076
3.104629694E9	59.17907862833391
3.104630815E9	0.0
3.104631935E9	0.0
3.104633054E9	57.674740484429066
3.104634173E9	0.0
3.1046352915E9	59.578947368421055
3.104636408E9	0.0
3.1046375185E9	58.318014705882355
3.1046386245E9	0.0
3.1046397295E9	0.0
3.1046408325E9	3.7681159420289854
3.104641934E9	56.1072625698324
3.1046430335E9	20.780743565300288
3.1046441315E9	0.0
3.1046452285E9	0.0
3.1046463245E9	50.581542351453855
3.10464742E9	0.0
3.104648514E9	0.0
3.1046496055E9	0.9467640918580376
3.104650695E9	0.0
3.104651783E9	0.0
3.10465287E9	0.0
3.104653956E9	28.262648482182136
3.104655041E9	59.87084870848709
3.104656126E9	0.9483717235901509
3.10465721E9	0.0
3.1046582915E9	60.0
3.1046593715E9	12.173377156943303
3.104660451E9	6.620689655172414
3.10466153E9	0.0
3.104662609E9	4.118324607329843
3.104663686E9	15.931448157669237
3.1046647605E9	58.349097162510745
3.104665834E9	0.0
3.1046669055E9	0.974624060150376
3.1046679745E9	14.64743819419563
3.104669042E9	0.0
3.1046701085E9	0.0
3.1046711745E9	0.0
3.1046722405E9	46.62048661023266
3.104673305E9	0.0
3.104674368E9	47.47428571428571
3.104675431E9	25.791845891590633
3.1046764935E9	3.911111111111111
3.1046775535E9	0.0
3.1046786105E9	59.82443306510607
3.1046796645E9	59.70679697912039
3.104680716E9	0.0
3.104681767E9	0.0
3.1046828175E9	0.0
3.1046838665E9	45.46280749707146
3.1046849135E9	0.0
3.1046859595E9	1.813677349371919
3.104687005E9	0.0
3.104688049E9	0.9012345679012346
3.1046890895E9	28.80710659898477
3.1046901265E9	58.7422934648582
3.104691162E9	3.8416523235800346
3.104692197E9	54.23352203801051
3.104693232E9	40.18479033404407
3.104694266E9	59.5549266786725
3.1046952985E9	0.0
3.10469633E9	31.43354430379747
3.1046973585E9	44.609960334949314
3.1046983845E9	47.87927565392354
3.1046994105E9	0.0
3.104700435E9	19.401449275362317
3.1047014575E9	55.66453089244851
3.1047024785E9	0.0
3.1047034985E9	0.0
3.1047045185E9	59.30184804928131
3.104705538E9	60.0
3.1047065565E9	30.604996096799375
3.1047075745E9	0.0
3.104708592E9	0.0
3.104709608E9	0.0
3.104710623E9	0.0
3.104711638E9	0.0
3.1047126525E9	58.762035763411276
3.1047136665E9	0.0
3.10471468E9	0.0
3.104715693E9	16.373292284010006
3.104716706E9	0.0
3.1047177185E9	0.0
3.10471873E9	10.761958997722095
3.104719741E9	0.0
3.104720751E9	37.0687959503435
3.1047217595E9	0.0
3.1047227675E9	0.0
3.104723775E9	0.0
3.104724782E9	59.61165048543689
3.104725789E9	0.0
3.1047267955E9	0.0
3.104727801E9	57.62039660056657
3.104728805E9	0.0
3.104729807E9	58.46758349705304
3.1047308075E9	0.0
3.104740963E9	0.0
3.104756475E9	58.05331608048931
3.104767963E9	0.9927122940430925
3.104778484E9	59.57792948542221
3.1047881575E9	48.29606404194137
3.1047976135E9	57.78501970811826
3.1048068795E9	18.1784299157999
3.1048160235E9	59.21099069336449
3.104824959E9	55.31399991263705
3.1048336895E9	44.45467459685602
3.1048423175E9	7.670588235294118
3.1048506295E9	56.70999548087589
3.104858538E9	55.82852636598159
3.10486621E9	20.84685581976091
3.104873738E9	0.0
3.104881204E9	55.30295710120783
3.1048886055E9	56.1678479185914
3.104895888E9	57.09858371462695
3.1049030315E9	55.06451084323616
3.1049100215E9	34.44757879971232
3.104916928E9	4.849514563106796
3.1049238165E9	55.89658574398365
3.104930685E9	46.64054476098728
3.1049375335E9	55.77745049697662
3.1049443175E9	38.84231805929919
3.1049510255E9	59.577358490566034
3.104957646E9	59.02091359383599
3.1049641205E9	2.1072703099853056
3.104970491E9	39.80512860122036
3.104976811E9	59.62878178555961
3.1049830915E9	53.82389228018748
3.104989311E9	43.293850900970014
3.104995483E9	49.87899803805265
3.1050016285E9	58.582354571063526
3.105007741E9	0.989452867501648
3.105013843E9	51.43277437872951
3.105019839E9	58.87731789719266
3.1050257E9	46.37522856189523
3.105031511E9	51.41884052813268
3.1050372955E9	1.8597247031627613
3.105043063E9	0.0
3.1050488005E9	58.01668245248469
3.1050545125E9	57.87435803747234
3.1050601615E9	53.84706579727327
3.1050657395E9	59.566376120900486
3.1050713015E9	37.89587366730606
3.1050767895E9	20.564842009155743
3.105082186E9	38.144697764121815
3.1050875235E9	59.50287961014509
3.105092801E9	54.173395485014254
3.105098007E9	58.895161711415355
3.1051031505E9	57.25942317742357
3.1051082045E9	53.7204453045161
3.105113172E9	37.87143582674309
3.105118124E9	53.02255530442724
3.105123046E9	54.16177307051093
3.105127928E9	0.0
3.105132784E9	58.73222398598719
3.1051375455E9	56.67126524107771
3.105142205E9	59.73450656148069
3.1051468215E9	46.29336926977456
3.105151389E9	49.80690616289873
3.1051559265E9	50.48894719692682
3.105160444E9	58.97307212138673
3.105164943E9	57.056217764283154
3.1051694125E9	4.877942458587619
3.1051738415E9	52.794066167890726
3.105178253E9	53.94888061077712
3.1051826085E9	57.372081712062254
3.1051869095E9	51.6282537230316
3.105191198E9	56.89984181167263
3.105195423E9	58.188353702372396
3.105199594E9	54.25527217657674
3.1052037465E9	2.9519788918205805
3.105207865E9	2.9464285714285716
3.10521196E9	55.539731305977924
3.105216012E9	57.42877024084353
3.1052200195E9	0.0
3.105224006E9	55.94889837977086
3.1052278585E9	57.17954569498391
3.105231579E9	58.680987375164875
3.1052352765E9	55.749347613969
3.1052389575E9	59.29643142840419
3.105242632E9	49.795081967213115
3.1052463045E9	12.019787286668315
3.105249957E9	42.528006117377174
3.10525359E9	55.999271430007035
3.105257213E9	18.1463150970086
3.105260822E9	8.750246070115509
3.1052644205E9	46.0162259743018
3.1052680095E9	38.60820608368099
3.1052715945E9	10.918085106382978
3.105275175E9	54.2767530657185
3.105278732E9	59.124349846914306
3.1052822555E9	45.71758706991322
3.105285765E9	55.20776994858122
3.1052892635E9	54.04611933444024
3.105292744E9	8.432377876463464
3.105296203E9	58.693897517426926
3.105299639E9	58.174121867067925
3.10530305E9	54.2021643817688
3.105306431E9	59.87587311473951
3.105309783E9	55.8756017280395
3.1053131135E9	58.3266698800071
3.105316433E9	48.34175355723256
3.105319747E9	0.0
3.105323045E9	0.0
3.1053263115E9	0.0
3.10532956E9	0.9783549783549783
3.105332802E9	55.286882543032384
3.105336038E9	51.02216252518469
3.1053392555E9	59.43977378399408
3.105342453E9	59.05178107635883
3.105345638E9	16.269150336131883
3.1053488045E9	59.611486003147505
3.105351955E9	30.23778130178358
3.105355096E9	52.60990860990861
3.1053582345E9	59.61446534749976
3.1053613715E9	0.0
3.1053645055E9	0.0
3.1053676375E9	56.901593063117566
3.105370751E9	32.18532423208191
3.1053738455E9	52.93517448983164
3.105376939E9	56.05546419202005
3.105380015E9	0.0
3.105383037E9	58.96144369089245
3.105386017E9	35.6949822743387
3.105388988E9	35.58849645484063
3.105391952E9	4.0
3.10539491E9	55.84909897573534
3.105397855E9	58.3202786743289
3.105400789E9	27.662061666682416
3.10540371E9	40.72485207100592
3.1054066165E9	43.7229346853564
3.1054095145E9	59.0971789286972
3.1054124035E9	30.90623376794156
3.105415289E9	27.852434354485776
3.1054181705E9	7.876721457130165
3.105421047E9	31.03640350877193
3.105423915E9	59.17271447635413
3.1054267735E9	33.20519412036121
3.1054296205E9	46.056270096463024
3.10543244E9	51.48787046065656
3.105435239E9	53.3326341894548
3.1054380315E9	0.0
3.105440812E9	51.43612089099592
3.105443576E9	59.432750770237476
3.1054463305E9	0.9792611795204148
3.105449079E9	59.69832374154959
3.105451813E9	16.207921294183276
3.1054545365E9	59.77759967942296
3.1054572385E9	7.896103896103896
3.105459914E9	26.981220657276996
3.10546258E9	33.02070450180452
3.1054652375E9	25.863482368659636
3.105467887E9	56.111906033101974
3.105470528E9	59.39059948682062
3.105473162E9	0.9956989247311828
3.105475793E9	39.428213728917655
3.1054784135E9	49.215874783204505
3.105481019E9	52.79354415861052
3.1054836015E9	57.41400902421805
3.1054861625E9	24.65858540925267
3.105488716E9	59.76564679624291
3.105491267E9	27.298129899278045
3.1054938115E9	50.36471103327496
3.1054963495E9	46.96238938053097
3.105498881E9	0.0
3.1055013925E9	7.134443339960239
3.1055038895E9	29.408352668213457
3.105506379E9	57.74733313014325
3.105508858E9	49.870718516610864
3.10551133E9	56.80308589921827
3.105513792E9	54.49351677116942
3.1055162415E9	44.701497617426824
3.105518682E9	59.23082839433561
3.105521118E9	53.55834600590393
3.105523549E9	50.72509650198989
3.105525972E9	56.90249839846253
3.105528388E9	37.65603166816098
3.1055308005E9	55.46635656793671
3.1055332065E9	54.87598706475145
3.105535606E9	46.88787200867738
3.1055380035E9	53.17956919386276
3.105540398E9	13.06775980019546
3.1055427875E9	59.09109739257575
3.1055451725E9	10.598200544572038
3.1055475555E9	58.386825718358466
3.1055499375E9	14.008228195282502
3.105552312E9	35.98247767857143
3.1055546785E9	0.0
3.1055570425E9	54.9894641782059
3.105559404E9	50.50765036086608
3.105561761E9	49.15740034946583
3.105564112E9	21.55150731334482
3.1055664605E9	28.473996050032916
3.1055688045E9	43.67731227506202
3.105571144E9	0.0
3.1055734815E9	58.530312308634414
3.105575816E9	40.90651119174787
3.1055781475E9	0.0
3.105580476E9	37.90948718857426
3.1055827985E9	51.29378983014692
3.105585104E9	32.904521118381915
3.1055873965E9	52.0711638250556
3.105589686E9	53.748865401602146
3.1055919665E9	44.75210494662457
3.1055942405E9	28.88612565445026
3.105596511E9	59.84091543399386
3.1055987745E9	33.53822730639453
3.105601033E9	49.53284671532847
3.1056032815E9	57.54459880550506
3.105605521E9	42.28598947914352
3.1056077565E9	22.761634965600972
3.1056099875E9	46.55217455840879
3.1056122175E9	0.0
3.1056144435E9	1.9930394431554523
3.1056166625E9	0.0
3.1056188775E9	32.52179904785768
3.1056210895E9	13.626268540202966
3.105623296E9	29.574005436125525
3.105625496E9	48.27031617454926
3.1056276925E9	46.57558517555267
3.1056298885E9	59.8381632609024
3.105632076E9	35.456665640394085
3.1056342545E9	49.69957081545064
3.1056364325E9	20.657418358630657
3.1056386075E9	0.9917188898836168
3.1056407785E9	49.2535055058227
3.105642947E9	57.672942801242954
3.105645114E9	52.91321171918187
3.105647276E9	58.3186187255251
3.105649431E9	33.26305418719212
3.105651583E9	0.0
3.105653732E9	56.027163847388564
3.105655878E9	47.177439348326544
3.1056580215E9	44.00700242391597
3.1056601635E9	47.39946159113987
3.1056623025E9	17.433886616797725
3.1056644355E9	26.809743245923002
3.1056665645E9	53.97493965639642
3.1056686915E9	59.83977708115639
3.1056708175E9	0.0
3.10567294E9	57.548598625066106
3.105675053E9	41.8392056889843
3.105677152E9	57.37646461188475
3.105679241E9	37.32580986070163
3.1056813275E9	22.342960641193887
3.105683412E9	59.78533094812165
3.105685491E9	11.791040544371988
3.105687566E9	56.78738844758262
3.1056896395E9	45.07389032564522
3.1056917095E9	36.46009471713998
3.105693777E9	0.9939879759519038
3.105695838E9	0.0
3.105697891E9	58.1264400921659
3.1056999415E9	52.1513309076982
3.105701983E9	44.46657407843322
3.1057040115E9	43.08125234949788
3.1057060315E9	9.867130957257954
3.105708045E9	31.713705780011598
3.105710055E9	19.776921031640523
3.105712061E9	46.58990189445196
3.105714063E9	17.21251224881966
