#Coverage	Number of genomic locations
0.0	9.712945E7
1.0	1.4292562E7
2.0	9235898.0
3.0	7143774.0
4.0	6275342.0
5.0	5654640.0
6.0	5563658.0
7.0	5483158.0
8.0	5762948.0
9.0	6125505.0
10.0	7094068.0
11.0	8492027.0
12.0	1.0720564E7
13.0	1.3981833E7
14.0	1.8397207E7
15.0	2.4349169E7
16.0	3.1957078E7
17.0	4.1550422E7
18.0	5.2582493E7
19.0	6.545586E7
20.0	7.9170281E7
21.0	9.4205531E7
22.0	1.093221E8
23.0	1.24315465E8
24.0	1.38230838E8
25.0	1.50497356E8
26.0	1.60018429E8
27.0	1.67031788E8
28.0	1.69799224E8
29.0	1.69234441E8
30.0	1.65270266E8
31.0	1.58331732E8
32.0	1.48174373E8
33.0	1.35881659E8
34.0	1.21534821E8
35.0	1.0678801E8
36.0	9.1902461E7
37.0	7.7198417E7
38.0	6.374284E7
39.0	5.2153562E7
40.0	4.1565469E7
41.0	3.2587004E7
42.0	2.5220367E7
43.0	1.9058886E7
44.0	1.4463044E7
45.0	1.0906565E7
46.0	8063641.0
47.0	5948843.0
48.0	4468760.0
49.0	3349895.0
50.0	2558102.0
51.0	2034299.0
52.0	1668127.0
53.0	1405228.0
54.0	1217097.0
55.0	1062347.0
56.0	950997.0
57.0	867291.0
58.0	824645.0
59.0	774859.0
60.0	740591.0
61.0	660136.0
62.0	624946.0
63.0	576430.0
64.0	541975.0
65.0	524984.0
66.0	513933.0
67.0	496099.0
68.0	483558.0
69.0	454044.0
70.0	453000.0
71.0	428896.0
72.0	397273.0
73.0	376319.0
74.0	347345.0
75.0	329637.0
76.0	319614.0
77.0	310016.0
78.0	301542.0
79.0	288515.0
80.0	270880.0
81.0	260511.0
82.0	257441.0
83.0	250668.0
84.0	239727.0
85.0	227960.0
86.0	213430.0
87.0	207220.0
88.0	195046.0
89.0	181013.0
90.0	163995.0
91.0	157808.0
92.0	160122.0
93.0	155665.0
94.0	141736.0
95.0	139964.0
96.0	141921.0
97.0	136812.0
98.0	129550.0
99.0	125958.0
100.0	125643.0
101.0	118681.0
102.0	111788.0
103.0	104120.0
104.0	99097.0
105.0	90838.0
106.0	88081.0
107.0	87277.0
108.0	88768.0
109.0	85613.0
110.0	81306.0
111.0	80340.0
112.0	76846.0
113.0	78234.0
114.0	70046.0
115.0	64024.0
116.0	60955.0
117.0	58624.0
118.0	57395.0
119.0	58908.0
120.0	59207.0
121.0	59432.0
122.0	56129.0
123.0	53840.0
124.0	53792.0
125.0	52511.0
126.0	49736.0
127.0	49878.0
128.0	47959.0
129.0	45730.0
130.0	44243.0
131.0	44400.0
132.0	45344.0
133.0	44402.0
134.0	47543.0
135.0	45942.0
136.0	41657.0
137.0	39680.0
138.0	38014.0
139.0	36295.0
140.0	32863.0
141.0	34107.0
142.0	33220.0
143.0	32979.0
144.0	31805.0
145.0	33004.0
146.0	32067.0
147.0	31190.0
148.0	29270.0
149.0	30500.0
150.0	30817.0
151.0	29485.0
152.0	26692.0
153.0	26759.0
154.0	25577.0
155.0	22888.0
156.0	21496.0
157.0	21557.0
158.0	21892.0
159.0	21891.0
160.0	20797.0
161.0	21128.0
162.0	22777.0
163.0	21562.0
164.0	21640.0
165.0	21047.0
166.0	20947.0
167.0	22944.0
168.0	22865.0
169.0	22842.0
170.0	22908.0
171.0	22360.0
172.0	22176.0
173.0	20910.0
174.0	20890.0
175.0	18349.0
176.0	17504.0
177.0	16212.0
178.0	15118.0
179.0	14448.0
180.0	13787.0
181.0	14760.0
182.0	13417.0
183.0	13575.0
184.0	14185.0
185.0	14730.0
186.0	13952.0
187.0	13380.0
188.0	12778.0
189.0	13525.0
190.0	14202.0
191.0	14834.0
192.0	13849.0
193.0	13803.0
194.0	12666.0
195.0	13041.0
196.0	13398.0
197.0	13134.0
198.0	12712.0
199.0	13100.0
200.0	13784.0
201.0	12169.0
202.0	12282.0
203.0	11993.0
204.0	10286.0
205.0	9900.0
206.0	10648.0
207.0	10705.0
208.0	10251.0
209.0	9409.0
210.0	9577.0
211.0	9282.0
212.0	9424.0
213.0	9451.0
214.0	8991.0
215.0	9483.0
216.0	9745.0
217.0	9587.0
218.0	8664.0
219.0	8468.0
220.0	8504.0
221.0	8546.0
222.0	8361.0
223.0	8021.0
224.0	7728.0
225.0	7329.0
226.0	6430.0
227.0	6983.0
228.0	7509.0
229.0	8267.0
230.0	7836.0
231.0	7044.0
232.0	6677.0
233.0	6960.0
234.0	7752.0
235.0	7692.0
236.0	7560.0
237.0	6813.0
238.0	5976.0
239.0	6077.0
240.0	6312.0
241.0	6645.0
242.0	6829.0
243.0	6956.0
244.0	6543.0
245.0	6624.0
246.0	6705.0
247.0	6705.0
248.0	7321.0
249.0	6893.0
250.0	5955.0
251.0	5394.0
252.0	5202.0
253.0	5297.0
254.0	5190.0
255.0	5868.0
256.0	6224.0
257.0	6014.0
258.0	4869.0
259.0	4787.0
260.0	4566.0
261.0	4450.0
262.0	4841.0
263.0	5334.0
264.0	5120.0
265.0	5047.0
266.0	4707.0
267.0	5012.0
268.0	5376.0
269.0	5053.0
270.0	4531.0
271.0	3867.0
272.0	3512.0
273.0	3387.0
274.0	3162.0
275.0	3046.0
276.0	2789.0
277.0	2816.0
278.0	2890.0
279.0	3049.0
280.0	2943.0
281.0	3049.0
282.0	3099.0
283.0	3052.0
284.0	3104.0
285.0	3397.0
286.0	3792.0
287.0	3951.0
288.0	3779.0
289.0	3507.0
290.0	3428.0
291.0	3670.0
292.0	3672.0
293.0	3698.0
294.0	3781.0
295.0	3729.0
296.0	3729.0
297.0	3762.0
298.0	3489.0
299.0	3528.0
300.0	3392.0
301.0	3772.0
302.0	4223.0
303.0	4203.0
304.0	4290.0
305.0	4188.0
306.0	4027.0
307.0	4055.0
308.0	3423.0
309.0	3715.0
310.0	3792.0
311.0	4155.0
312.0	4004.0
313.0	3775.0
314.0	3671.0
315.0	3619.0
316.0	3577.0
317.0	3660.0
318.0	3679.0
319.0	3618.0
320.0	3494.0
321.0	3594.0
322.0	3977.0
323.0	4017.0
324.0	3964.0
325.0	3972.0
326.0	3696.0
327.0	3370.0
328.0	3104.0
329.0	2830.0
330.0	2533.0
331.0	2367.0
332.0	2195.0
333.0	2295.0
334.0	2345.0
335.0	2395.0
336.0	2243.0
337.0	2178.0
338.0	2109.0
339.0	2164.0
340.0	2088.0
341.0	2264.0
342.0	2453.0
343.0	2754.0
344.0	2735.0
345.0	2640.0
346.0	2618.0
347.0	2466.0
348.0	2438.0
349.0	2446.0
350.0	2388.0
351.0	2192.0
352.0	2101.0
353.0	1946.0
354.0	1977.0
355.0	2251.0
356.0	2089.0
357.0	2077.0
358.0	1850.0
359.0	1447.0
360.0	1507.0
361.0	1438.0
362.0	1454.0
363.0	1379.0
364.0	1517.0
365.0	1421.0
366.0	1413.0
367.0	1457.0
368.0	1404.0
369.0	1428.0
370.0	1466.0
371.0	1428.0
372.0	1603.0
373.0	1829.0
374.0	1873.0
375.0	2117.0
376.0	2168.0
377.0	2031.0
378.0	2045.0
379.0	2125.0
380.0	1975.0
381.0	1962.0
382.0	2009.0
383.0	2079.0
384.0	2027.0
385.0	1975.0
386.0	1715.0
387.0	1705.0
388.0	1705.0
389.0	1741.0
390.0	1668.0
391.0	1773.0
392.0	1605.0
393.0	1721.0
394.0	1648.0
395.0	1474.0
396.0	1475.0
397.0	1451.0
398.0	1292.0
399.0	1248.0
400.0	1339.0
401.0	1340.0
402.0	1231.0
403.0	1386.0
404.0	1572.0
405.0	1715.0
406.0	1722.0
407.0	1861.0
408.0	1858.0
409.0	2025.0
410.0	1994.0
411.0	2022.0
412.0	1685.0
413.0	1585.0
414.0	1749.0
415.0	1923.0
416.0	2133.0
417.0	2123.0
418.0	2111.0
419.0	2142.0
420.0	2247.0
421.0	2270.0
422.0	2017.0
423.0	2056.0
424.0	2185.0
425.0	2159.0
426.0	2190.0
427.0	2081.0
428.0	2039.0
429.0	2262.0
430.0	2298.0
431.0	2292.0
432.0	2261.0
433.0	2272.0
434.0	2141.0
435.0	2141.0
436.0	1950.0
437.0	1759.0
438.0	1765.0
439.0	1915.0
440.0	1947.0
441.0	1873.0
442.0	1761.0
443.0	1786.0
444.0	1838.0
445.0	1656.0
446.0	1565.0
447.0	1488.0
448.0	1699.0
449.0	1773.0
450.0	1989.0
451.0	2024.0
452.0	2086.0
453.0	1883.0
454.0	1753.0
455.0	1686.0
456.0	1697.0
457.0	1692.0
458.0	1514.0
459.0	1723.0
460.0	1909.0
461.0	1954.0
462.0	2114.0
463.0	2152.0
464.0	2006.0
465.0	2058.0
466.0	2168.0
467.0	2008.0
468.0	1920.0
469.0	1837.0
470.0	1759.0
471.0	1614.0
472.0	1420.0
473.0	1457.0
474.0	1493.0
475.0	1549.0
476.0	1717.0
477.0	1832.0
478.0	1796.0
479.0	1892.0
480.0	1985.0
481.0	2021.0
482.0	1864.0
483.0	1732.0
484.0	1437.0
485.0	1365.0
486.0	1245.0
487.0	1141.0
488.0	1094.0
489.0	1074.0
490.0	1120.0
491.0	1059.0
492.0	1175.0
493.0	1185.0
494.0	1166.0
495.0	1247.0
496.0	1260.0
497.0	1208.0
498.0	1070.0
499.0	1138.0
500.0	1163.0
501.0	1217.0
502.0	1268.0
503.0	1311.0
504.0	1490.0
505.0	1543.0
506.0	1656.0
507.0	1743.0
508.0	1761.0
509.0	1688.0
510.0	1502.0
511.0	1352.0
512.0	1388.0
513.0	1395.0
514.0	1471.0
515.0	1535.0
516.0	1601.0
517.0	1573.0
518.0	1591.0
519.0	1450.0
520.0	1369.0
521.0	1233.0
522.0	1015.0
523.0	942.0
524.0	1040.0
525.0	1102.0
526.0	1221.0
527.0	1356.0
528.0	1466.0
529.0	1602.0
530.0	1579.0
531.0	1562.0
532.0	1534.0
533.0	1584.0
534.0	1525.0
535.0	1413.0
536.0	1199.0
537.0	1152.0
538.0	1111.0
539.0	1051.0
540.0	1075.0
541.0	886.0
542.0	858.0
543.0	759.0
544.0	793.0
545.0	790.0
546.0	838.0
547.0	731.0
548.0	787.0
549.0	713.0
550.0	821.0
551.0	983.0
552.0	1120.0
553.0	1255.0
554.0	1265.0
555.0	1196.0
556.0	1095.0
557.0	935.0
558.0	737.0
559.0	690.0
560.0	658.0
561.0	778.0
562.0	775.0
563.0	733.0
564.0	815.0
565.0	724.0
566.0	697.0
567.0	751.0
568.0	707.0
569.0	685.0
570.0	667.0
571.0	753.0
572.0	794.0
573.0	768.0
574.0	729.0
575.0	642.0
576.0	700.0
577.0	626.0
578.0	632.0
579.0	639.0
580.0	663.0
581.0	673.0
582.0	761.0
583.0	802.0
584.0	706.0
585.0	744.0
586.0	702.0
587.0	847.0
588.0	916.0
589.0	897.0
590.0	779.0
591.0	791.0
592.0	800.0
593.0	881.0
594.0	887.0
595.0	862.0
596.0	940.0
597.0	903.0
598.0	1037.0
599.0	1089.0
600.0	1134.0
601.0	1169.0
602.0	1154.0
603.0	1118.0
604.0	1049.0
605.0	999.0
606.0	952.0
607.0	864.0
608.0	846.0
609.0	875.0
610.0	938.0
611.0	897.0
612.0	850.0
613.0	852.0
614.0	797.0
615.0	714.0
616.0	690.0
617.0	750.0
618.0	879.0
619.0	893.0
620.0	838.0
621.0	761.0
622.0	649.0
623.0	605.0
624.0	659.0
625.0	670.0
626.0	760.0
627.0	783.0
628.0	809.0
629.0	889.0
630.0	866.0
631.0	864.0
632.0	781.0
633.0	795.0
634.0	679.0
635.0	584.0
636.0	516.0
637.0	471.0
638.0	419.0
639.0	397.0
640.0	441.0
641.0	428.0
642.0	442.0
643.0	448.0
644.0	384.0
645.0	341.0
646.0	360.0
647.0	347.0
648.0	354.0
649.0	371.0
650.0	373.0
651.0	385.0
652.0	392.0
653.0	417.0
654.0	434.0
655.0	404.0
656.0	418.0
657.0	353.0
658.0	338.0
659.0	403.0
660.0	465.0
661.0	407.0
662.0	424.0
663.0	342.0
664.0	278.0
665.0	312.0
666.0	296.0
667.0	325.0
668.0	321.0
669.0	362.0
670.0	343.0
671.0	406.0
672.0	430.0
673.0	401.0
674.0	372.0
675.0	349.0
676.0	351.0
677.0	316.0
678.0	320.0
679.0	316.0
680.0	315.0
681.0	372.0
682.0	407.0
683.0	461.0
684.0	506.0
685.0	476.0
686.0	418.0
687.0	505.0
688.0	511.0
689.0	450.0
690.0	435.0
691.0	397.0
692.0	433.0
693.0	357.0
694.0	334.0
695.0	353.0
696.0	423.0
697.0	357.0
698.0	394.0
699.0	382.0
700.0	294.0
701.0	263.0
702.0	315.0
703.0	417.0
704.0	415.0
705.0	393.0
706.0	343.0
707.0	364.0
708.0	370.0
709.0	296.0
710.0	277.0
711.0	307.0
712.0	385.0
713.0	453.0
714.0	477.0
715.0	506.0
716.0	443.0
717.0	482.0
718.0	585.0
719.0	622.0
720.0	776.0
721.0	790.0
722.0	835.0
723.0	699.0
724.0	632.0
725.0	592.0
726.0	648.0
727.0	714.0
728.0	602.0
729.0	543.0
730.0	386.0
731.0	301.0
732.0	262.0
733.0	256.0
734.0	348.0
735.0	399.0
736.0	388.0
737.0	340.0
738.0	415.0
739.0	381.0
740.0	308.0
741.0	292.0
742.0	332.0
743.0	347.0
744.0	359.0
745.0	329.0
746.0	327.0
747.0	347.0
748.0	390.0
749.0	395.0
750.0	346.0
751.0	358.0
752.0	338.0
753.0	383.0
754.0	432.0
755.0	451.0
756.0	430.0
757.0	503.0
758.0	563.0
759.0	703.0
760.0	730.0
761.0	672.0
762.0	662.0
763.0	689.0
764.0	639.0
765.0	564.0
766.0	530.0
767.0	509.0
768.0	536.0
769.0	495.0
770.0	517.0
771.0	543.0
772.0	467.0
773.0	531.0
774.0	574.0
775.0	635.0
776.0	664.0
777.0	531.0
778.0	583.0
779.0	681.0
780.0	754.0
781.0	699.0
782.0	680.0
783.0	628.0
784.0	580.0
785.0	494.0
786.0	415.0
787.0	384.0
788.0	318.0
789.0	355.0
790.0	333.0
791.0	270.0
792.0	238.0
793.0	238.0
794.0	230.0
795.0	226.0
796.0	224.0
797.0	222.0
798.0	242.0
799.0	217.0
800.0	206.0
801.0	226.0
802.0	225.0
803.0	255.0
804.0	278.0
805.0	291.0
806.0	302.0
807.0	357.0
808.0	315.0
809.0	306.0
810.0	274.0
811.0	239.0
812.0	247.0
813.0	259.0
814.0	273.0
815.0	316.0
816.0	319.0
817.0	348.0
818.0	407.0
819.0	388.0
820.0	401.0
821.0	451.0
822.0	316.0
823.0	341.0
824.0	392.0
825.0	387.0
826.0	337.0
827.0	376.0
828.0	347.0
829.0	333.0
830.0	286.0
831.0	268.0
832.0	294.0
833.0	262.0
834.0	261.0
835.0	245.0
836.0	283.0
837.0	257.0
838.0	259.0
839.0	237.0
840.0	270.0
841.0	239.0
842.0	288.0
843.0	319.0
844.0	291.0
845.0	298.0
846.0	263.0
847.0	279.0
848.0	238.0
849.0	219.0
850.0	219.0
851.0	242.0
852.0	246.0
853.0	263.0
854.0	302.0
855.0	308.0
856.0	325.0
857.0	296.0
858.0	331.0
859.0	321.0
860.0	332.0
861.0	339.0
862.0	278.0
863.0	288.0
864.0	283.0
865.0	342.0
866.0	281.0
867.0	248.0
868.0	233.0
869.0	259.0
870.0	233.0
871.0	231.0
872.0	271.0
873.0	248.0
874.0	235.0
875.0	242.0
876.0	283.0
877.0	295.0
878.0	369.0
879.0	396.0
880.0	296.0
881.0	276.0
882.0	265.0
883.0	256.0
884.0	263.0
885.0	271.0
886.0	290.0
887.0	286.0
888.0	260.0
889.0	257.0
890.0	264.0
891.0	302.0
892.0	367.0
893.0	352.0
894.0	330.0
895.0	339.0
896.0	357.0
897.0	442.0
898.0	487.0
899.0	506.0
900.0	372.0
901.0	288.0
902.0	230.0
903.0	175.0
904.0	171.0
905.0	214.0
906.0	191.0
907.0	183.0
908.0	155.0
909.0	169.0
910.0	154.0
911.0	184.0
912.0	161.0
913.0	162.0
914.0	175.0
915.0	153.0
916.0	125.0
917.0	160.0
918.0	192.0
919.0	164.0
920.0	160.0
921.0	176.0
922.0	220.0
923.0	244.0
924.0	279.0
925.0	283.0
926.0	231.0
927.0	239.0
928.0	241.0
929.0	217.0
930.0	242.0
931.0	229.0
932.0	218.0
933.0	195.0
934.0	240.0
935.0	321.0
936.0	278.0
937.0	240.0
938.0	227.0
939.0	238.0
940.0	262.0
941.0	274.0
942.0	295.0
943.0	290.0
944.0	381.0
945.0	373.0
946.0	252.0
947.0	195.0
948.0	191.0
949.0	221.0
950.0	210.0
951.0	216.0
952.0	175.0
953.0	209.0
954.0	193.0
955.0	186.0
956.0	177.0
957.0	193.0
958.0	195.0
959.0	223.0
960.0	226.0
961.0	272.0
962.0	309.0
963.0	345.0
964.0	259.0
965.0	192.0
966.0	161.0
967.0	155.0
968.0	106.0
969.0	124.0
970.0	87.0
971.0	105.0
972.0	164.0
973.0	149.0
974.0	150.0
975.0	154.0
976.0	224.0
977.0	209.0
978.0	122.0
979.0	180.0
980.0	216.0
981.0	257.0
982.0	190.0
983.0	147.0
984.0	156.0
985.0	155.0
986.0	209.0
987.0	188.0
988.0	150.0
989.0	250.0
990.0	372.0
991.0	503.0
992.0	501.0
993.0	429.0
994.0	327.0
995.0	212.0
996.0	236.0
997.0	290.0
998.0	329.0
999.0	331.0
1000.0	229.0
1001.0	232.0
1002.0	295.0
1003.0	256.0
1004.0	188.0
1005.0	132.0
1006.0	118.0
1007.0	103.0
1008.0	91.0
1009.0	80.0
1010.0	93.0
1011.0	86.0
1012.0	93.0
1013.0	70.0
1014.0	81.0
1015.0	100.0
1016.0	100.0
1017.0	109.0
1018.0	111.0
1019.0	85.0
1020.0	95.0
1021.0	111.0
1022.0	87.0
1023.0	79.0
1024.0	75.0
1025.0	98.0
1026.0	80.0
1027.0	83.0
1028.0	115.0
1029.0	124.0
1030.0	120.0
1031.0	94.0
1032.0	71.0
1033.0	111.0
1034.0	102.0
1035.0	132.0
1036.0	183.0
1037.0	203.0
1038.0	199.0
1039.0	188.0
1040.0	157.0
1041.0	203.0
1042.0	203.0
1043.0	204.0
1044.0	174.0
1045.0	192.0
1046.0	149.0
1047.0	133.0
1048.0	123.0
1049.0	95.0
1050.0	92.0
1051.0	77.0
1052.0	45.0
1053.0	61.0
1054.0	64.0
1055.0	67.0
1056.0	74.0
1057.0	67.0
1058.0	103.0
1059.0	66.0
1060.0	80.0
1061.0	87.0
1062.0	90.0
1063.0	105.0
1064.0	99.0
1065.0	85.0
1066.0	80.0
1067.0	106.0
1068.0	166.0
1069.0	143.0
1070.0	147.0
1071.0	118.0
1072.0	122.0
1073.0	128.0
1074.0	103.0
1075.0	126.0
1076.0	112.0
1077.0	144.0
1078.0	119.0
1079.0	131.0
1080.0	149.0
1081.0	136.0
1082.0	136.0
1083.0	123.0
1084.0	118.0
1085.0	117.0
1086.0	117.0
1087.0	110.0
1088.0	111.0
1089.0	132.0
1090.0	128.0
1091.0	152.0
1092.0	178.0
1093.0	111.0
1094.0	114.0
1095.0	104.0
1096.0	99.0
1097.0	122.0
1098.0	99.0
1099.0	85.0
1100.0	103.0
1101.0	78.0
1102.0	109.0
1103.0	107.0
1104.0	136.0
1105.0	113.0
1106.0	100.0
1107.0	109.0
1108.0	96.0
1109.0	121.0
1110.0	107.0
1111.0	127.0
1112.0	150.0
1113.0	109.0
1114.0	83.0
1115.0	74.0
1116.0	61.0
1117.0	69.0
1118.0	69.0
1119.0	63.0
1120.0	42.0
1121.0	41.0
1122.0	37.0
1123.0	26.0
1124.0	25.0
1125.0	38.0
1126.0	43.0
1127.0	29.0
1128.0	41.0
1129.0	23.0
1130.0	25.0
1131.0	27.0
1132.0	18.0
1133.0	27.0
1134.0	37.0
1135.0	62.0
1136.0	51.0
1137.0	46.0
1138.0	53.0
1139.0	37.0
1140.0	51.0
1141.0	54.0
1142.0	51.0
1143.0	69.0
1144.0	57.0
1145.0	48.0
1146.0	60.0
1147.0	51.0
1148.0	35.0
1149.0	48.0
1150.0	68.0
1151.0	54.0
1152.0	49.0
1153.0	51.0
1154.0	71.0
1155.0	66.0
1156.0	39.0
1157.0	40.0
1158.0	33.0
1159.0	34.0
1160.0	43.0
1161.0	40.0
1162.0	45.0
1163.0	36.0
1164.0	51.0
1165.0	36.0
1166.0	34.0
1167.0	32.0
1168.0	42.0
1169.0	55.0
1170.0	50.0
1171.0	58.0
1172.0	62.0
1173.0	70.0
1174.0	59.0
1175.0	49.0
1176.0	58.0
1177.0	56.0
1178.0	55.0
1179.0	55.0
1180.0	64.0
1181.0	33.0
1182.0	48.0
1183.0	41.0
1184.0	56.0
1185.0	45.0
1186.0	52.0
1187.0	55.0
1188.0	60.0
1189.0	64.0
1190.0	70.0
1191.0	80.0
1192.0	53.0
1193.0	59.0
1194.0	50.0
1195.0	66.0
1196.0	64.0
1197.0	68.0
1198.0	85.0
1199.0	94.0
1200.0	84.0
1201.0	74.0
1202.0	86.0
1203.0	68.0
1204.0	44.0
1205.0	47.0
1206.0	34.0
1207.0	43.0
1208.0	35.0
1209.0	38.0
1210.0	45.0
1211.0	43.0
1212.0	66.0
1213.0	69.0
1214.0	70.0
1215.0	65.0
1216.0	58.0
1217.0	62.0
1218.0	46.0
1219.0	29.0
1220.0	41.0
1221.0	44.0
1222.0	49.0
1223.0	62.0
1224.0	53.0
1225.0	61.0
1226.0	65.0
1227.0	82.0
1228.0	92.0
1229.0	94.0
1230.0	86.0
1231.0	78.0
1232.0	65.0
1233.0	72.0
1234.0	57.0
1235.0	87.0
1236.0	74.0
1237.0	83.0
1238.0	67.0
1239.0	83.0
1240.0	86.0
1241.0	86.0
1242.0	76.0
1243.0	85.0
1244.0	79.0
1245.0	105.0
1246.0	105.0
1247.0	88.0
1248.0	103.0
1249.0	115.0
1250.0	115.0
1251.0	88.0
1252.0	91.0
1253.0	79.0
1254.0	82.0
1255.0	82.0
1256.0	88.0
1257.0	117.0
1258.0	121.0
1259.0	114.0
1260.0	107.0
1261.0	108.0
1262.0	83.0
1263.0	80.0
1264.0	81.0
1265.0	107.0
1266.0	95.0
1267.0	85.0
1268.0	90.0
1269.0	93.0
1270.0	89.0
1271.0	79.0
1272.0	70.0
1273.0	58.0
1274.0	86.0
1275.0	85.0
1276.0	72.0
1277.0	53.0
1278.0	53.0
1279.0	56.0
1280.0	38.0
1281.0	34.0
1282.0	28.0
1283.0	28.0
1284.0	28.0
1285.0	33.0
1286.0	40.0
1287.0	27.0
1288.0	34.0
1289.0	38.0
1290.0	34.0
1291.0	31.0
1292.0	43.0
1293.0	44.0
1294.0	34.0
1295.0	50.0
1296.0	55.0
1297.0	62.0
1298.0	39.0
1299.0	27.0
1300.0	44.0
1301.0	34.0
1302.0	30.0
1303.0	51.0
1304.0	28.0
1305.0	31.0
1306.0	50.0
1307.0	40.0
1308.0	49.0
1309.0	24.0
1310.0	44.0
1311.0	41.0
1312.0	33.0
1313.0	34.0
1314.0	37.0
1315.0	39.0
1316.0	41.0
1317.0	46.0
1318.0	34.0
1319.0	32.0
1320.0	29.0
1321.0	28.0
1322.0	37.0
1323.0	33.0
1324.0	31.0
1325.0	43.0
1326.0	35.0
1327.0	41.0
1328.0	45.0
1329.0	32.0
1330.0	44.0
1331.0	41.0
1332.0	52.0
1333.0	75.0
1334.0	58.0
1335.0	78.0
1336.0	77.0
1337.0	72.0
1338.0	87.0
1339.0	91.0
1340.0	92.0
1341.0	64.0
1342.0	65.0
1343.0	47.0
1344.0	51.0
1345.0	38.0
1346.0	48.0
1347.0	44.0
1348.0	53.0
1349.0	54.0
1350.0	55.0
1351.0	51.0
1352.0	56.0
1353.0	70.0
1354.0	56.0
1355.0	42.0
1356.0	25.0
1357.0	23.0
1358.0	40.0
1359.0	26.0
1360.0	29.0
1361.0	43.0
1362.0	40.0
1363.0	35.0
1364.0	59.0
1365.0	40.0
1366.0	36.0
1367.0	43.0
1368.0	37.0
1369.0	29.0
1370.0	41.0
1371.0	32.0
1372.0	31.0
1373.0	31.0
1374.0	50.0
1375.0	55.0
1376.0	64.0
1377.0	66.0
1378.0	65.0
1379.0	76.0
1380.0	64.0
1381.0	63.0
1382.0	60.0
1383.0	50.0
1384.0	58.0
1385.0	75.0
1386.0	56.0
1387.0	66.0
1388.0	53.0
1389.0	70.0
1390.0	70.0
1391.0	95.0
1392.0	77.0
1393.0	79.0
1394.0	102.0
1395.0	116.0
1396.0	150.0
1397.0	152.0
1398.0	115.0
1399.0	94.0
1400.0	70.0
1401.0	70.0
1402.0	70.0
1403.0	55.0
1404.0	72.0
1405.0	77.0
1406.0	75.0
1407.0	89.0
1408.0	82.0
1409.0	88.0
1410.0	87.0
1411.0	78.0
1412.0	85.0
1413.0	65.0
1414.0	71.0
1415.0	69.0
1416.0	44.0
1417.0	56.0
1418.0	54.0
1419.0	61.0
1420.0	58.0
1421.0	67.0
1422.0	78.0
1423.0	96.0
1424.0	90.0
1425.0	88.0
1426.0	70.0
1427.0	72.0
1428.0	70.0
1429.0	67.0
1430.0	59.0
1431.0	47.0
1432.0	55.0
1433.0	73.0
1434.0	71.0
1435.0	82.0
1436.0	83.0
1437.0	106.0
1438.0	101.0
1439.0	111.0
1440.0	80.0
1441.0	68.0
1442.0	73.0
1443.0	69.0
1444.0	73.0
1445.0	91.0
1446.0	77.0
1447.0	102.0
1448.0	105.0
1449.0	112.0
1450.0	108.0
1451.0	93.0
1452.0	95.0
1453.0	97.0
1454.0	83.0
1455.0	73.0
1456.0	65.0
1457.0	53.0
1458.0	55.0
1459.0	62.0
1460.0	58.0
1461.0	73.0
1462.0	61.0
1463.0	90.0
1464.0	72.0
1465.0	81.0
1466.0	54.0
1467.0	76.0
1468.0	78.0
1469.0	87.0
1470.0	71.0
1471.0	80.0
1472.0	70.0
1473.0	69.0
1474.0	71.0
1475.0	77.0
1476.0	80.0
1477.0	81.0
1478.0	83.0
1479.0	78.0
1480.0	67.0
1481.0	76.0
1482.0	49.0
1483.0	68.0
1484.0	68.0
1485.0	85.0
1486.0	107.0
1487.0	75.0
1488.0	56.0
1489.0	60.0
1490.0	55.0
1491.0	74.0
1492.0	56.0
1493.0	73.0
1494.0	79.0
1495.0	87.0
1496.0	92.0
1497.0	81.0
1498.0	63.0
1499.0	63.0
1500.0	75.0
1501.0	78.0
1502.0	96.0
1503.0	102.0
1504.0	115.0
1505.0	86.0
1506.0	106.0
1507.0	94.0
1508.0	73.0
1509.0	76.0
1510.0	67.0
1511.0	59.0
1512.0	44.0
1513.0	37.0
1514.0	39.0
1515.0	25.0
1516.0	34.0
1517.0	35.0
1518.0	30.0
1519.0	41.0
1520.0	17.0
1521.0	40.0
1522.0	21.0
1523.0	26.0
1524.0	21.0
1525.0	24.0
1526.0	24.0
1527.0	32.0
1528.0	33.0
1529.0	49.0
1530.0	41.0
1531.0	58.0
1532.0	61.0
1533.0	60.0
1534.0	54.0
1535.0	45.0
1536.0	72.0
1537.0	68.0
1538.0	96.0
1539.0	72.0
1540.0	57.0
1541.0	63.0
1542.0	49.0
1543.0	59.0
1544.0	45.0
1545.0	55.0
1546.0	57.0
1547.0	67.0
1548.0	74.0
1549.0	81.0
1550.0	121.0
1551.0	103.0
1552.0	88.0
1553.0	72.0
1554.0	78.0
1555.0	63.0
1556.0	48.0
1557.0	54.0
1558.0	47.0
1559.0	59.0
1560.0	67.0
1561.0	94.0
1562.0	100.0
1563.0	105.0
1564.0	140.0
1565.0	152.0
1566.0	151.0
1567.0	138.0
1568.0	165.0
1569.0	185.0
1570.0	258.0
1571.0	301.0
1572.0	311.0
1573.0	326.0
1574.0	330.0
1575.0	273.0
1576.0	209.0
1577.0	123.0
1578.0	91.0
1579.0	103.0
1580.0	120.0
1581.0	110.0
1582.0	98.0
1583.0	87.0
1584.0	94.0
1585.0	79.0
1586.0	107.0
1587.0	105.0
1588.0	102.0
1589.0	112.0
1590.0	92.0
1591.0	93.0
1592.0	95.0
1593.0	74.0
1594.0	75.0
1595.0	79.0
1596.0	64.0
1597.0	87.0
1598.0	89.0
1599.0	101.0
1600.0	102.0
1601.0	94.0
1602.0	115.0
1603.0	101.0
1604.0	108.0
1605.0	97.0
1606.0	100.0
1607.0	113.0
1608.0	117.0
1609.0	118.0
1610.0	98.0
1611.0	94.0
1612.0	83.0
1613.0	78.0
1614.0	71.0
1615.0	85.0
1616.0	86.0
1617.0	86.0
1618.0	101.0
1619.0	90.0
1620.0	101.0
1621.0	104.0
1622.0	88.0
1623.0	111.0
1624.0	111.0
1625.0	140.0
1626.0	143.0
1627.0	146.0
1628.0	148.0
1629.0	118.0
1630.0	91.0
1631.0	74.0
1632.0	86.0
1633.0	75.0
1634.0	84.0
1635.0	96.0
1636.0	94.0
1637.0	119.0
1638.0	116.0
1639.0	120.0
1640.0	140.0
1641.0	146.0
1642.0	141.0
1643.0	127.0
1644.0	145.0
1645.0	149.0
1646.0	160.0
1647.0	154.0
1648.0	182.0
1649.0	189.0
1650.0	180.0
1651.0	196.0
1652.0	211.0
1653.0	161.0
1654.0	186.0
1655.0	190.0
1656.0	172.0
1657.0	172.0
1658.0	181.0
1659.0	189.0
1660.0	192.0
1661.0	199.0
1662.0	185.0
1663.0	209.0
1664.0	185.0
1665.0	221.0
1666.0	192.0
1667.0	206.0
1668.0	189.0
1669.0	190.0
1670.0	144.0
1671.0	150.0
1672.0	138.0
1673.0	90.0
1674.0	74.0
1675.0	52.0
1676.0	36.0
1677.0	30.0
1678.0	21.0
1679.0	36.0
1680.0	18.0
1681.0	28.0
1682.0	36.0
1683.0	44.0
1684.0	44.0
1685.0	43.0
1686.0	57.0
1687.0	48.0
1688.0	62.0
1689.0	60.0
1690.0	83.0
1691.0	68.0
1692.0	64.0
1693.0	34.0
1694.0	41.0
1695.0	32.0
1696.0	40.0
1697.0	59.0
1698.0	68.0
1699.0	69.0
1700.0	56.0
1701.0	62.0
1702.0	67.0
1703.0	52.0
1704.0	57.0
1705.0	39.0
1706.0	36.0
1707.0	43.0
1708.0	43.0
1709.0	31.0
1710.0	26.0
1711.0	24.0
1712.0	37.0
1713.0	29.0
1714.0	28.0
1715.0	30.0
1716.0	34.0
1717.0	32.0
1718.0	47.0
1719.0	51.0
1720.0	46.0
1721.0	75.0
1722.0	84.0
1723.0	94.0
1724.0	90.0
1725.0	71.0
1726.0	80.0
1727.0	82.0
1728.0	73.0
1729.0	66.0
1730.0	59.0
1731.0	79.0
1732.0	73.0
1733.0	53.0
1734.0	52.0
1735.0	25.0
1736.0	28.0
1737.0	32.0
1738.0	20.0
1739.0	22.0
1740.0	24.0
1741.0	22.0
1742.0	21.0
1743.0	24.0
1744.0	18.0
1745.0	25.0
1746.0	23.0
1747.0	19.0
1748.0	23.0
1749.0	23.0
1750.0	34.0
1751.0	30.0
1752.0	40.0
1753.0	24.0
1754.0	31.0
1755.0	25.0
1756.0	39.0
1757.0	29.0
1758.0	29.0
1759.0	36.0
1760.0	19.0
1761.0	23.0
1762.0	39.0
1763.0	25.0
1764.0	27.0
1765.0	40.0
1766.0	23.0
1767.0	35.0
1768.0	50.0
1769.0	47.0
1770.0	53.0
1771.0	47.0
1772.0	59.0
1773.0	46.0
1774.0	47.0
1775.0	39.0
1776.0	40.0
1777.0	30.0
1778.0	40.0
1779.0	37.0
1780.0	52.0
1781.0	39.0
1782.0	44.0
1783.0	35.0
1784.0	37.0
1785.0	26.0
1786.0	21.0
1787.0	24.0
1788.0	28.0
1789.0	22.0
1790.0	25.0
1791.0	25.0
1792.0	20.0
1793.0	26.0
1794.0	20.0
1795.0	19.0
1796.0	24.0
1797.0	22.0
1798.0	15.0
1799.0	20.0
1800.0	17.0
1801.0	18.0
1802.0	19.0
1803.0	23.0
1804.0	16.0
1805.0	12.0
1806.0	16.0
1807.0	23.0
1808.0	18.0
1809.0	12.0
1810.0	20.0
1811.0	15.0
1812.0	13.0
1813.0	17.0
1814.0	12.0
1815.0	13.0
1816.0	17.0
1817.0	15.0
1818.0	12.0
1819.0	7.0
1820.0	8.0
1821.0	4.0
1822.0	7.0
1823.0	6.0
1824.0	6.0
1825.0	8.0
1826.0	15.0
1827.0	9.0
1828.0	10.0
1829.0	10.0
1830.0	14.0
1831.0	15.0
1832.0	20.0
1833.0	15.0
1834.0	20.0
1835.0	10.0
1836.0	21.0
1837.0	11.0
1838.0	15.0
1839.0	20.0
1840.0	18.0
1841.0	31.0
1842.0	31.0
1843.0	39.0
1844.0	24.0
1845.0	26.0
1846.0	34.0
1847.0	27.0
1848.0	39.0
1849.0	30.0
1850.0	19.0
1851.0	28.0
1852.0	17.0
1853.0	23.0
1854.0	9.0
1855.0	17.0
1856.0	19.0
1857.0	18.0
1858.0	26.0
1859.0	19.0
1860.0	25.0
1861.0	29.0
1862.0	31.0
1863.0	46.0
1864.0	53.0
1865.0	59.0
1866.0	75.0
1867.0	88.0
1868.0	83.0
1869.0	95.0
1870.0	95.0
1871.0	103.0
1872.0	120.0
1873.0	82.0
1874.0	79.0
1875.0	95.0
1876.0	86.0
1877.0	83.0
1878.0	77.0
1879.0	81.0
1880.0	88.0
1881.0	69.0
1882.0	75.0
1883.0	59.0
1884.0	72.0
1885.0	35.0
1886.0	50.0
1887.0	36.0
1888.0	37.0
1889.0	40.0
1890.0	42.0
1891.0	32.0
1892.0	36.0
1893.0	52.0
1894.0	42.0
1895.0	42.0
1896.0	43.0
1897.0	39.0
1898.0	36.0
1899.0	25.0
1900.0	41.0
1901.0	41.0
1902.0	25.0
1903.0	35.0
1904.0	51.0
1905.0	37.0
1906.0	53.0
1907.0	29.0
1908.0	43.0
1909.0	49.0
1910.0	51.0
1911.0	47.0
1912.0	56.0
1913.0	58.0
1914.0	39.0
1915.0	37.0
1916.0	34.0
1917.0	42.0
1918.0	40.0
1919.0	47.0
1920.0	46.0
1921.0	43.0
1922.0	45.0
1923.0	35.0
1924.0	46.0
1925.0	50.0
1926.0	51.0
1927.0	46.0
1928.0	37.0
1929.0	68.0
1930.0	57.0
1931.0	56.0
1932.0	55.0
1933.0	66.0
1934.0	59.0
1935.0	77.0
1936.0	84.0
1937.0	100.0
1938.0	68.0
1939.0	69.0
1940.0	57.0
1941.0	35.0
1942.0	24.0
1943.0	18.0
1944.0	19.0
1945.0	9.0
1946.0	10.0
1947.0	15.0
1948.0	22.0
1949.0	13.0
1950.0	21.0
1951.0	20.0
1952.0	30.0
1953.0	27.0
1954.0	21.0
1955.0	18.0
1956.0	38.0
1957.0	25.0
1958.0	25.0
1959.0	22.0
1960.0	20.0
1961.0	21.0
1962.0	19.0
1963.0	14.0
1964.0	15.0
1965.0	14.0
1966.0	17.0
1967.0	10.0
1968.0	15.0
1969.0	11.0
1970.0	10.0
1971.0	10.0
1972.0	13.0
1973.0	10.0
1974.0	18.0
1975.0	13.0
1976.0	23.0
1977.0	26.0
1978.0	13.0
1979.0	28.0
1980.0	17.0
1981.0	19.0
1982.0	19.0
1983.0	26.0
1984.0	26.0
1985.0	19.0
1986.0	33.0
1987.0	33.0
1988.0	21.0
1989.0	23.0
1990.0	28.0
1991.0	25.0
1992.0	35.0
1993.0	18.0
1994.0	30.0
1995.0	29.0
1996.0	32.0
1997.0	27.0
1998.0	31.0
1999.0	33.0
2000.0	32.0
2001.0	28.0
2002.0	22.0
2003.0	17.0
2004.0	21.0
2005.0	23.0
2006.0	18.0
2007.0	19.0
2008.0	11.0
2009.0	12.0
2010.0	16.0
2011.0	10.0
2012.0	17.0
2013.0	19.0
2014.0	21.0
2015.0	17.0
2016.0	22.0
2017.0	24.0
2018.0	29.0
2019.0	30.0
2020.0	36.0
2021.0	35.0
2022.0	34.0
2023.0	40.0
2024.0	32.0
2025.0	21.0
2026.0	31.0
2027.0	31.0
2028.0	39.0
2029.0	31.0
2030.0	49.0
2031.0	38.0
2032.0	41.0
2033.0	46.0
2034.0	36.0
2035.0	36.0
2036.0	45.0
2037.0	44.0
2038.0	34.0
2039.0	23.0
2040.0	36.0
2041.0	32.0
2042.0	28.0
2043.0	42.0
2044.0	43.0
2045.0	45.0
2046.0	68.0
2047.0	63.0
2048.0	70.0
2049.0	74.0
2050.0	85.0
2051.0	61.0
2052.0	60.0
2053.0	64.0
2054.0	81.0
2055.0	64.0
2056.0	65.0
2057.0	56.0
2058.0	70.0
2059.0	94.0
2060.0	105.0
2061.0	100.0
2062.0	133.0
2063.0	120.0
2064.0	109.0
2065.0	98.0
2066.0	88.0
2067.0	39.0
2068.0	26.0
2069.0	11.0
2070.0	18.0
2071.0	23.0
2072.0	21.0
2073.0	30.0
2074.0	24.0
2075.0	22.0
2076.0	26.0
2077.0	13.0
2078.0	19.0
2079.0	14.0
2080.0	17.0
2081.0	11.0
2082.0	25.0
2083.0	28.0
2084.0	49.0
2085.0	51.0
2086.0	52.0
2087.0	76.0
2088.0	77.0
2089.0	86.0
2090.0	72.0
2091.0	46.0
2092.0	48.0
2093.0	32.0
2094.0	38.0
2095.0	54.0
2096.0	69.0
2097.0	82.0
2098.0	108.0
2099.0	97.0
2100.0	74.0
2101.0	100.0
2102.0	95.0
2103.0	84.0
2104.0	77.0
2105.0	65.0
2106.0	57.0
2107.0	38.0
2108.0	51.0
2109.0	63.0
2110.0	70.0
2111.0	83.0
2112.0	71.0
2113.0	85.0
2114.0	67.0
2115.0	45.0
2116.0	43.0
2117.0	35.0
2118.0	36.0
2119.0	33.0
2120.0	27.0
2121.0	36.0
2122.0	28.0
2123.0	28.0
2124.0	49.0
2125.0	44.0
2126.0	22.0
2127.0	40.0
2128.0	35.0
2129.0	36.0
2130.0	51.0
2131.0	77.0
2132.0	81.0
2133.0	109.0
2134.0	97.0
2135.0	118.0
2136.0	100.0
2137.0	91.0
2138.0	71.0
2139.0	72.0
2140.0	93.0
2141.0	78.0
2142.0	88.0
2143.0	81.0
2144.0	78.0
2145.0	87.0
2146.0	117.0
2147.0	144.0
2148.0	145.0
2149.0	150.0
2150.0	137.0
2151.0	93.0
2152.0	61.0
2153.0	37.0
2154.0	8.0
2155.0	10.0
2156.0	7.0
2157.0	16.0
2158.0	7.0
2159.0	8.0
2160.0	7.0
2161.0	5.0
2162.0	9.0
2163.0	6.0
2164.0	3.0
2165.0	4.0
2166.0	11.0
2167.0	5.0
2168.0	11.0
2169.0	17.0
2170.0	8.0
2171.0	6.0
2172.0	10.0
2173.0	15.0
2174.0	10.0
2175.0	8.0
2176.0	10.0
2177.0	4.0
2178.0	7.0
2179.0	2.0
2180.0	5.0
2181.0	3.0
2182.0	6.0
2183.0	7.0
2184.0	4.0
2185.0	5.0
2186.0	5.0
2187.0	3.0
2188.0	8.0
2189.0	5.0
2190.0	10.0
2191.0	5.0
2192.0	2.0
2193.0	9.0
2194.0	6.0
2195.0	5.0
2196.0	11.0
2197.0	8.0
2198.0	5.0
2199.0	11.0
2200.0	5.0
2201.0	8.0
2202.0	7.0
2204.0	5.0
2205.0	2.0
2206.0	3.0
2207.0	5.0
2208.0	2.0
2209.0	5.0
2210.0	2.0
2211.0	8.0
2212.0	3.0
2213.0	4.0
2214.0	2.0
2215.0	9.0
2216.0	4.0
2217.0	6.0
2218.0	5.0
2219.0	7.0
2220.0	8.0
2221.0	7.0
2222.0	2.0
2223.0	5.0
2224.0	5.0
2225.0	6.0
2226.0	4.0
2227.0	4.0
2228.0	9.0
2229.0	7.0
2230.0	9.0
2231.0	5.0
2232.0	16.0
2233.0	9.0
2234.0	6.0
2235.0	11.0
2236.0	9.0
2237.0	7.0
2238.0	11.0
2239.0	5.0
2240.0	7.0
2241.0	11.0
2242.0	5.0
2243.0	9.0
2244.0	5.0
2245.0	6.0
2246.0	8.0
2247.0	5.0
2248.0	5.0
2249.0	4.0
2250.0	9.0
2251.0	7.0
2252.0	6.0
2253.0	5.0
2254.0	5.0
2255.0	6.0
2256.0	6.0
2257.0	15.0
2258.0	8.0
2259.0	12.0
2260.0	13.0
2261.0	9.0
2262.0	6.0
2263.0	9.0
2264.0	8.0
2265.0	10.0
2266.0	5.0
2267.0	5.0
2268.0	9.0
2269.0	3.0
2270.0	4.0
2271.0	4.0
2272.0	5.0
2273.0	8.0
2274.0	4.0
2275.0	6.0
2276.0	4.0
2277.0	7.0
2278.0	2.0
2279.0	4.0
2280.0	9.0
2281.0	7.0
2282.0	6.0
2283.0	3.0
2284.0	7.0
2285.0	5.0
2286.0	3.0
2287.0	8.0
2288.0	7.0
2289.0	9.0
2290.0	5.0
2291.0	2.0
2292.0	10.0
2293.0	6.0
2294.0	8.0
2295.0	10.0
2296.0	3.0
2297.0	8.0
2298.0	7.0
2299.0	10.0
2300.0	4.0
2301.0	5.0
2302.0	6.0
2303.0	3.0
2304.0	2.0
2305.0	2.0
2306.0	4.0
2307.0	5.0
2308.0	9.0
2309.0	7.0
2310.0	5.0
2311.0	7.0
2312.0	4.0
2313.0	7.0
2314.0	14.0
2315.0	10.0
2316.0	7.0
2317.0	4.0
2318.0	5.0
2319.0	8.0
2320.0	4.0
2321.0	6.0
2322.0	6.0
2323.0	11.0
2324.0	7.0
2325.0	3.0
2326.0	10.0
2327.0	9.0
2328.0	9.0
2329.0	6.0
2330.0	7.0
2331.0	6.0
2332.0	9.0
2333.0	12.0
2334.0	9.0
2335.0	10.0
2336.0	5.0
2337.0	9.0
2338.0	7.0
2339.0	3.0
2340.0	11.0
2341.0	3.0
2342.0	8.0
2343.0	2.0
2344.0	3.0
2345.0	6.0
2346.0	5.0
2347.0	6.0
2348.0	5.0
2349.0	2.0
2350.0	6.0
2351.0	6.0
2352.0	9.0
2353.0	4.0
2354.0	15.0
2355.0	5.0
2356.0	15.0
2357.0	12.0
2358.0	18.0
2359.0	6.0
2360.0	7.0
2361.0	7.0
2362.0	8.0
2363.0	8.0
2364.0	4.0
2365.0	4.0
2366.0	7.0
2367.0	4.0
2368.0	5.0
2369.0	7.0
2370.0	6.0
2371.0	7.0
2372.0	8.0
2373.0	10.0
2374.0	5.0
2375.0	6.0
2376.0	6.0
2377.0	3.0
2378.0	7.0
2379.0	6.0
2380.0	14.0
2381.0	3.0
2382.0	6.0
2383.0	10.0
2384.0	8.0
2385.0	7.0
2386.0	7.0
2387.0	9.0
2388.0	6.0
2389.0	7.0
2390.0	7.0
2391.0	6.0
2392.0	9.0
2393.0	8.0
2394.0	14.0
2395.0	5.0
2396.0	12.0
2397.0	10.0
2398.0	10.0
2399.0	14.0
2400.0	12.0
2401.0	14.0
2402.0	12.0
2403.0	9.0
2404.0	8.0
2405.0	5.0
2406.0	4.0
2407.0	5.0
2408.0	12.0
2409.0	7.0
2410.0	10.0
2411.0	11.0
2412.0	6.0
2413.0	13.0
2414.0	5.0
2415.0	10.0
2416.0	11.0
2417.0	12.0
2418.0	7.0
2419.0	6.0
2420.0	11.0
2421.0	7.0
2422.0	6.0
2423.0	8.0
2424.0	9.0
2425.0	8.0
2426.0	9.0
2427.0	13.0
2428.0	9.0
2429.0	9.0
2430.0	13.0
2431.0	9.0
2432.0	11.0
2433.0	4.0
2434.0	10.0
2435.0	10.0
2436.0	5.0
2437.0	9.0
2438.0	10.0
2439.0	4.0
2440.0	10.0
2441.0	10.0
2442.0	4.0
2443.0	6.0
2444.0	12.0
2445.0	8.0
2446.0	10.0
2447.0	7.0
2448.0	10.0
2449.0	6.0
2450.0	11.0
2451.0	12.0
2452.0	12.0
2453.0	6.0
2454.0	7.0
2455.0	4.0
2456.0	8.0
2457.0	6.0
2458.0	17.0
2459.0	13.0
2460.0	6.0
2461.0	5.0
2462.0	8.0
2463.0	4.0
2464.0	7.0
2465.0	8.0
2466.0	4.0
2467.0	10.0
2468.0	6.0
2469.0	10.0
2470.0	12.0
2471.0	8.0
2472.0	8.0
2473.0	4.0
2474.0	7.0
2475.0	7.0
2476.0	7.0
2477.0	8.0
2478.0	7.0
2479.0	7.0
2480.0	11.0
2481.0	8.0
2482.0	11.0
2483.0	13.0
2484.0	10.0
2485.0	4.0
2486.0	7.0
2487.0	10.0
2488.0	9.0
2489.0	13.0
2490.0	11.0
2491.0	10.0
2492.0	3.0
2493.0	11.0
2494.0	10.0
2495.0	9.0
2496.0	5.0
2497.0	6.0
2498.0	3.0
2499.0	11.0
2500.0	6.0
2501.0	3.0
2502.0	10.0
2503.0	11.0
2504.0	3.0
2505.0	6.0
2506.0	5.0
2507.0	6.0
2508.0	7.0
2509.0	8.0
2510.0	6.0
2511.0	7.0
2512.0	7.0
2513.0	9.0
2514.0	4.0
2515.0	10.0
2516.0	10.0
2517.0	10.0
2518.0	8.0
2519.0	8.0
2520.0	11.0
2521.0	11.0
2522.0	7.0
2523.0	7.0
2524.0	7.0
2525.0	10.0
2526.0	14.0
2527.0	13.0
2528.0	14.0
2529.0	12.0
2530.0	10.0
2531.0	8.0
2532.0	12.0
2533.0	7.0
2534.0	21.0
2535.0	10.0
2536.0	13.0
2537.0	10.0
2538.0	9.0
2539.0	2.0
2540.0	7.0
2541.0	9.0
2542.0	9.0
2543.0	9.0
2544.0	8.0
2545.0	7.0
2546.0	11.0
2547.0	8.0
2548.0	6.0
2549.0	7.0
2550.0	5.0
2551.0	3.0
2552.0	10.0
2553.0	8.0
2554.0	9.0
2555.0	7.0
2556.0	13.0
2557.0	7.0
2558.0	16.0
2559.0	11.0
2560.0	10.0
2561.0	20.0
2562.0	11.0
2563.0	13.0
2564.0	15.0
2565.0	14.0
2566.0	7.0
2567.0	18.0
2568.0	11.0
2569.0	13.0
2570.0	14.0
2571.0	21.0
2572.0	12.0
2573.0	9.0
2574.0	12.0
2575.0	20.0
2576.0	14.0
2577.0	13.0
2578.0	15.0
2579.0	14.0
2580.0	8.0
2581.0	11.0
2582.0	13.0
2583.0	12.0
2584.0	10.0
2585.0	16.0
2586.0	7.0
2587.0	13.0
2588.0	6.0
2589.0	10.0
2590.0	6.0
2591.0	7.0
2592.0	13.0
2593.0	6.0
2594.0	6.0
2595.0	5.0
2596.0	4.0
2597.0	10.0
2598.0	6.0
2599.0	9.0
2600.0	5.0
2601.0	6.0
2602.0	9.0
2603.0	5.0
2604.0	5.0
2605.0	4.0
2606.0	6.0
2607.0	5.0
2608.0	7.0
2609.0	9.0
2610.0	12.0
2611.0	9.0
2612.0	5.0
2613.0	8.0
2614.0	10.0
2615.0	9.0
2616.0	9.0
2617.0	6.0
2618.0	5.0
2619.0	5.0
2620.0	4.0
2621.0	5.0
2622.0	2.0
2623.0	4.0
2624.0	2.0
2625.0	3.0
2626.0	2.0
2627.0	4.0
2628.0	4.0
2629.0	3.0
2630.0	3.0
2631.0	5.0
2632.0	5.0
2633.0	3.0
2634.0	5.0
2635.0	2.0
2636.0	7.0
2637.0	5.0
2638.0	6.0
2639.0	12.0
2640.0	10.0
2641.0	5.0
2642.0	10.0
2643.0	10.0
2644.0	4.0
2645.0	6.0
2646.0	4.0
2647.0	9.0
2648.0	2.0
2649.0	7.0
2650.0	13.0
2651.0	4.0
2652.0	2.0
2653.0	7.0
2654.0	4.0
2655.0	4.0
2656.0	5.0
2657.0	1.0
2658.0	2.0
2659.0	8.0
2660.0	11.0
2661.0	9.0
2662.0	6.0
2663.0	6.0
2664.0	6.0
2665.0	12.0
2666.0	14.0
2667.0	11.0
2668.0	10.0
2669.0	5.0
2670.0	7.0
2671.0	8.0
2672.0	9.0
2673.0	13.0
2674.0	15.0
2675.0	14.0
2676.0	18.0
2677.0	16.0
2678.0	9.0
2679.0	18.0
2680.0	23.0
2681.0	19.0
2682.0	10.0
2683.0	13.0
2684.0	13.0
2685.0	10.0
2686.0	10.0
2687.0	18.0
2688.0	14.0
2689.0	9.0
2690.0	9.0
2691.0	12.0
2692.0	15.0
2693.0	16.0
2694.0	17.0
2695.0	14.0
2696.0	9.0
2697.0	5.0
2698.0	8.0
2699.0	11.0
2700.0	2.0
2701.0	6.0
2702.0	10.0
2703.0	9.0
2704.0	3.0
2705.0	10.0
2706.0	10.0
2707.0	16.0
2708.0	11.0
2709.0	10.0
2710.0	13.0
2711.0	16.0
2712.0	12.0
2713.0	14.0
2714.0	21.0
2715.0	15.0
2716.0	15.0
2717.0	16.0
2718.0	5.0
2719.0	19.0
2720.0	16.0
2721.0	16.0
2722.0	17.0
2723.0	7.0
2724.0	8.0
2725.0	9.0
2726.0	20.0
2727.0	7.0
2728.0	10.0
2729.0	13.0
2730.0	11.0
2731.0	6.0
2732.0	11.0
2733.0	11.0
2734.0	12.0
2735.0	6.0
2736.0	12.0
2737.0	12.0
2738.0	11.0
2739.0	4.0
2740.0	8.0
2741.0	12.0
2742.0	5.0
2743.0	7.0
2744.0	10.0
2745.0	6.0
2746.0	6.0
2747.0	5.0
2748.0	10.0
2749.0	5.0
2750.0	7.0
2751.0	8.0
2752.0	2.0
2753.0	6.0
2754.0	7.0
2755.0	3.0
2756.0	9.0
2757.0	10.0
2758.0	8.0
2759.0	4.0
2760.0	10.0
2761.0	12.0
2762.0	6.0
2763.0	15.0
2764.0	5.0
2765.0	13.0
2766.0	7.0
2767.0	12.0
2768.0	9.0
2769.0	12.0
2770.0	13.0
2771.0	10.0
2772.0	14.0
2773.0	14.0
2774.0	14.0
2775.0	13.0
2776.0	12.0
2777.0	17.0
2778.0	9.0
2779.0	12.0
2780.0	7.0
2781.0	10.0
2782.0	16.0
2783.0	8.0
2784.0	8.0
2785.0	4.0
2786.0	12.0
2787.0	15.0
2788.0	10.0
2789.0	9.0
2790.0	11.0
2791.0	15.0
2792.0	8.0
2793.0	13.0
2794.0	12.0
2795.0	20.0
2796.0	9.0
2797.0	19.0
2798.0	14.0
2799.0	20.0
2800.0	12.0
2801.0	19.0
2802.0	17.0
2803.0	19.0
2804.0	16.0
2805.0	17.0
2806.0	11.0
2807.0	20.0
2808.0	19.0
2809.0	20.0
2810.0	19.0
2811.0	20.0
2812.0	14.0
2813.0	22.0
2814.0	14.0
2815.0	23.0
2816.0	18.0
2817.0	15.0
2818.0	17.0
2819.0	17.0
2820.0	15.0
2821.0	9.0
2822.0	19.0
2823.0	15.0
2824.0	16.0
2825.0	7.0
2826.0	10.0
2827.0	9.0
2828.0	14.0
2829.0	12.0
2830.0	14.0
2831.0	14.0
2832.0	9.0
2833.0	14.0
2834.0	22.0
2835.0	13.0
2836.0	15.0
2837.0	16.0
2838.0	13.0
2839.0	15.0
2840.0	20.0
2841.0	10.0
2842.0	19.0
2843.0	14.0
2844.0	25.0
2845.0	19.0
2846.0	18.0
2847.0	15.0
2848.0	16.0
2849.0	13.0
2850.0	14.0
2851.0	16.0
2852.0	15.0
2853.0	18.0
2854.0	13.0
2855.0	7.0
2856.0	17.0
2857.0	8.0
2858.0	9.0
2859.0	12.0
2860.0	9.0
2861.0	11.0
2862.0	9.0
2863.0	12.0
2864.0	19.0
2865.0	15.0
2866.0	14.0
2867.0	15.0
2868.0	20.0
2869.0	10.0
2870.0	13.0
2871.0	11.0
2872.0	6.0
2873.0	6.0
2874.0	8.0
2875.0	7.0
2876.0	7.0
2877.0	9.0
2878.0	6.0
2879.0	6.0
2880.0	5.0
2881.0	13.0
2882.0	13.0
2883.0	15.0
2884.0	19.0
2885.0	15.0
2886.0	14.0
2887.0	17.0
2888.0	14.0
2889.0	13.0
2890.0	7.0
2891.0	12.0
2892.0	13.0
2893.0	6.0
2894.0	13.0
2895.0	15.0
2896.0	12.0
2897.0	19.0
2898.0	14.0
2899.0	21.0
2900.0	15.0
2901.0	16.0
2902.0	17.0
2903.0	15.0
2904.0	20.0
2905.0	19.0
2906.0	23.0
2907.0	14.0
2908.0	14.0
2909.0	14.0
2910.0	16.0
2911.0	18.0
2912.0	25.0
2913.0	17.0
2914.0	11.0
2915.0	18.0
2916.0	20.0
2917.0	18.0
2918.0	21.0
2919.0	9.0
2920.0	21.0
2921.0	10.0
2922.0	15.0
2923.0	14.0
2924.0	25.0
2925.0	20.0
2926.0	19.0
2927.0	22.0
2928.0	18.0
2929.0	18.0
2930.0	17.0
2931.0	18.0
2932.0	15.0
2933.0	10.0
2934.0	11.0
2935.0	15.0
2936.0	11.0
2937.0	3.0
2938.0	6.0
2939.0	5.0
2940.0	15.0
2941.0	7.0
2942.0	16.0
2943.0	10.0
2944.0	17.0
2945.0	11.0
2946.0	25.0
2947.0	18.0
2948.0	12.0
2949.0	13.0
2950.0	11.0
2951.0	12.0
2952.0	7.0
2953.0	9.0
2954.0	12.0
2955.0	13.0
2956.0	12.0
2957.0	12.0
2958.0	14.0
2959.0	15.0
2960.0	14.0
2961.0	13.0
2962.0	18.0
2963.0	18.0
2964.0	17.0
2965.0	15.0
2966.0	19.0
2967.0	22.0
2968.0	21.0
2969.0	32.0
2970.0	27.0
2971.0	36.0
2972.0	31.0
2973.0	37.0
2974.0	32.0
2975.0	32.0
2976.0	30.0
2977.0	27.0
2978.0	31.0
2979.0	31.0
2980.0	34.0
2981.0	37.0
2982.0	27.0
2983.0	33.0
2984.0	20.0
2985.0	27.0
2986.0	25.0
2987.0	23.0
2988.0	32.0
2989.0	26.0
2990.0	34.0
2991.0	24.0
2992.0	33.0
2993.0	50.0
2994.0	40.0
2995.0	37.0
2996.0	42.0
2997.0	28.0
2998.0	40.0
2999.0	27.0
3000.0	31.0
3001.0	15.0
3002.0	23.0
3003.0	28.0
3004.0	34.0
3005.0	17.0
3006.0	30.0
3007.0	23.0
3008.0	16.0
3009.0	20.0
3010.0	27.0
3011.0	18.0
3012.0	20.0
3013.0	22.0
3014.0	17.0
3015.0	16.0
3016.0	16.0
3017.0	29.0
3018.0	17.0
3019.0	30.0
3020.0	31.0
3021.0	31.0
3022.0	26.0
3023.0	34.0
3024.0	35.0
3025.0	33.0
3026.0	44.0
3027.0	48.0
3028.0	42.0
3029.0	39.0
3030.0	45.0
3031.0	49.0
3032.0	37.0
3033.0	27.0
3034.0	26.0
3035.0	31.0
3036.0	24.0
3037.0	17.0
3038.0	23.0
3039.0	27.0
3040.0	24.0
3041.0	28.0
3042.0	24.0
3043.0	20.0
3044.0	21.0
3045.0	26.0
3046.0	26.0
3047.0	20.0
3048.0	14.0
3049.0	18.0
3050.0	17.0
3051.0	18.0
3052.0	16.0
3053.0	26.0
3054.0	16.0
3055.0	20.0
3056.0	17.0
3057.0	16.0
3058.0	29.0
3059.0	20.0
3060.0	21.0
3061.0	25.0
3062.0	44.0
3063.0	53.0
3064.0	35.0
3065.0	51.0
3066.0	47.0
3067.0	46.0
3068.0	58.0
3069.0	54.0
3070.0	50.0
3071.0	49.0
3072.0	42.0
3073.0	52.0
3074.0	35.0
3075.0	34.0
3076.0	19.0
3077.0	27.0
3078.0	18.0
3079.0	23.0
3080.0	15.0
3081.0	11.0
3082.0	13.0
3083.0	6.0
3084.0	17.0
3085.0	14.0
3086.0	11.0
3087.0	18.0
3088.0	22.0
3089.0	14.0
3090.0	30.0
3091.0	22.0
3092.0	18.0
3093.0	24.0
3094.0	19.0
3095.0	23.0
3096.0	33.0
3097.0	29.0
3098.0	28.0
3099.0	31.0
3100.0	29.0
3101.0	30.0
3102.0	31.0
3103.0	43.0
3104.0	34.0
3105.0	35.0
3106.0	34.0
3107.0	30.0
3108.0	29.0
3109.0	35.0
3110.0	21.0
3111.0	33.0
3112.0	22.0
3113.0	32.0
3114.0	23.0
3115.0	32.0
3116.0	46.0
3117.0	42.0
3118.0	30.0
3119.0	29.0
3120.0	52.0
3121.0	48.0
3122.0	56.0
3123.0	60.0
3124.0	45.0
3125.0	64.0
3126.0	46.0
3127.0	67.0
3128.0	49.0
3129.0	58.0
3130.0	49.0
3131.0	60.0
3132.0	57.0
3133.0	47.0
3134.0	22.0
3135.0	33.0
3136.0	30.0
3137.0	29.0
3138.0	34.0
3139.0	29.0
3140.0	25.0
3141.0	29.0
3142.0	35.0
3143.0	32.0
3144.0	32.0
3145.0	31.0
3146.0	32.0
3147.0	44.0
3148.0	29.0
3149.0	33.0
3150.0	32.0
3151.0	40.0
3152.0	35.0
3153.0	43.0
3154.0	34.0
3155.0	41.0
3156.0	44.0
3157.0	36.0
3158.0	32.0
3159.0	26.0
3160.0	41.0
3161.0	30.0
3162.0	39.0
3163.0	32.0
3164.0	57.0
3165.0	36.0
3166.0	37.0
3167.0	20.0
3168.0	31.0
3169.0	39.0
3170.0	20.0
3171.0	34.0
3172.0	36.0
3173.0	27.0
3174.0	24.0
3175.0	32.0
3176.0	39.0
3177.0	30.0
3178.0	29.0
3179.0	41.0
3180.0	33.0
3181.0	25.0
3182.0	36.0
3183.0	27.0
3184.0	27.0
3185.0	31.0
3186.0	23.0
3187.0	20.0
3188.0	20.0
3189.0	16.0
3190.0	26.0
3191.0	29.0
3192.0	28.0
3193.0	37.0
3194.0	33.0
3195.0	31.0
3196.0	46.0
3197.0	28.0
3198.0	33.0
3199.0	35.0
3200.0	31.0
3201.0	29.0
3202.0	49.0
3203.0	37.0
3204.0	37.0
3205.0	37.0
3206.0	29.0
3207.0	39.0
3208.0	35.0
3209.0	41.0
3210.0	32.0
3211.0	59.0
3212.0	46.0
3213.0	33.0
3214.0	49.0
3215.0	28.0
3216.0	36.0
3217.0	39.0
3218.0	41.0
3219.0	38.0
3220.0	48.0
3221.0	42.0
3222.0	51.0
3223.0	52.0
3224.0	76.0
3225.0	72.0
3226.0	85.0
3227.0	78.0
3228.0	79.0
3229.0	97.0
3230.0	75.0
3231.0	62.0
3232.0	72.0
3233.0	72.0
3234.0	53.0
3235.0	45.0
3236.0	38.0
3237.0	28.0
3238.0	32.0
3239.0	28.0
3240.0	23.0
3241.0	31.0
3242.0	27.0
3243.0	22.0
3244.0	16.0
3245.0	12.0
3246.0	13.0
3247.0	13.0
3248.0	14.0
3249.0	16.0
3250.0	14.0
3251.0	10.0
3252.0	15.0
3253.0	12.0
3254.0	13.0
3255.0	10.0
3256.0	11.0
3257.0	15.0
3258.0	16.0
3259.0	13.0
3260.0	16.0
3261.0	9.0
3262.0	15.0
3263.0	8.0
3264.0	11.0
3265.0	18.0
3266.0	11.0
3267.0	14.0
3268.0	17.0
3269.0	17.0
3270.0	16.0
3271.0	30.0
3272.0	32.0
3273.0	44.0
3274.0	34.0
3275.0	38.0
3276.0	41.0
3277.0	58.0
3278.0	49.0
3279.0	64.0
3280.0	59.0
3281.0	44.0
3282.0	41.0
3283.0	35.0
3284.0	23.0
3285.0	24.0
3286.0	20.0
3287.0	17.0
3288.0	10.0
3289.0	15.0
3290.0	14.0
3291.0	18.0
3292.0	10.0
3293.0	14.0
3294.0	17.0
3295.0	21.0
3296.0	23.0
3297.0	29.0
3298.0	27.0
3299.0	29.0
3300.0	23.0
3301.0	33.0
3302.0	37.0
3303.0	54.0
3304.0	54.0
3305.0	45.0
3306.0	39.0
3307.0	33.0
3308.0	43.0
3309.0	43.0
3310.0	39.0
3311.0	36.0
3312.0	29.0
3313.0	25.0
3314.0	24.0
3315.0	22.0
3316.0	37.0
3317.0	28.0
3318.0	26.0
3319.0	37.0
3320.0	36.0
3321.0	44.0
3322.0	36.0
3323.0	50.0
3324.0	39.0
3325.0	39.0
3326.0	54.0
3327.0	57.0
3328.0	49.0
3329.0	49.0
3330.0	54.0
3331.0	67.0
3332.0	89.0
3333.0	96.0
3334.0	108.0
3335.0	109.0
3336.0	102.0
3337.0	114.0
3338.0	93.0
3339.0	120.0
3340.0	90.0
3341.0	88.0
3342.0	82.0
3343.0	60.0
3344.0	72.0
3345.0	43.0
3346.0	51.0
3347.0	39.0
3348.0	33.0
3349.0	21.0
3350.0	28.0
3351.0	24.0
3352.0	24.0
3353.0	19.0
3354.0	21.0
3355.0	18.0
3356.0	16.0
3357.0	17.0
3358.0	8.0
3359.0	12.0
3360.0	3.0
3361.0	3.0
3362.0	8.0
3363.0	7.0
3364.0	6.0
3365.0	3.0
3366.0	3.0
3367.0	4.0
3368.0	3.0
3369.0	5.0
3370.0	2.0
3371.0	2.0
3372.0	3.0
3373.0	3.0
3374.0	4.0
3375.0	2.0
3376.0	3.0
3377.0	3.0
3378.0	4.0
3379.0	2.0
3380.0	2.0
3381.0	1.0
3382.0	1.0
3383.0	1.0
3384.0	4.0
3385.0	5.0
3386.0	3.0
3387.0	5.0
3388.0	6.0
3389.0	3.0
3390.0	2.0
3391.0	5.0
3392.0	8.0
3393.0	5.0
3394.0	1.0
3395.0	5.0
3396.0	4.0
3397.0	1.0
3398.0	5.0
3399.0	7.0
3400.0	2.0
3401.0	2.0
3402.0	7.0
3403.0	4.0
3404.0	4.0
3405.0	3.0
3406.0	3.0
3407.0	6.0
3408.0	7.0
3409.0	3.0
3410.0	4.0
3411.0	6.0
3412.0	4.0
3413.0	2.0
3414.0	4.0
3415.0	4.0
3416.0	5.0
3417.0	5.0
3418.0	3.0
3419.0	2.0
3420.0	4.0
3421.0	1.0
3422.0	5.0
3423.0	7.0
3424.0	4.0
3425.0	4.0
3426.0	5.0
3427.0	1.0
3428.0	5.0
3429.0	1.0
3430.0	6.0
3431.0	5.0
3432.0	4.0
3433.0	5.0
3434.0	4.0
3435.0	8.0
3436.0	7.0
3437.0	7.0
3438.0	4.0
3439.0	4.0
3440.0	3.0
3441.0	3.0
3442.0	4.0
3443.0	4.0
3444.0	2.0
3445.0	1.0
3446.0	3.0
3447.0	1.0
3448.0	3.0
3449.0	9.0
3450.0	4.0
3451.0	6.0
3452.0	1.0
3453.0	3.0
3454.0	3.0
3455.0	4.0
3456.0	7.0
3457.0	5.0
3458.0	4.0
3459.0	2.0
3460.0	5.0
3461.0	3.0
3462.0	1.0
3463.0	8.0
3464.0	1.0
3465.0	2.0
3466.0	2.0
3467.0	6.0
3468.0	3.0
3470.0	1.0
3472.0	1.0
3473.0	3.0
3474.0	1.0
3475.0	4.0
3477.0	1.0
3478.0	2.0
3479.0	2.0
3480.0	3.0
3481.0	1.0
3482.0	4.0
3483.0	6.0
3484.0	5.0
3485.0	7.0
3486.0	3.0
3487.0	3.0
3488.0	6.0
3489.0	3.0
3490.0	10.0
3491.0	4.0
3492.0	2.0
3493.0	4.0
3494.0	4.0
3495.0	4.0
3496.0	2.0
3497.0	2.0
3498.0	2.0
3499.0	3.0
3500.0	5.0
3501.0	1.0
3502.0	2.0
3503.0	3.0
3504.0	5.0
3505.0	1.0
3506.0	6.0
3507.0	2.0
3508.0	2.0
3509.0	1.0
3510.0	4.0
3511.0	2.0
3512.0	1.0
3513.0	4.0
3514.0	4.0
3515.0	8.0
3516.0	3.0
3517.0	3.0
3518.0	2.0
3519.0	7.0
3520.0	8.0
3521.0	6.0
3522.0	5.0
3523.0	8.0
3524.0	10.0
3525.0	7.0
3526.0	6.0
3527.0	8.0
3528.0	6.0
3529.0	10.0
3530.0	10.0
3531.0	4.0
3532.0	8.0
3533.0	6.0
3534.0	4.0
3535.0	1.0
3536.0	2.0
3537.0	3.0
3539.0	2.0
3540.0	2.0
3541.0	2.0
3542.0	3.0
3544.0	1.0
3545.0	5.0
3546.0	4.0
3547.0	4.0
3548.0	3.0
3549.0	5.0
3550.0	1.0
3551.0	3.0
3552.0	1.0
3553.0	1.0
3554.0	1.0
3555.0	3.0
3556.0	2.0
3557.0	4.0
3558.0	3.0
3559.0	3.0
3560.0	5.0
3561.0	2.0
3562.0	3.0
3563.0	4.0
3564.0	1.0
3565.0	2.0
3566.0	6.0
3567.0	3.0
3568.0	3.0
3569.0	3.0
3570.0	2.0
3571.0	2.0
3572.0	7.0
3573.0	5.0
3574.0	3.0
3575.0	5.0
3576.0	8.0
3577.0	3.0
3578.0	1.0
3579.0	2.0
3580.0	4.0
3581.0	5.0
3582.0	3.0
3583.0	1.0
3584.0	5.0
3585.0	1.0
3586.0	1.0
3587.0	3.0
3588.0	2.0
3589.0	2.0
3590.0	1.0
3591.0	3.0
3592.0	3.0
3593.0	4.0
3594.0	4.0
3595.0	4.0
3596.0	2.0
3597.0	5.0
3598.0	5.0
3599.0	1.0
3600.0	4.0
3601.0	4.0
3602.0	4.0
3603.0	2.0
3604.0	3.0
3605.0	3.0
3606.0	1.0
3607.0	4.0
3608.0	8.0
3609.0	1.0
3610.0	4.0
3611.0	7.0
3612.0	5.0
3613.0	7.0
3614.0	6.0
3615.0	6.0
3616.0	3.0
3617.0	5.0
3618.0	5.0
3619.0	3.0
3620.0	2.0
3621.0	6.0
3622.0	2.0
3623.0	7.0
3624.0	3.0
3625.0	7.0
3626.0	5.0
3627.0	5.0
3628.0	10.0
3629.0	6.0
3630.0	4.0
3631.0	9.0
3632.0	7.0
3633.0	8.0
3634.0	7.0
3635.0	12.0
3636.0	15.0
3637.0	7.0
3638.0	8.0
3639.0	11.0
3640.0	10.0
3641.0	14.0
3642.0	5.0
3643.0	6.0
3644.0	7.0
3645.0	14.0
3646.0	10.0
3647.0	6.0
3648.0	3.0
3649.0	6.0
3650.0	5.0
3651.0	4.0
3652.0	1.0
3653.0	4.0
3654.0	7.0
3655.0	7.0
3656.0	9.0
3657.0	7.0
3658.0	5.0
3659.0	6.0
3660.0	8.0
3661.0	4.0
3662.0	6.0
3663.0	4.0
3664.0	4.0
3665.0	9.0
3666.0	4.0
3667.0	2.0
3668.0	4.0
3669.0	6.0
3670.0	2.0
3671.0	1.0
3672.0	7.0
3673.0	2.0
3674.0	4.0
3675.0	2.0
3676.0	7.0
3677.0	2.0
3678.0	5.0
3679.0	4.0
3680.0	3.0
3681.0	6.0
3682.0	5.0
3683.0	4.0
3684.0	4.0
3685.0	2.0
3686.0	6.0
3687.0	1.0
3688.0	2.0
3689.0	3.0
3690.0	3.0
3692.0	4.0
3693.0	7.0
3694.0	5.0
3695.0	3.0
3696.0	4.0
3697.0	2.0
3698.0	9.0
3699.0	1.0
3700.0	4.0
3701.0	2.0
3702.0	2.0
3703.0	2.0
3704.0	1.0
3706.0	3.0
3707.0	2.0
3708.0	5.0
3710.0	1.0
3711.0	2.0
3712.0	6.0
3713.0	6.0
3714.0	3.0
3715.0	5.0
3716.0	3.0
3717.0	3.0
3718.0	10.0
3719.0	2.0
3720.0	4.0
3721.0	7.0
3722.0	3.0
3723.0	5.0
3724.0	5.0
3725.0	3.0
3726.0	5.0
3727.0	4.0
3728.0	6.0
3729.0	4.0
3730.0	6.0
3731.0	1.0
3732.0	1.0
3733.0	4.0
3734.0	7.0
3735.0	5.0
3736.0	8.0
3737.0	5.0
3738.0	10.0
3739.0	6.0
3740.0	4.0
3741.0	6.0
3742.0	3.0
3743.0	3.0
3744.0	5.0
3745.0	3.0
3746.0	3.0
3747.0	4.0
3748.0	7.0
3749.0	5.0
3750.0	3.0
3751.0	2.0
3752.0	4.0
3753.0	5.0
3754.0	7.0
3755.0	4.0
3756.0	3.0
3757.0	4.0
3758.0	3.0
3759.0	8.0
3760.0	6.0
3761.0	3.0
3762.0	2.0
3763.0	10.0
3764.0	4.0
3765.0	3.0
3766.0	3.0
3767.0	3.0
3769.0	4.0
3770.0	1.0
3771.0	4.0
3773.0	1.0
3774.0	4.0
3775.0	2.0
3776.0	2.0
3777.0	3.0
3778.0	2.0
3779.0	5.0
3780.0	2.0
3781.0	3.0
3782.0	2.0
3783.0	3.0
3784.0	3.0
3785.0	6.0
3786.0	5.0
3787.0	2.0
3788.0	2.0
3789.0	2.0
3790.0	4.0
3791.0	3.0
3792.0	6.0
3793.0	6.0
3794.0	4.0
3795.0	1.0
3796.0	2.0
3797.0	2.0
3798.0	2.0
3799.0	2.0
3800.0	4.0
3801.0	7.0
3802.0	1.0
3803.0	2.0
3804.0	3.0
3805.0	5.0
3806.0	2.0
3807.0	3.0
3808.0	3.0
3809.0	1.0
3810.0	5.0
3811.0	1.0
3812.0	2.0
3813.0	2.0
3814.0	3.0
3815.0	1.0
3816.0	2.0
3817.0	3.0
3819.0	1.0
3820.0	2.0
3821.0	1.0
3822.0	1.0
3823.0	5.0
3824.0	5.0
3825.0	5.0
3826.0	7.0
3827.0	2.0
3828.0	8.0
3829.0	2.0
3830.0	4.0
3831.0	11.0
3832.0	9.0
3833.0	8.0
3834.0	7.0
3835.0	7.0
3836.0	4.0
3837.0	4.0
3838.0	4.0
3839.0	2.0
3840.0	3.0
3842.0	6.0
3843.0	5.0
3844.0	3.0
3845.0	6.0
3846.0	5.0
3847.0	4.0
3848.0	2.0
3849.0	6.0
3850.0	2.0
3851.0	4.0
3852.0	3.0
3853.0	1.0
3855.0	2.0
3856.0	3.0
3857.0	3.0
3858.0	3.0
3859.0	10.0
3860.0	2.0
3861.0	3.0
3862.0	3.0
3863.0	3.0
3864.0	3.0
3865.0	2.0
3866.0	4.0
3867.0	7.0
3868.0	6.0
3869.0	3.0
3870.0	1.0
3871.0	3.0
3872.0	4.0
3874.0	3.0
3875.0	6.0
3876.0	7.0
3877.0	5.0
3878.0	3.0
3879.0	3.0
3880.0	5.0
3881.0	7.0
3882.0	3.0
3883.0	7.0
3884.0	4.0
3885.0	1.0
3886.0	4.0
3887.0	7.0
3888.0	2.0
3889.0	2.0
3890.0	2.0
3891.0	2.0
3892.0	3.0
3893.0	2.0
3894.0	6.0
3895.0	2.0
3896.0	7.0
3897.0	3.0
3898.0	4.0
3899.0	3.0
3900.0	3.0
3901.0	3.0
3902.0	8.0
3903.0	4.0
3904.0	7.0
3905.0	5.0
3906.0	6.0
3907.0	5.0
3908.0	8.0
3909.0	7.0
3910.0	2.0
3911.0	1.0
3912.0	5.0
3913.0	3.0
3914.0	4.0
3915.0	5.0
3916.0	9.0
3917.0	2.0
3918.0	9.0
3919.0	6.0
3920.0	5.0
3921.0	5.0
3922.0	3.0
3923.0	1.0
3924.0	2.0
3925.0	5.0
3926.0	5.0
3927.0	10.0
3928.0	5.0
3929.0	6.0
3930.0	3.0
3931.0	3.0
3932.0	4.0
3934.0	2.0
3935.0	5.0
3936.0	4.0
3937.0	2.0
3938.0	4.0
3939.0	6.0
3940.0	7.0
3942.0	3.0
3943.0	3.0
3944.0	1.0
3945.0	2.0
3946.0	4.0
3947.0	3.0
3948.0	4.0
3949.0	4.0
3950.0	5.0
3951.0	3.0
3952.0	5.0
3953.0	3.0
3954.0	6.0
3955.0	9.0
3956.0	5.0
3957.0	5.0
3958.0	5.0
3959.0	1.0
3960.0	3.0
3961.0	7.0
3962.0	2.0
3963.0	8.0
3964.0	5.0
3965.0	7.0
3966.0	5.0
3967.0	3.0
3968.0	5.0
3969.0	6.0
3970.0	5.0
3971.0	3.0
3972.0	7.0
3973.0	1.0
3974.0	8.0
3975.0	5.0
3976.0	5.0
3977.0	3.0
3978.0	5.0
3979.0	6.0
3980.0	4.0
3981.0	4.0
3982.0	6.0
3983.0	5.0
3984.0	9.0
3985.0	8.0
3986.0	9.0
3987.0	5.0
3988.0	7.0
3989.0	3.0
3990.0	5.0
3991.0	3.0
3992.0	3.0
3993.0	4.0
3994.0	2.0
3995.0	3.0
3996.0	5.0
3997.0	4.0
3998.0	3.0
3999.0	7.0
4000.0	8.0
4001.0	3.0
4002.0	9.0
4003.0	8.0
4004.0	8.0
4005.0	5.0
4006.0	5.0
4007.0	8.0
4008.0	7.0
4009.0	5.0
4010.0	9.0
4011.0	2.0
4012.0	6.0
4013.0	7.0
4014.0	5.0
4015.0	8.0
4016.0	6.0
4017.0	8.0
4018.0	6.0
4019.0	5.0
4020.0	2.0
4021.0	4.0
4022.0	4.0
4023.0	6.0
4024.0	8.0
4025.0	2.0
4026.0	2.0
4027.0	5.0
4028.0	5.0
4029.0	6.0
4030.0	3.0
4031.0	3.0
4032.0	4.0
4033.0	3.0
4034.0	6.0
4035.0	7.0
4036.0	4.0
4037.0	3.0
4038.0	5.0
4039.0	3.0
4040.0	5.0
4041.0	3.0
4042.0	2.0
4043.0	2.0
4044.0	3.0
4045.0	5.0
4046.0	4.0
4047.0	4.0
4049.0	3.0
4050.0	4.0
4051.0	8.0
4052.0	2.0
4053.0	5.0
4054.0	6.0
4055.0	6.0
4056.0	9.0
4057.0	3.0
4058.0	3.0
4059.0	5.0
4060.0	6.0
4061.0	10.0
4062.0	2.0
4063.0	7.0
4064.0	5.0
4065.0	4.0
4066.0	3.0
4067.0	6.0
4068.0	3.0
4069.0	3.0
4070.0	6.0
4071.0	1.0
4072.0	1.0
4073.0	3.0
4074.0	8.0
4075.0	3.0
4076.0	6.0
4077.0	3.0
4078.0	11.0
4079.0	6.0
4080.0	9.0
4081.0	14.0
4082.0	14.0
4083.0	6.0
4084.0	9.0
4085.0	7.0
4086.0	7.0
4087.0	6.0
4088.0	5.0
4089.0	15.0
4090.0	13.0
4091.0	10.0
4092.0	18.0
4093.0	7.0
4094.0	5.0
4095.0	3.0
4096.0	6.0
4097.0	7.0
4098.0	8.0
4099.0	9.0
4100.0	5.0
4101.0	3.0
4102.0	6.0
4103.0	9.0
4104.0	12.0
4105.0	8.0
4106.0	9.0
4107.0	4.0
4108.0	9.0
4109.0	5.0
4110.0	8.0
4111.0	4.0
4112.0	7.0
4113.0	10.0
4114.0	7.0
4115.0	4.0
4116.0	6.0
4117.0	3.0
4118.0	6.0
4119.0	5.0
4120.0	9.0
4121.0	3.0
4122.0	5.0
4123.0	5.0
4124.0	5.0
4125.0	5.0
4126.0	3.0
4127.0	2.0
4128.0	2.0
4129.0	3.0
4130.0	6.0
4131.0	2.0
4132.0	5.0
4133.0	5.0
4134.0	4.0
4135.0	7.0
4136.0	4.0
4137.0	2.0
4138.0	1.0
4139.0	5.0
4140.0	6.0
4141.0	4.0
4142.0	5.0
4143.0	4.0
4144.0	5.0
4145.0	1.0
4146.0	8.0
4147.0	4.0
4148.0	4.0
4149.0	6.0
4150.0	4.0
4151.0	3.0
4152.0	3.0
4153.0	5.0
4154.0	1.0
4155.0	1.0
4156.0	6.0
4157.0	4.0
4158.0	3.0
4159.0	5.0
4160.0	7.0
4161.0	3.0
4162.0	2.0
4163.0	4.0
4164.0	4.0
4165.0	5.0
4166.0	5.0
4167.0	4.0
4168.0	8.0
4169.0	9.0
4170.0	7.0
4171.0	7.0
4172.0	11.0
4173.0	9.0
4174.0	7.0
4175.0	10.0
4176.0	6.0
4177.0	5.0
4178.0	11.0
4179.0	5.0
4180.0	7.0
4181.0	3.0
4182.0	6.0
4183.0	1.0
4184.0	6.0
4185.0	5.0
4186.0	7.0
4187.0	6.0
4188.0	8.0
4189.0	3.0
4190.0	1.0
4191.0	3.0
4192.0	3.0
4193.0	4.0
4194.0	4.0
4195.0	4.0
4196.0	3.0
4197.0	5.0
4198.0	2.0
4199.0	6.0
4200.0	3.0
4201.0	10.0
4202.0	6.0
4203.0	10.0
4204.0	11.0
4205.0	14.0
4206.0	15.0
4207.0	9.0
4208.0	11.0
4209.0	10.0
4210.0	7.0
4211.0	6.0
4212.0	9.0
4213.0	1.0
4214.0	9.0
4215.0	11.0
4216.0	10.0
4217.0	4.0
4218.0	5.0
4219.0	3.0
4220.0	9.0
4221.0	4.0
4222.0	2.0
4223.0	9.0
4224.0	9.0
4225.0	5.0
4226.0	4.0
4227.0	2.0
4228.0	2.0
4229.0	2.0
4230.0	2.0
4231.0	6.0
4232.0	3.0
4233.0	4.0
4234.0	2.0
4235.0	4.0
4236.0	6.0
4237.0	1.0
4238.0	4.0
4239.0	3.0
4240.0	3.0
4241.0	2.0
4242.0	5.0
4243.0	4.0
4244.0	4.0
4245.0	2.0
4246.0	2.0
4247.0	2.0
4248.0	1.0
4251.0	2.0
4254.0	3.0
4255.0	1.0
4256.0	5.0
4257.0	3.0
4258.0	3.0
4259.0	1.0
4260.0	1.0
4261.0	5.0
4262.0	5.0
4263.0	2.0
4264.0	2.0
4265.0	3.0
4266.0	5.0
4267.0	5.0
4268.0	2.0
4269.0	2.0
4270.0	3.0
4271.0	3.0
4272.0	3.0
4273.0	1.0
4274.0	5.0
4275.0	4.0
4276.0	6.0
4277.0	6.0
4278.0	8.0
4279.0	2.0
4280.0	11.0
4281.0	8.0
4282.0	9.0
4283.0	7.0
4284.0	4.0
4285.0	11.0
4286.0	3.0
4287.0	5.0
4288.0	5.0
4289.0	7.0
4290.0	1.0
4291.0	4.0
4292.0	7.0
4293.0	9.0
4294.0	8.0
4295.0	7.0
4296.0	5.0
4297.0	6.0
4298.0	10.0
4299.0	8.0
4300.0	8.0
4301.0	4.0
4302.0	8.0
4303.0	8.0
4304.0	3.0
4305.0	9.0
4306.0	10.0
4307.0	7.0
4308.0	9.0
4309.0	10.0
4310.0	8.0
4311.0	10.0
4312.0	9.0
4313.0	10.0
4314.0	10.0
4315.0	17.0
4316.0	11.0
4317.0	13.0
4318.0	12.0
4319.0	10.0
4320.0	11.0
4321.0	14.0
4322.0	8.0
4323.0	9.0
4324.0	3.0
4325.0	10.0
4326.0	7.0
4327.0	13.0
4328.0	6.0
4329.0	2.0
4331.0	4.0
4332.0	6.0
4333.0	3.0
4334.0	3.0
4335.0	6.0
4336.0	4.0
4337.0	4.0
4338.0	4.0
4340.0	2.0
4341.0	3.0
4342.0	1.0
4345.0	1.0
4346.0	1.0
4349.0	1.0
4357.0	1.0
4360.0	2.0
4361.0	4.0
4363.0	1.0
4364.0	2.0
4365.0	5.0
4366.0	1.0
4367.0	5.0
4368.0	6.0
4369.0	6.0
4370.0	6.0
4371.0	8.0
4372.0	10.0
4373.0	11.0
4374.0	4.0
4375.0	10.0
4376.0	11.0
4377.0	8.0
4378.0	7.0
4379.0	9.0
4380.0	5.0
4381.0	4.0
4382.0	11.0
4383.0	9.0
4384.0	4.0
4385.0	9.0
4386.0	12.0
4387.0	4.0
4388.0	5.0
4389.0	8.0
4390.0	4.0
4391.0	8.0
4392.0	5.0
4393.0	8.0
4394.0	5.0
4395.0	11.0
4396.0	8.0
4397.0	9.0
4398.0	8.0
4399.0	12.0
4400.0	20.0
4401.0	16.0
4402.0	13.0
4403.0	9.0
4404.0	16.0
4405.0	20.0
4406.0	21.0
4407.0	20.0
4408.0	20.0
4409.0	22.0
4410.0	19.0
4411.0	22.0
4412.0	13.0
4413.0	20.0
4414.0	12.0
4415.0	9.0
4416.0	13.0
4417.0	8.0
4418.0	10.0
4419.0	14.0
4420.0	6.0
4421.0	9.0
4422.0	8.0
4423.0	7.0
4424.0	6.0
4425.0	7.0
4426.0	3.0
4427.0	8.0
4428.0	7.0
4429.0	6.0
4430.0	5.0
4431.0	8.0
4432.0	7.0
4433.0	9.0
4434.0	8.0
4435.0	2.0
4436.0	7.0
4437.0	5.0
4438.0	3.0
4439.0	1.0
4440.0	1.0
4441.0	7.0
4442.0	6.0
4443.0	5.0
4444.0	7.0
4445.0	7.0
4446.0	9.0
4447.0	4.0
4448.0	3.0
4449.0	6.0
4450.0	4.0
4451.0	2.0
4452.0	10.0
4453.0	7.0
4454.0	7.0
4455.0	5.0
4456.0	2.0
4457.0	4.0
4458.0	5.0
4459.0	5.0
4460.0	6.0
4461.0	5.0
4462.0	4.0
4463.0	4.0
4464.0	4.0
4465.0	6.0
4466.0	7.0
4467.0	6.0
4468.0	8.0
4469.0	9.0
4470.0	8.0
4471.0	9.0
4472.0	10.0
4473.0	9.0
4474.0	6.0
4475.0	11.0
4476.0	21.0
4477.0	19.0
4478.0	16.0
4479.0	16.0
4480.0	13.0
4481.0	14.0
4482.0	9.0
4483.0	12.0
4484.0	12.0
4485.0	19.0
4486.0	27.0
4487.0	21.0
4488.0	22.0
4489.0	27.0
4490.0	30.0
4491.0	31.0
4492.0	31.0
4493.0	28.0
4494.0	33.0
4495.0	34.0
4496.0	18.0
4497.0	27.0
4498.0	36.0
4499.0	19.0
4500.0	23.0
4501.0	16.0
4502.0	15.0
4503.0	15.0
4504.0	28.0
4505.0	10.0
4506.0	10.0
4507.0	12.0
4508.0	7.0
4509.0	6.0
4510.0	8.0
4511.0	8.0
4512.0	3.0
4513.0	4.0
4514.0	7.0
4515.0	5.0
4516.0	6.0
4517.0	5.0
4518.0	6.0
4519.0	5.0
4520.0	6.0
4521.0	6.0
4522.0	8.0
4523.0	10.0
4524.0	14.0
4525.0	13.0
4526.0	31.0
4527.0	32.0
4528.0	32.0
4529.0	30.0
4530.0	48.0
4531.0	27.0
4532.0	28.0
4533.0	50.0
4534.0	35.0
4535.0	33.0
4536.0	43.0
4537.0	46.0
4538.0	51.0
4539.0	58.0
4540.0	63.0
4541.0	66.0
4542.0	67.0
4543.0	54.0
4544.0	57.0
4545.0	62.0
4546.0	47.0
4547.0	34.0
4548.0	37.0
4549.0	40.0
4550.0	35.0
4551.0	25.0
4552.0	16.0
4553.0	11.0
4554.0	5.0
4555.0	13.0
4556.0	6.0
4557.0	5.0
4558.0	5.0
4559.0	6.0
4560.0	6.0
4561.0	9.0
4562.0	9.0
4563.0	2.0
4564.0	11.0
4565.0	5.0
4566.0	8.0
4567.0	5.0
4568.0	13.0
4569.0	9.0
4570.0	8.0
4571.0	11.0
4572.0	6.0
4573.0	7.0
4574.0	10.0
4575.0	17.0
4576.0	20.0
4577.0	13.0
4578.0	17.0
4579.0	10.0
4580.0	16.0
4581.0	19.0
4582.0	16.0
4583.0	25.0
4584.0	27.0
4585.0	36.0
4586.0	30.0
4587.0	46.0
4588.0	40.0
4589.0	36.0
4590.0	36.0
4591.0	37.0
4592.0	43.0
4593.0	45.0
4594.0	53.0
4595.0	44.0
4596.0	60.0
4597.0	33.0
4598.0	57.0
4599.0	49.0
4600.0	66.0
4601.0	56.0
4602.0	70.0
4603.0	54.0
4604.0	33.0
4605.0	33.0
4606.0	37.0
4607.0	19.0
4608.0	30.0
4609.0	17.0
4610.0	21.0
4611.0	25.0
4612.0	17.0
4613.0	16.0
4614.0	23.0
4615.0	21.0
4616.0	33.0
4617.0	29.0
4618.0	37.0
4619.0	27.0
4620.0	30.0
4621.0	40.0
4622.0	26.0
4623.0	28.0
4624.0	29.0
4625.0	18.0
4626.0	19.0
4627.0	22.0
4628.0	18.0
4629.0	18.0
4630.0	27.0
4631.0	32.0
4632.0	46.0
4633.0	44.0
4634.0	39.0
4635.0	45.0
4636.0	51.0
4637.0	51.0
4638.0	45.0
4639.0	50.0
4640.0	40.0
4641.0	54.0
4642.0	47.0
4643.0	41.0
4644.0	35.0
4645.0	41.0
4646.0	51.0
4647.0	57.0
4648.0	70.0
4649.0	31.0
4650.0	61.0
4651.0	52.0
4652.0	52.0
4653.0	48.0
4654.0	34.0
4655.0	50.0
4656.0	42.0
4657.0	37.0
4658.0	52.0
4659.0	38.0
4660.0	37.0
4661.0	37.0
4662.0	34.0
4663.0	31.0
4664.0	34.0
4665.0	35.0
4666.0	33.0
4667.0	41.0
4668.0	38.0
4669.0	38.0
4670.0	39.0
4671.0	46.0
4672.0	47.0
4673.0	71.0
4674.0	70.0
4675.0	73.0
4676.0	73.0
4677.0	75.0
4678.0	87.0
4679.0	89.0
4680.0	68.0
4681.0	77.0
4682.0	94.0
4683.0	74.0
4684.0	63.0
4685.0	79.0
4686.0	63.0
4687.0	58.0
4688.0	56.0
4689.0	41.0
4690.0	50.0
4691.0	40.0
4692.0	38.0
4693.0	50.0
4694.0	49.0
4695.0	65.0
4696.0	51.0
4697.0	62.0
4698.0	50.0
4699.0	75.0
4700.0	74.0
4701.0	84.0
4702.0	74.0
4703.0	90.0
4704.0	73.0
4705.0	81.0
4706.0	66.0
4707.0	55.0
4708.0	65.0
4709.0	53.0
4710.0	48.0
4711.0	34.0
4712.0	31.0
4713.0	16.0
4714.0	14.0
4715.0	10.0
4716.0	4.0
4717.0	2.0
4718.0	3.0
4757.0	1.0
4870.0	1.0
5043.0	1.0
5080.0	1.0
5092.0	1.0
5110.0	1.0
5127.0	1.0
5133.0	1.0
5168.0	1.0
5172.0	1.0
5191.0	1.0
5206.0	1.0
5252.0	1.0
5253.0	1.0
5256.0	1.0
5259.0	1.0
5265.0	2.0
5266.0	1.0
5270.0	1.0
5271.0	1.0
5280.0	1.0
5282.0	1.0
5284.0	1.0
5296.0	1.0
5304.0	1.0
5323.0	1.0
5337.0	1.0
5352.0	1.0
5353.0	1.0
5354.0	1.0
5360.0	1.0
5361.0	1.0
5365.0	1.0
5371.0	1.0
5376.0	1.0
5377.0	1.0
5379.0	1.0
5392.0	1.0
5393.0	1.0
5396.0	1.0
5407.0	1.0
5423.0	1.0
5429.0	2.0
5435.0	1.0
5448.0	1.0
5458.0	1.0
5466.0	2.0
5467.0	1.0
5472.0	1.0
5476.0	2.0
5486.0	1.0
5488.0	2.0
5490.0	1.0
5497.0	1.0
5500.0	1.0
5507.0	1.0
5510.0	2.0
5514.0	1.0
5517.0	1.0
5519.0	1.0
5523.0	1.0
5529.0	2.0
5531.0	1.0
5542.0	1.0
5546.0	1.0
5552.0	1.0
5555.0	1.0
5559.0	1.0
5560.0	1.0
5562.0	1.0
5563.0	1.0
5565.0	1.0
5575.0	1.0
5576.0	1.0
5578.0	2.0
5597.0	1.0
5612.0	2.0
5614.0	1.0
5621.0	1.0
5622.0	1.0
5627.0	1.0
5629.0	1.0
5635.0	1.0
5647.0	1.0
5652.0	1.0
5663.0	1.0
5682.0	1.0
5705.0	1.0
5717.0	1.0
5719.0	1.0
5731.0	1.0
5742.0	1.0
5787.0	1.0
5788.0	1.0
5799.0	2.0
5808.0	1.0
5824.0	1.0
5831.0	1.0
5860.0	1.0
5867.0	1.0
5932.0	1.0
5935.0	1.0
5937.0	1.0
5948.0	1.0
5963.0	1.0
5969.0	1.0
5988.0	1.0
6003.0	1.0
6112.0	1.0
6271.0	1.0
6279.0	1.0
6306.0	1.0
6360.0	1.0
6390.0	1.0
6393.0	1.0
6505.0	1.0
6556.0	1.0
6585.0	1.0
6609.0	1.0
6686.0	1.0
6690.0	2.0
6691.0	1.0
6800.0	1.0
6802.0	1.0
6927.0	1.0
7176.0	1.0
7613.0	1.0
7704.0	1.0
7801.0	1.0
7885.0	1.0
7986.0	1.0
8143.0	1.0
8173.0	1.0
8193.0	1.0
8271.0	1.0
8395.0	1.0
8447.0	1.0
8523.0	1.0
8671.0	1.0
8745.0	1.0
8810.0	1.0
8874.0	1.0
8896.0	1.0
8920.0	1.0
8954.0	1.0
9002.0	1.0
9073.0	1.0
9107.0	1.0
9112.0	1.0
9136.0	1.0
9149.0	1.0
9180.0	1.0
9245.0	1.0
9252.0	1.0
9253.0	1.0
9277.0	1.0
9303.0	1.0
9324.0	1.0
9359.0	1.0
9366.0	1.0
9398.0	1.0
9440.0	1.0
9493.0	1.0
9494.0	1.0
9502.0	1.0
9538.0	1.0
9542.0	1.0
9576.0	1.0
9584.0	1.0
9608.0	1.0
9648.0	1.0
9671.0	1.0
9678.0	1.0
9698.0	1.0
9729.0	1.0
9742.0	2.0
9759.0	1.0
9760.0	1.0
9765.0	1.0
9775.0	1.0
9781.0	1.0
9788.0	1.0
9800.0	1.0
9803.0	1.0
9815.0	1.0
9817.0	1.0
9822.0	1.0
9835.0	1.0
9840.0	1.0
9854.0	1.0
9861.0	1.0
9864.0	1.0
9865.0	1.0
9866.0	1.0
9867.0	1.0
9868.0	1.0
9896.0	1.0
9921.0	1.0
9950.0	1.0
9951.0	1.0
9953.0	1.0
9959.0	1.0
9984.0	1.0
9994.0	1.0
10000.0	1.0
10004.0	1.0
10005.0	1.0
10028.0	1.0
10032.0	1.0
10033.0	1.0
10047.0	1.0
10049.0	1.0
10068.0	1.0
10077.0	1.0
10078.0	1.0
10079.0	1.0
10084.0	1.0
10089.0	1.0
10096.0	1.0
10107.0	1.0
10119.0	1.0
10120.0	1.0
10124.0	1.0
10129.0	1.0
10130.0	1.0
10132.0	2.0
10133.0	1.0
10134.0	2.0
10135.0	1.0
10137.0	1.0
10148.0	1.0
10153.0	1.0
10168.0	1.0
10181.0	1.0
10186.0	1.0
10187.0	1.0
10196.0	2.0
10213.0	1.0
10214.0	1.0
10216.0	1.0
10218.0	1.0
10226.0	1.0
10227.0	1.0
10231.0	2.0
10240.0	1.0
10249.0	1.0
10252.0	1.0
10258.0	2.0
10259.0	1.0
10261.0	1.0
10265.0	1.0
10272.0	1.0
10273.0	1.0
10277.0	1.0
10282.0	1.0
10283.0	1.0
10285.0	2.0
10290.0	1.0
10300.0	1.0
10301.0	2.0
10302.0	1.0
10305.0	1.0
10306.0	2.0
10308.0	1.0
10309.0	2.0
10310.0	1.0
10311.0	1.0
10312.0	1.0
10319.0	1.0
10328.0	1.0
10347.0	1.0
10349.0	1.0
10351.0	2.0
10352.0	1.0
10353.0	1.0
10366.0	1.0
10370.0	1.0
10377.0	1.0
10378.0	1.0
10381.0	2.0
10383.0	1.0
10385.0	1.0
10389.0	1.0
10393.0	1.0
10398.0	1.0
10402.0	1.0
10403.0	2.0
10409.0	1.0
10416.0	1.0
10417.0	1.0
10418.0	2.0
10424.0	1.0
10437.0	1.0
10446.0	1.0
10450.0	1.0
10454.0	1.0
10457.0	1.0
10460.0	1.0
10462.0	1.0
10466.0	1.0
10475.0	1.0
10478.0	1.0
10482.0	1.0
10484.0	1.0
10493.0	1.0
10499.0	1.0
10515.0	1.0
10531.0	1.0
10535.0	2.0
10539.0	1.0
10563.0	1.0
10581.0	1.0
10586.0	1.0
10588.0	1.0
10590.0	1.0
10593.0	1.0
10597.0	1.0
10601.0	1.0
10608.0	1.0
10613.0	1.0
10617.0	1.0
10623.0	2.0
10632.0	1.0
10650.0	1.0
10663.0	1.0
10672.0	1.0
10674.0	1.0
10679.0	1.0
10681.0	1.0
10682.0	1.0
10685.0	1.0
10689.0	1.0
10696.0	1.0
10708.0	1.0
10709.0	1.0
10710.0	1.0
10714.0	1.0
10717.0	2.0
10719.0	1.0
10720.0	1.0
10726.0	1.0
10730.0	2.0
10732.0	1.0
10737.0	1.0
10755.0	1.0
10762.0	1.0
10768.0	1.0
10778.0	1.0
10783.0	1.0
10786.0	1.0
10796.0	1.0
10797.0	1.0
10808.0	1.0
10811.0	1.0
10813.0	1.0
10817.0	1.0
10825.0	1.0
10828.0	1.0
10830.0	1.0
10848.0	1.0
10860.0	1.0
10861.0	1.0
10872.0	1.0
10885.0	1.0
10888.0	1.0
10889.0	1.0
10891.0	1.0
10896.0	1.0
10903.0	1.0
10904.0	2.0
10908.0	1.0
10910.0	1.0
10912.0	1.0
10917.0	1.0
10926.0	1.0
10928.0	1.0
10930.0	2.0
10932.0	1.0
10934.0	1.0
10945.0	1.0
10958.0	1.0
10961.0	1.0
10968.0	1.0
10974.0	1.0
10979.0	1.0
10981.0	1.0
10984.0	1.0
10985.0	1.0
10987.0	1.0
10992.0	1.0
10994.0	1.0
11001.0	1.0
11002.0	2.0
11010.0	1.0
11014.0	1.0
11016.0	1.0
11017.0	1.0
11018.0	1.0
11019.0	1.0
11021.0	1.0
11024.0	2.0
11026.0	1.0
11027.0	1.0
11030.0	1.0
11032.0	2.0
11039.0	1.0
11040.0	1.0
11041.0	1.0
11045.0	1.0
11051.0	1.0
11054.0	1.0
11067.0	1.0
11069.0	2.0
11076.0	1.0
11079.0	1.0
11083.0	1.0
11088.0	1.0
11091.0	1.0
11092.0	1.0
11100.0	1.0
11109.0	1.0
11114.0	1.0
11115.0	1.0
11122.0	1.0
11128.0	1.0
11143.0	1.0
11150.0	1.0
11167.0	1.0
11168.0	1.0
11199.0	1.0
11203.0	1.0
11225.0	1.0
11227.0	1.0
11229.0	1.0
11237.0	1.0
11272.0	1.0
11277.0	1.0
11280.0	1.0
11294.0	1.0
11296.0	1.0
11309.0	1.0
11311.0	1.0
11315.0	1.0
11333.0	1.0
11336.0	1.0
11346.0	1.0
11355.0	1.0
11357.0	1.0
11365.0	1.0
11367.0	2.0
11369.0	1.0
11372.0	2.0
11384.0	1.0
11393.0	1.0
11399.0	2.0
11400.0	1.0
11404.0	1.0
11416.0	1.0
11419.0	1.0
11437.0	1.0
11439.0	1.0
11442.0	1.0
11448.0	1.0
11456.0	1.0
11464.0	1.0
11466.0	1.0
11471.0	1.0
11478.0	1.0
11480.0	1.0
11482.0	1.0
11493.0	1.0
11494.0	1.0
11497.0	1.0
11506.0	1.0
11510.0	1.0
11512.0	1.0
11519.0	1.0
11552.0	1.0
11560.0	1.0
11591.0	1.0
11623.0	1.0
11628.0	1.0
11637.0	1.0
11643.0	1.0
11644.0	1.0
11660.0	1.0
11676.0	2.0
11699.0	1.0
11709.0	1.0
11714.0	1.0
11728.0	1.0
11731.0	1.0
11733.0	1.0
11737.0	2.0
11749.0	2.0
11750.0	1.0
11757.0	1.0
11758.0	1.0
11761.0	1.0
11766.0	1.0
11783.0	1.0
11794.0	1.0
11803.0	1.0
11816.0	1.0
11817.0	1.0
11820.0	2.0
11825.0	1.0
11832.0	1.0
11841.0	1.0
11845.0	1.0
11846.0	1.0
11848.0	1.0
11856.0	1.0
11920.0	1.0
11946.0	1.0
11987.0	1.0
11992.0	1.0
11995.0	1.0
11999.0	1.0
12004.0	1.0
12020.0	1.0
12045.0	1.0
12055.0	1.0
12088.0	1.0
12091.0	1.0
12105.0	1.0
12106.0	1.0
12111.0	1.0
12116.0	1.0
12128.0	1.0
12149.0	1.0
12155.0	1.0
12167.0	1.0
12168.0	1.0
12171.0	1.0
12179.0	1.0
12184.0	1.0
12185.0	1.0
12186.0	2.0
12188.0	1.0
12200.0	1.0
12204.0	1.0
12217.0	1.0
12219.0	1.0
12227.0	1.0
12265.0	1.0
12272.0	1.0
12290.0	1.0
12297.0	1.0
12303.0	1.0
12314.0	1.0
12326.0	1.0
12336.0	1.0
12340.0	1.0
12341.0	1.0
12349.0	1.0
12354.0	1.0
12362.0	1.0
12370.0	1.0
12373.0	1.0
12380.0	1.0
12397.0	1.0
12401.0	1.0
12427.0	1.0
12428.0	1.0
12431.0	1.0
12437.0	1.0
12454.0	1.0
12465.0	1.0
12473.0	1.0
12475.0	1.0
12477.0	1.0
12487.0	1.0
12493.0	1.0
12502.0	2.0
12506.0	1.0
12520.0	1.0
12523.0	1.0
12525.0	1.0
12534.0	1.0
12550.0	1.0
12551.0	1.0
12563.0	1.0
12565.0	1.0
12572.0	1.0
12589.0	2.0
12594.0	1.0
12605.0	1.0
12607.0	1.0
12608.0	1.0
12610.0	1.0
12624.0	1.0
12630.0	1.0
12636.0	1.0
12640.0	1.0
12670.0	1.0
12672.0	1.0
12680.0	1.0
12682.0	1.0
12692.0	1.0
12693.0	1.0
12695.0	1.0
12699.0	1.0
12704.0	1.0
12709.0	2.0
12726.0	1.0
12729.0	1.0
12733.0	1.0
12739.0	1.0
12740.0	1.0
12744.0	1.0
12747.0	2.0
12749.0	1.0
12760.0	2.0
12767.0	1.0
12768.0	1.0
12770.0	1.0
12771.0	2.0
12772.0	1.0
12774.0	1.0
12775.0	2.0
12776.0	1.0
12780.0	1.0
12781.0	1.0
12782.0	2.0
12783.0	1.0
12787.0	2.0
12788.0	2.0
12793.0	1.0
12796.0	1.0
12798.0	3.0
12801.0	2.0
12803.0	1.0
12806.0	1.0
12807.0	1.0
12809.0	1.0
12811.0	1.0
12813.0	1.0
12819.0	2.0
12821.0	2.0
12826.0	1.0
12829.0	2.0
12831.0	1.0
12833.0	1.0
12836.0	1.0
12837.0	1.0
12840.0	1.0
12844.0	1.0
12847.0	1.0
12848.0	1.0
12852.0	1.0
12856.0	1.0
12858.0	1.0
12861.0	1.0
12862.0	1.0
12866.0	1.0
12870.0	2.0
12873.0	3.0
12874.0	2.0
12883.0	1.0
12891.0	1.0
12896.0	1.0
12897.0	2.0
12899.0	1.0
12905.0	1.0
12909.0	1.0
12910.0	1.0
12913.0	2.0
12914.0	2.0
12916.0	1.0
12919.0	1.0
12920.0	1.0
12923.0	1.0
12925.0	1.0
12927.0	1.0
12928.0	2.0
12929.0	1.0
12932.0	1.0
12937.0	1.0
12939.0	2.0
12940.0	1.0
12944.0	2.0
12946.0	1.0
12947.0	1.0
12950.0	1.0
12951.0	3.0
12952.0	1.0
12957.0	2.0
12963.0	1.0
12974.0	2.0
12976.0	2.0
12980.0	1.0
12983.0	1.0
12985.0	1.0
12994.0	1.0
12995.0	3.0
13004.0	1.0
13007.0	2.0
13009.0	1.0
13011.0	2.0
13012.0	1.0
13013.0	1.0
13015.0	1.0
13016.0	1.0
13017.0	1.0
13018.0	1.0
13019.0	2.0
13024.0	1.0
13025.0	1.0
13027.0	1.0
13028.0	1.0
13030.0	1.0
13031.0	2.0
13034.0	3.0
13037.0	1.0
13038.0	1.0
13039.0	2.0
13040.0	2.0
13041.0	2.0
13043.0	1.0
13045.0	1.0
13047.0	1.0
13048.0	1.0
13049.0	1.0
13050.0	3.0
13052.0	2.0
13053.0	2.0
13054.0	1.0
13055.0	1.0
13056.0	2.0
13058.0	1.0
13059.0	1.0
13060.0	2.0
13062.0	1.0
13063.0	2.0
13065.0	2.0
13066.0	4.0
13067.0	1.0
13071.0	1.0
13072.0	1.0
13075.0	1.0
13078.0	1.0
13082.0	1.0
13087.0	2.0
13089.0	1.0
13091.0	1.0
13092.0	1.0
13095.0	2.0
13097.0	1.0
13101.0	1.0
13107.0	1.0
13108.0	1.0
13110.0	1.0
13114.0	1.0
13115.0	1.0
13117.0	1.0
13121.0	1.0
13156.0	1.0
13157.0	1.0
13181.0	1.0
13182.0	1.0
13201.0	1.0
13206.0	1.0
13207.0	1.0
13208.0	1.0
13213.0	1.0
13214.0	1.0
13217.0	1.0
13251.0	1.0
13278.0	1.0
13279.0	1.0
13283.0	1.0
13293.0	1.0
13295.0	1.0
13315.0	1.0
13318.0	1.0
13325.0	1.0
13341.0	1.0
13348.0	1.0
13361.0	1.0
13362.0	1.0
13367.0	1.0
13368.0	2.0
13391.0	1.0
13393.0	1.0
13403.0	1.0
13410.0	1.0
13418.0	1.0
13420.0	1.0
13423.0	1.0
13432.0	1.0
13443.0	1.0
13465.0	1.0
13468.0	1.0
13470.0	1.0
13482.0	1.0
13505.0	1.0
13509.0	1.0
13511.0	1.0
13515.0	1.0
13534.0	1.0
13537.0	1.0
13550.0	1.0
13560.0	1.0
13572.0	1.0
13582.0	1.0
13584.0	1.0
13592.0	1.0
13598.0	1.0
13617.0	1.0
13636.0	1.0
13637.0	1.0
13639.0	1.0
13643.0	1.0
13650.0	1.0
13651.0	1.0
13662.0	1.0
13666.0	1.0
13671.0	1.0
13707.0	1.0
13711.0	1.0
13728.0	1.0
13732.0	1.0
13744.0	1.0
13747.0	1.0
13748.0	1.0
13749.0	1.0
13753.0	1.0
13766.0	1.0
13770.0	1.0
13773.0	1.0
13776.0	1.0
13779.0	2.0
13787.0	1.0
13790.0	1.0
13820.0	1.0
13821.0	1.0
13829.0	1.0
13841.0	1.0
13844.0	1.0
13848.0	1.0
13850.0	1.0
13852.0	1.0
13866.0	1.0
13868.0	1.0
13874.0	1.0
13877.0	1.0
13883.0	1.0
13884.0	1.0
13896.0	1.0
13906.0	1.0
13909.0	1.0
13910.0	1.0
13917.0	1.0
13922.0	1.0
13934.0	1.0
13940.0	1.0
13944.0	1.0
13951.0	1.0
13957.0	1.0
13974.0	1.0
13985.0	1.0
13986.0	1.0
13989.0	1.0
14002.0	1.0
14010.0	1.0
14030.0	1.0
14037.0	1.0
14038.0	1.0
14040.0	1.0
14053.0	1.0
14059.0	1.0
14100.0	1.0
14101.0	1.0
14102.0	1.0
14118.0	2.0
14128.0	1.0
14129.0	1.0
14137.0	1.0
14145.0	1.0
14148.0	1.0
14151.0	1.0
14173.0	1.0
14175.0	1.0
14180.0	1.0
14181.0	1.0
14186.0	1.0
14188.0	1.0
14189.0	2.0
14202.0	1.0
14205.0	1.0
14215.0	1.0
14217.0	1.0
14220.0	1.0
14224.0	1.0
14232.0	2.0
14234.0	1.0
14236.0	2.0
14237.0	1.0
14239.0	1.0
14242.0	2.0
14245.0	1.0
14253.0	1.0
14257.0	1.0
14259.0	1.0
14261.0	2.0
14267.0	2.0
14274.0	1.0
14275.0	1.0
14286.0	1.0
14290.0	1.0
14292.0	1.0
14295.0	1.0
14300.0	1.0
14301.0	1.0
14304.0	2.0
14309.0	1.0
14311.0	1.0
14312.0	1.0
14313.0	2.0
14317.0	1.0
14320.0	1.0
14325.0	1.0
14329.0	1.0
14330.0	1.0
14336.0	2.0
14341.0	1.0
14344.0	1.0
14345.0	1.0
14346.0	1.0
14351.0	2.0
14352.0	1.0
14354.0	1.0
14371.0	1.0
14373.0	1.0
14379.0	1.0
14420.0	1.0
14430.0	1.0
14451.0	1.0
14452.0	1.0
14453.0	1.0
14461.0	1.0
14468.0	1.0
14487.0	1.0
14494.0	1.0
14511.0	1.0
14549.0	1.0
14551.0	1.0
14562.0	1.0
14569.0	1.0
14581.0	2.0
14588.0	1.0
14599.0	1.0
14614.0	1.0
14617.0	1.0
14631.0	1.0
14644.0	1.0
14645.0	1.0
14646.0	1.0
14657.0	2.0
14659.0	1.0
14664.0	1.0
14672.0	1.0
14679.0	1.0
14684.0	1.0
14688.0	2.0
14703.0	1.0
14709.0	1.0
14715.0	1.0
14724.0	1.0
14726.0	1.0
14734.0	1.0
14741.0	1.0
14745.0	1.0
14746.0	1.0
14748.0	1.0
14750.0	1.0
14752.0	1.0
14753.0	1.0
14754.0	1.0
14755.0	1.0
14756.0	2.0
14759.0	2.0
14765.0	1.0
14766.0	1.0
14772.0	2.0
14773.0	1.0
14774.0	1.0
14776.0	1.0
14780.0	1.0
14782.0	1.0
14784.0	1.0
14787.0	2.0
14792.0	2.0
14794.0	1.0
14795.0	1.0
14796.0	1.0
14802.0	2.0
14807.0	1.0
14808.0	1.0
14812.0	3.0
14815.0	2.0
14820.0	2.0
14821.0	1.0
14822.0	1.0
14826.0	3.0
14827.0	2.0
14828.0	2.0
14832.0	1.0
14833.0	1.0
14834.0	1.0
14836.0	1.0
14837.0	2.0
14838.0	1.0
14841.0	2.0
14844.0	1.0
14846.0	1.0
14849.0	3.0
14850.0	1.0
14851.0	1.0
14852.0	1.0
14853.0	2.0
14854.0	1.0
14856.0	1.0
14860.0	1.0
14861.0	1.0
14863.0	1.0
14866.0	1.0
14868.0	1.0
14870.0	1.0
14872.0	1.0
14874.0	1.0
14875.0	1.0
14876.0	1.0
14877.0	1.0
14883.0	2.0
14887.0	2.0
14888.0	1.0
14891.0	1.0
14892.0	1.0
14897.0	1.0
14901.0	1.0
14913.0	1.0
14924.0	2.0
14934.0	1.0
14935.0	1.0
14938.0	1.0
14945.0	1.0
14950.0	1.0
14951.0	1.0
14952.0	1.0
14953.0	1.0
14954.0	3.0
14956.0	1.0
14959.0	1.0
14962.0	1.0
14963.0	1.0
14964.0	1.0
14968.0	1.0
14969.0	1.0
14970.0	2.0
14972.0	1.0
14973.0	1.0
14975.0	3.0
14976.0	2.0
14977.0	1.0
14978.0	1.0
14979.0	1.0
14980.0	1.0
14985.0	1.0
14986.0	2.0
14988.0	2.0
14989.0	1.0
14990.0	1.0
14991.0	1.0
14996.0	2.0
14998.0	1.0
15001.0	1.0
15002.0	1.0
15003.0	1.0
15004.0	2.0
15005.0	1.0
15008.0	2.0
15011.0	1.0
15012.0	1.0
15013.0	1.0
15016.0	2.0
15025.0	1.0
15028.0	1.0
15035.0	1.0
15038.0	1.0
15039.0	2.0
15041.0	3.0
15045.0	1.0
15048.0	2.0
15050.0	1.0
15051.0	1.0
15053.0	1.0
15054.0	1.0
15055.0	1.0
15058.0	1.0
15060.0	1.0
15063.0	2.0
15064.0	2.0
15067.0	2.0
15068.0	1.0
15069.0	1.0
15072.0	2.0
15075.0	2.0
15078.0	1.0
15079.0	1.0
15080.0	2.0
15082.0	1.0
15085.0	1.0
15089.0	1.0
15091.0	1.0
15092.0	1.0
15093.0	1.0
15094.0	1.0
15095.0	3.0
15097.0	1.0
15098.0	1.0
15099.0	1.0
15100.0	1.0
15103.0	1.0
15106.0	1.0
15109.0	3.0
15110.0	1.0
15111.0	1.0
15112.0	1.0
15113.0	1.0
15115.0	1.0
15117.0	1.0
15121.0	2.0
15122.0	1.0
15123.0	1.0
15125.0	2.0
15127.0	1.0
15130.0	1.0
15131.0	1.0
15132.0	1.0
15134.0	2.0
15139.0	2.0
15140.0	1.0
15141.0	1.0
15142.0	1.0
15145.0	2.0
15147.0	3.0
15149.0	2.0
15151.0	1.0
15153.0	1.0
15154.0	1.0
15156.0	1.0
15157.0	2.0
15160.0	2.0
15161.0	1.0
15164.0	1.0
15166.0	1.0
15169.0	1.0
15170.0	1.0
15172.0	1.0
15175.0	2.0
15177.0	1.0
15178.0	1.0
15179.0	1.0
15180.0	1.0
15184.0	1.0
15187.0	1.0
15188.0	1.0
15189.0	1.0
15195.0	2.0
15196.0	1.0
15198.0	2.0
15200.0	2.0
15205.0	2.0
15210.0	1.0
15213.0	1.0
15214.0	2.0
15216.0	2.0
15218.0	1.0
15219.0	2.0
15220.0	1.0
15222.0	1.0
15226.0	1.0
15227.0	1.0
15228.0	1.0
15230.0	1.0
15232.0	1.0
15233.0	2.0
15236.0	1.0
15238.0	1.0
15239.0	2.0
15240.0	1.0
15241.0	2.0
15243.0	1.0
15245.0	1.0
15249.0	1.0
15251.0	1.0
15252.0	3.0
15253.0	1.0
15254.0	2.0
15256.0	1.0
15258.0	1.0
15259.0	1.0
15260.0	3.0
15261.0	1.0
15262.0	1.0
15263.0	1.0
15264.0	1.0
15265.0	2.0
15267.0	2.0
15268.0	1.0
15269.0	1.0
15271.0	2.0
15275.0	1.0
15277.0	1.0
15278.0	1.0
15279.0	1.0
15280.0	1.0
15281.0	1.0
15282.0	2.0
15284.0	1.0
15286.0	4.0
15290.0	1.0
15292.0	1.0
15293.0	1.0
15295.0	6.0
15296.0	1.0
15298.0	1.0
15300.0	1.0
15301.0	1.0
15302.0	1.0
15304.0	1.0
15305.0	2.0
15306.0	1.0
15308.0	1.0
15309.0	4.0
15311.0	2.0
15312.0	2.0
15313.0	2.0
15314.0	1.0
15316.0	1.0
15317.0	1.0
15318.0	1.0
15319.0	1.0
15322.0	2.0
15324.0	1.0
15326.0	3.0
15331.0	2.0
15333.0	4.0
15335.0	2.0
15336.0	1.0
15337.0	2.0
15338.0	1.0
15339.0	1.0
15340.0	2.0
15341.0	1.0
15344.0	3.0
15346.0	1.0
15347.0	1.0
15348.0	1.0
15349.0	2.0
15350.0	4.0
15351.0	2.0
15353.0	2.0
15354.0	2.0
15355.0	2.0
15356.0	1.0
15357.0	1.0
15359.0	2.0
15361.0	2.0
15362.0	1.0
15363.0	1.0
15364.0	1.0
15365.0	4.0
15368.0	2.0
15369.0	2.0
15371.0	1.0
15372.0	1.0
15376.0	3.0
15377.0	1.0
15379.0	2.0
15380.0	1.0
15381.0	2.0
15382.0	1.0
15383.0	2.0
15384.0	2.0
15385.0	1.0
15386.0	1.0
15387.0	1.0
15388.0	1.0
15389.0	1.0
15390.0	1.0
15391.0	1.0
15395.0	2.0
15396.0	1.0
15400.0	4.0
15401.0	4.0
15403.0	3.0
15408.0	2.0
15409.0	1.0
15411.0	1.0
15412.0	1.0
15414.0	1.0
15415.0	1.0
15418.0	1.0
15419.0	1.0
15424.0	2.0
15426.0	1.0
15427.0	1.0
15432.0	1.0
15434.0	1.0
15435.0	1.0
15436.0	1.0
15441.0	2.0
15444.0	2.0
15445.0	2.0
15446.0	2.0
15447.0	1.0
15450.0	1.0
15455.0	1.0
15457.0	2.0
15458.0	2.0
15460.0	1.0
15461.0	1.0
15462.0	1.0
15464.0	1.0
15466.0	1.0
15468.0	1.0
15470.0	1.0
15472.0	1.0
15473.0	1.0
15474.0	1.0
15477.0	1.0
15480.0	1.0
15481.0	1.0
15484.0	1.0
15487.0	2.0
15488.0	1.0
15497.0	1.0
15500.0	2.0
15504.0	1.0
15506.0	2.0
15508.0	2.0
15510.0	1.0
15511.0	1.0
15512.0	1.0
15514.0	1.0
15515.0	1.0
15517.0	1.0
15519.0	1.0
15520.0	1.0
15525.0	1.0
15526.0	1.0
15527.0	1.0
15528.0	1.0
15530.0	1.0
15532.0	1.0
15538.0	1.0
15540.0	1.0
15545.0	1.0
15549.0	1.0
15550.0	2.0
15551.0	3.0
15554.0	1.0
15557.0	1.0
15558.0	1.0
15565.0	1.0
15571.0	1.0
15577.0	1.0
15581.0	1.0
15586.0	1.0
15589.0	1.0
15594.0	1.0
15600.0	1.0
15604.0	1.0
15613.0	1.0
15614.0	1.0
15617.0	1.0
15621.0	1.0
15627.0	1.0
15630.0	1.0
15633.0	2.0
15636.0	1.0
15639.0	1.0
15644.0	1.0
15645.0	1.0
15653.0	1.0
15661.0	1.0
15664.0	1.0
15677.0	1.0
15678.0	2.0
15680.0	1.0
15686.0	1.0
15687.0	1.0
15697.0	1.0
15698.0	1.0
15720.0	1.0
15723.0	1.0
15729.0	1.0
15747.0	1.0
15755.0	1.0
15760.0	1.0
15764.0	1.0
15765.0	1.0
15766.0	1.0
15771.0	1.0
15775.0	1.0
15777.0	1.0
15779.0	1.0
15780.0	1.0
15781.0	1.0
15784.0	1.0
15786.0	1.0
15787.0	1.0
15788.0	1.0
15789.0	1.0
15790.0	1.0
15791.0	1.0
15793.0	1.0
15800.0	2.0
15801.0	1.0
15802.0	1.0
15808.0	1.0
15815.0	1.0
15816.0	1.0
15826.0	1.0
15830.0	1.0
15840.0	1.0
15853.0	1.0
15858.0	1.0
15860.0	1.0
15862.0	1.0
15866.0	1.0
15880.0	1.0
15933.0	1.0
15941.0	1.0
15942.0	1.0
15951.0	1.0
15959.0	1.0
15980.0	1.0
16001.0	1.0
16003.0	1.0
16009.0	1.0
16016.0	1.0
16024.0	1.0
16030.0	1.0
16042.0	1.0
16063.0	1.0
16064.0	1.0
16083.0	1.0
16084.0	1.0
16085.0	2.0
16099.0	1.0
16103.0	2.0
16110.0	1.0
16113.0	1.0
16122.0	1.0
16124.0	1.0
16131.0	1.0
16134.0	1.0
16135.0	1.0
16136.0	3.0
16140.0	1.0
16141.0	2.0
16142.0	1.0
16143.0	1.0
16144.0	1.0
16147.0	2.0
16151.0	1.0
16152.0	1.0
16153.0	1.0
16164.0	1.0
16165.0	1.0
16172.0	1.0
16174.0	1.0
16183.0	1.0
16184.0	1.0
16191.0	1.0
16193.0	1.0
16195.0	1.0
16197.0	1.0
16202.0	1.0
16209.0	1.0
16216.0	1.0
16218.0	1.0
16225.0	1.0
16233.0	2.0
16234.0	1.0
16252.0	1.0
16271.0	2.0
16275.0	1.0
16277.0	2.0
16283.0	1.0
16289.0	1.0
16291.0	1.0
16295.0	1.0
16297.0	1.0
16299.0	1.0
16300.0	1.0
16306.0	2.0
16310.0	1.0
16314.0	2.0
16317.0	1.0
16319.0	1.0
16326.0	1.0
16327.0	1.0
16330.0	2.0
16331.0	1.0
16337.0	1.0
16338.0	1.0
16341.0	1.0
16344.0	1.0
16349.0	1.0
16350.0	2.0
16352.0	1.0
16353.0	1.0
16355.0	1.0
16356.0	1.0
16361.0	3.0
16363.0	1.0
16364.0	1.0
16365.0	1.0
16367.0	2.0
16368.0	2.0
16370.0	1.0
16371.0	1.0
16378.0	2.0
16380.0	1.0
16382.0	1.0
16383.0	2.0
16384.0	1.0
16385.0	3.0
16387.0	1.0
16388.0	2.0
16393.0	1.0
16394.0	1.0
16396.0	1.0
16399.0	2.0
16400.0	1.0
16404.0	1.0
16407.0	2.0
16408.0	2.0
16409.0	1.0
16410.0	2.0
16412.0	2.0
16413.0	1.0
16417.0	3.0
16418.0	3.0
16420.0	2.0
16421.0	1.0
16423.0	2.0
16424.0	1.0
16425.0	1.0
16426.0	1.0
16428.0	2.0
16430.0	3.0
16434.0	1.0
16435.0	3.0
16437.0	1.0
16439.0	3.0
16440.0	1.0
16441.0	1.0
16442.0	2.0
16443.0	1.0
16445.0	2.0
16447.0	1.0
16448.0	3.0
16449.0	5.0
16450.0	1.0
16452.0	2.0
16453.0	1.0
16455.0	3.0
16458.0	1.0
16460.0	1.0
16461.0	1.0
16462.0	1.0
16463.0	1.0
16469.0	1.0
16471.0	1.0
16473.0	1.0
16474.0	1.0
16475.0	2.0
16476.0	2.0
16478.0	2.0
16479.0	1.0
16481.0	1.0
16482.0	1.0
16486.0	1.0
16487.0	1.0
16488.0	1.0
16490.0	1.0
16491.0	2.0
16492.0	1.0
16494.0	2.0
16495.0	1.0
16500.0	1.0
16505.0	1.0
16510.0	1.0
16511.0	2.0
16514.0	1.0
16518.0	1.0
16524.0	1.0
16525.0	1.0
16527.0	1.0
16528.0	1.0
16529.0	2.0
16531.0	1.0
16532.0	3.0
16533.0	2.0
16536.0	1.0
16540.0	1.0
16543.0	2.0
16544.0	1.0
16545.0	2.0
16550.0	2.0
16552.0	1.0
16553.0	2.0
16554.0	1.0
16555.0	1.0
16556.0	2.0
16558.0	1.0
16559.0	1.0
16560.0	1.0
16561.0	1.0
16562.0	1.0
16564.0	1.0
16566.0	3.0
16567.0	1.0
16569.0	3.0
16572.0	1.0
16573.0	1.0
16574.0	3.0
16576.0	1.0
16580.0	2.0
16587.0	2.0
16588.0	2.0
16590.0	1.0
16599.0	1.0
16600.0	1.0
16601.0	1.0
16603.0	2.0
16607.0	1.0
16611.0	1.0
16612.0	1.0
16614.0	1.0
16626.0	1.0
16627.0	1.0
16630.0	1.0
16634.0	2.0
16635.0	1.0
16639.0	1.0
16654.0	1.0
16656.0	2.0
16659.0	1.0
16666.0	1.0
16667.0	1.0
16670.0	1.0
16672.0	1.0
16681.0	1.0
16685.0	1.0
16690.0	1.0
16691.0	1.0
16694.0	1.0
16702.0	1.0
16703.0	1.0
16713.0	1.0
16727.0	1.0
16728.0	1.0
16731.0	1.0
16732.0	1.0
16738.0	1.0
16749.0	1.0
16752.0	1.0
16757.0	2.0
16766.0	1.0
16770.0	1.0
16792.0	1.0
16797.0	1.0
21493.0	1.0
21668.0	1.0
23085.0	1.0
23208.0	1.0
23864.0	1.0
23911.0	1.0
23992.0	1.0
24153.0	1.0
24424.0	1.0
24458.0	1.0
24533.0	1.0
24536.0	1.0
24543.0	1.0
24584.0	1.0
24647.0	1.0
24674.0	1.0
24675.0	1.0
24677.0	1.0
24686.0	1.0
24695.0	2.0
24697.0	1.0
24699.0	4.0
24700.0	1.0
24702.0	1.0
24704.0	4.0
24705.0	2.0
24706.0	3.0
24707.0	7.0
24708.0	8.0
