#Position (bp)	mapping quality
3882144.5	56.168841803369055
1.16464325E7	57.8163307669616
1.94107205E7	58.38384066041696
2.71750085E7	59.13884434134301
3.49392965E7	59.24218421259884
4.27035845E7	59.29844159219251
5.04678725E7	59.314836936620175
5.82321605E7	59.29092302753745
6.59964485E7	59.37127083025712
7.37607365E7	59.36220305690231
8.15250245E7	59.27075867883678
8.92893125E7	59.32145266678141
9.70536005E7	59.368963367291876
1.048178885E8	57.74382547767904
1.125821765E8	59.27243018270157
1.203464645E8	23.931118851438335
1.281107525E8	9.044494841284422
1.358750405E8	0.0
1.436393285E8	31.910989215220162
1.514036165E8	53.80852443926948
1.591679045E8	58.58946292504779
1.669321925E8	59.40031627459815
1.746964805E8	59.351056717896434
1.824607685E8	59.325867769752875
1.902250565E8	59.4161253796645
1.979893445E8	59.3091614483809
2.057536325E8	59.01432905271775
2.135179205E8	59.32819758705902
2.212822085E8	59.236333061965155
2.290464965E8	58.14202116969871
2.368107845E8	59.2609840980597
2.445750725E8	59.16880924754287
2.487068195E8	49.209435958667356
2.525889635E8	59.17209936927216
2.601036485E8	59.32242738322624
2.678679365E8	59.380700856172076
2.756322245E8	59.31762141250334
2.833965125E8	18.11713497944075
2.911608005E8	59.29307626333076
2.989250885E8	59.37954484577771
3.066893765E8	59.32995457312438
3.144536645E8	59.33763133854231
3.222179525E8	59.26687136543199
3.299822405E8	59.40336081849591
3.377465285E8	45.01585697697338
3.455108165E8	53.97978326902301
3.532751045E8	59.11693841316356
3.610393925E8	53.76818768308681
3.688036805E8	59.33409090762914
3.765679685E8	57.91196113566905
3.843322565E8	59.16758690415563
3.920965445E8	59.44012275971808
3.998608325E8	59.31703139886366
4.076251205E8	59.34569748036981
4.153894085E8	59.35578021628109
4.231536965E8	59.29063622094409
4.309179845E8	59.400115498613715
4.386822725E8	59.402292969432004
4.464465605E8	59.306112423123345
4.542108485E8	59.28814135851396
4.619751365E8	59.35757549069485
4.697394245E8	59.296642468180885
4.775037125E8	59.28140485743921
4.852680005E8	59.271189062016106
4.90150048E8	58.51135927421208
4.94032192E8	58.98882935203073
5.007965765E8	59.288401133979605
5.085608645E8	59.32384282040262
5.163251525E8	59.34477784894812
5.240894405E8	59.35432090560189
5.318537285E8	59.33907906874149
5.396180165E8	59.255092658476414
5.473823045E8	59.3302784921997
5.551465925E8	59.3677384546607
5.629108805E8	59.27116347478816
5.706751685E8	59.17612185592619
5.784394565E8	56.07774949316988
5.862037445E8	48.93565641809259
5.939680325E8	59.346254383851004
6.017323205E8	59.38499909715684
6.094966085E8	59.34376535460374
6.172608965E8	59.27276341490361
6.250251845E8	59.25219887325281
6.327894725E8	59.3559511047431
6.405537605E8	59.33299884913372
6.483180485E8	59.35829207976662
6.560823365E8	59.392885502417215
6.638466245E8	59.35860768174314
6.716109125E8	59.312961706312045
6.793752005E8	59.166015612200255
6.863514275E8	58.153801085014145
6.902335715E8	57.72416574656709
6.949037765E8	56.56698983652794
7.026680645E8	58.838374721899605
7.104323525E8	59.25070770560753
7.181966405E8	59.36662219089985
7.259609285E8	59.35058854640364
7.337252165E8	59.362590619767545
7.414895045E8	35.93833665774927
7.492537925E8	59.3099080079338
7.570180805E8	59.340963848875674
7.647823685E8	59.32357558394063
7.725466565E8	59.33077358334767
7.803109445E8	59.30587971444104
7.880752325E8	59.37606321666763
7.958395205E8	59.33539413539576
8.036038085E8	59.35470830419366
8.113680965E8	59.316362314148535
8.191323845E8	59.14679265280508
8.268966725E8	59.339007160023115
8.346609605E8	59.308266783482736
8.424252485E8	59.3704089464443
8.501895365E8	59.352878648639894
8.579538245E8	59.33482716724164
8.657181125E8	59.3505908919561
8.734824005E8	59.25269517289763
8.78512305E8	56.30124923092888
8.82394449E8	59.12845205836408
8.890109765E8	59.311648876262325
8.967752645E8	58.922727835527745
9.045395525E8	59.35203923090327
9.123038405E8	59.171611957013155
9.200681285E8	59.37865404644962
9.278324165E8	45.654098681262035
9.355967045E8	59.28680261487502
9.433609925E8	59.42513055650391
9.511252805E8	51.60214270576578
9.588895685E8	59.32413982033566
9.666538565E8	59.34214652959536
9.744181445E8	59.364066282946865
9.821824325E8	59.25295350690631
9.899467205E8	59.365593320952605
9.977110085E8	59.38767077500551
1.0054752965E9	59.369471507883
1.0132395845E9	59.35178435086661
1.0210038725E9	59.286298486621845
1.0287681605E9	59.2755551467763
1.0365324485E9	59.27958381919758
1.0442967365E9	59.353808280079114
1.0520610245E9	58.73578101668541
1.0585707465E9	56.9035753339221
1.0624528905E9	58.713186820078086
1.0675896005E9	59.30555738631541
1.0753538885E9	59.30582103662053
1.0831181765E9	59.31704194290723
1.0908824645E9	57.886293521995
1.0986467525E9	59.2969979373424
1.1064110405E9	59.27760380448927
1.1141753285E9	59.342217043649605
1.1219396165E9	45.532730183154875
1.1297039045E9	59.35892243459388
1.1374681925E9	59.31397047510972
1.1452324805E9	59.29662317498242
1.1529967685E9	59.38574246224922
1.1607610565E9	59.35252446911554
1.1685253445E9	59.31339189254545
1.1762896325E9	59.39891169077417
1.1840539205E9	59.412590659103316
1.1918182085E9	59.37251151227273
1.1995824965E9	59.38565157832346
1.2073467845E9	59.37909148004166
1.2151110725E9	59.29306843827919
1.2228753605E9	58.80923970018507
1.229380904E9	58.623957800327034
1.233263048E9	58.880887996656995
1.2384039365E9	58.68412766174277
1.2461682245E9	59.38653350200645
1.2539325125E9	59.346080790118556
1.2616968005E9	59.220678750101804
1.2694610885E9	59.35686434709451
1.2772253765E9	59.323215217528514
1.2849896645E9	58.91690019738695
1.2927539525E9	36.39135740186316
1.3005182405E9	58.268955648224946
1.3082825285E9	54.80354705170991
1.3160468165E9	59.4030856106566
1.3238111045E9	59.362933304800414
1.3315753925E9	57.368143003023754
1.3393396805E9	59.33392420496138
1.3471039685E9	59.326258054779615
1.3548682565E9	59.38571062957547
1.3626325445E9	59.31326407370008
1.3703968325E9	59.287201004188205
1.3781611205E9	55.942663891922635
1.3859254085E9	59.105265521751676
1.3905789145E9	58.84153920142966
1.3944610585E9	57.35971695913602
1.4014539845E9	51.84647278342471
1.4092182725E9	59.36990904639769
1.4169825605E9	59.30365142202288
1.4247468485E9	59.35617103180845
1.4325111365E9	51.789162876402436
1.4402754245E9	56.36003648988502
1.4480397125E9	59.34007947287811
1.4558040005E9	59.341709651064484
1.4635682885E9	59.28730291839596
1.4713325765E9	59.384373322958474
1.4790968645E9	54.13113159915182
1.4868611525E9	59.3452404835446
1.4946254405E9	59.37351107175983
1.5023897285E9	59.38992808477617
1.5101540165E9	59.40206974271941
1.5179183045E9	59.26735198531952
1.5256825925E9	59.27869069671099
1.5330268245E9	59.223484673507194
1.5369089685E9	57.2978415945155
1.5412111685E9	59.356241962691435
1.5489754565E9	59.39747746750497
1.5567397445E9	59.34105805617683
1.5645040325E9	59.4081413595348
1.5722683205E9	57.34558397390555
1.5800326085E9	29.577194755953762
1.5877968965E9	0.0
1.5955611845E9	18.55426483644437
1.6033254725E9	40.03282192528966
1.6110897605E9	59.33799951477816
1.6188540485E9	59.299299529416984
1.6266183365E9	59.25646346503219
1.6343826245E9	59.25579578767355
1.6421469125E9	59.347084137150965
1.6499112005E9	59.059738792005255
1.6576754885E9	59.349638353306204
1.6654397765E9	59.1147604441211
1.672102775E9	58.58942953329241
1.675984919E9	58.24522787569024
1.6809683525E9	59.23751493302968
1.6887326405E9	59.292963042074824
1.6964969285E9	59.319056556589445
1.7042612165E9	59.21969757633593
1.7120255045E9	49.352568118825
1.7197897925E9	46.85882733279394
1.7275540805E9	59.28137725563214
1.7353183685E9	59.380222133796956
1.7430826565E9	59.290071243126455
1.7508469445E9	59.25451420046379
1.7586112325E9	58.82797833542573
1.7663755205E9	59.344392391526746
1.7741398085E9	59.29608916596001
1.7819040965E9	59.28886734632661
1.7896683845E9	59.33701596715167
1.7974326725E9	59.30237813211428
1.804997934E9	57.81788935467304
1.808880078E9	43.97888622240793
1.8129612485E9	58.422756180047024
1.8207255365E9	59.354707848469886
1.8284898245E9	59.31757192473796
1.8362541125E9	59.31371830266707
1.8440184005E9	59.360330944760776
1.8517826885E9	59.35304629737009
1.8595469765E9	32.648076446271084
1.8673112645E9	59.16606117225833
1.8750755525E9	59.19479731203635
1.8828398405E9	59.25648309709212
1.8906041285E9	59.38224972456339
1.8983684165E9	58.18362303646767
1.9061327045E9	59.33887766022412
1.9138969925E9	59.30527116592808
1.9216612805E9	59.36630254025114
1.9294255685E9	59.295624739525465
1.9371898565E9	59.351173325808844
1.942419837E9	59.188123362219336
1.946301981E9	59.160752235506365
1.9527184325E9	59.11923007028225
1.9604827205E9	59.37123940281653
1.9682470085E9	59.33792515042905
1.9760112965E9	47.590309358802884
1.9837755845E9	51.03653326308894
1.9915398725E9	59.26166522253855
1.9993041605E9	59.29958899152534
2.0070684485E9	59.36406550375206
2.0148327365E9	59.32717809429302
2.0225970245E9	59.376552289466325
2.0303613125E9	59.35560103462593
2.0381256005E9	59.326438927530724
2.0458898885E9	59.34602409819189
2.0536541765E9	59.27143299984764
2.0614184645E9	59.30555282822756
2.0691827525E9	59.191298244975826
2.0750539395E9	59.08580112024058
2.0789360835E9	0.0
2.0847113285E9	0.0
2.0924756165E9	12.237654871903397
2.1002399045E9	59.27246880324773
2.1080041925E9	59.33372466435698
2.1157684805E9	59.35689619666448
2.1235327685E9	59.31707111959892
2.1312970565E9	58.59816988774728
2.1390613445E9	59.305256918060806
2.1468256325E9	59.38461988692817
2.1545899205E9	59.37652700228076
2.1623542085E9	59.40135835018135
2.1701184965E9	59.379042921861206
2.1778827845E9	59.32794826497621
2.1856470725E9	59.14152401048957
2.1904682635E9	58.95693708424121
2.1943504075E9	0.0
2.2011756485E9	0.0
2.2089399365E9	41.57933684743603
2.2167042245E9	59.2917823402311
2.2244685125E9	59.282409557883696
2.2322328005E9	59.36619405599373
2.2399970885E9	59.34607283938107
2.2477613765E9	59.365563283822866
2.2555256645E9	59.278854152509226
2.2632899525E9	59.3253739021856
2.2710542405E9	59.307172863674865
2.2788185285E9	59.32894989898672
2.2865828165E9	59.336886550600205
2.2943471045E9	59.14528109401444
2.2983401385E9	59.04424953348169
2.3022222825E9	0.0
2.3098756805E9	0.0
2.3176399685E9	29.13284492140786
2.3254042565E9	54.47357369509574
2.3331685445E9	56.743486292517694
2.3409328325E9	59.013195022481995
2.3486971205E9	59.35050869220139
2.3564614085E9	59.296438270196944
2.3642256965E9	59.12353832588044
2.3719899845E9	58.7995168909772
2.3797542725E9	57.52686443853093
2.3875185605E9	59.23535189993991
2.3952828485E9	59.36205607126417
2.399803605E9	57.11146300368001
2.403685749E9	58.829349530652664
2.4108114245E9	59.301565393735295
2.4185757125E9	53.50887907400889
2.4263400005E9	56.2134033860414
2.4341042885E9	40.02563120140371
2.4418685765E9	1.4720324910205607
2.4496328645E9	52.219764966808725
2.4573971525E9	59.30962437633177
2.4651614405E9	59.33570881382953
2.4729257285E9	58.72817345559235
2.4806900165E9	59.28621720234249
2.4876763615E9	58.38157566656148
2.4915585055E9	58.428101487589295
2.4962185925E9	59.078677224264
2.5039828805E9	59.203388570760126
2.5117471685E9	42.15370442813397
2.5195114565E9	46.63336799389717
2.5272757445E9	56.34279389987177
2.5350400325E9	55.961516418267486
2.5428043205E9	59.332186924170514
2.5505686085E9	59.17573058472661
2.5583328965E9	59.1435279656883
2.5660971845E9	59.17035928451666
2.572008666E9	58.8667110109182
2.57589081E9	57.92870392059846
2.5816257605E9	59.322729048833835
2.5893900485E9	36.2066734221512
2.5971543365E9	54.30529988499013
2.6049186245E9	59.37021760059343
2.6126829125E9	59.3865891528126
2.6204472005E9	59.26485505192211
2.6282114885E9	59.34870817677161
2.6359757765E9	59.38444046006239
2.6437400645E9	59.348489599045024
2.6510167485E9	59.20418832166584
2.6548988925E9	49.371555648056706
2.6592686405E9	58.93113845499918
2.6670329285E9	58.61118655736187
2.6747972165E9	59.11011833914659
2.6825615045E9	58.560551043736545
2.6903257925E9	57.70829836176297
2.6980900805E9	59.12117937304265
2.7058543685E9	57.98686297918278
2.7113827085E9	59.101293108354994
2.7152648525E9	59.13898754828481
2.7213829445E9	59.34250159317521
2.7291472325E9	59.35916652740391
2.7369115205E9	44.82685439520823
2.7446758085E9	49.595599568016624
2.7524400965E9	59.30492973145698
2.7602043845E9	59.18095387625104
2.7679686725E9	59.300191603738114
2.774661944E9	59.001541747200484
2.778544088E9	0.0
2.7834972485E9	25.346183261496872
2.7912615365E9	55.462027259233956
2.7990258245E9	59.41512252538955
2.8067901125E9	59.37463772396684
2.8145544005E9	59.031881484206444
2.8213097995E9	57.62738173203161
2.8251919435E9	0.0
2.8300829765E9	0.0
2.8378472645E9	42.36228047524097
2.8456115525E9	56.14546506433744
2.8533758405E9	59.286884312426075
2.8611401285E9	59.17609899492757
2.8689044165E9	59.2067592585685
2.8738940415E9	58.740621343214634
2.8777761855E9	58.111954894855636
2.8844329925E9	59.207752668143584
2.8921972805E9	59.358795996495694
2.8999615685E9	59.39191548183585
2.9077258565E9	59.43214047336026
2.9154901445E9	59.346209183053084
2.9232544325E9	57.563332417035085
2.9310187205E9	48.51894345822745
2.9387830085E9	42.49302651969509
2.9465472965E9	56.35092448666479
2.9543115845E9	59.31969546896716
2.9620758725E9	59.20268672577239
2.9698401605E9	59.19655151586663
2.9776044485E9	57.49287048971746
2.9853687365E9	59.38224682441263
2.9931330245E9	57.841444483410825
3.0008973125E9	59.33853233183542
3.0086616005E9	58.59180698944386
3.0164258885E9	57.573393961671414
3.0241901765E9	58.597749851126885
3.029557369E9	56.10989480731739
3.033439513E9	58.955720240608194
3.0397187525E9	42.8286724842978
3.0474830405E9	47.19152187502629
3.0552473285E9	21.887356964191124
3.0630116165E9	0.0
3.0707759045E9	0.0
3.0785401925E9	0.0
3.0853460845E9	4.939533812765083
3.088278117E9	56.116504854368934
3.088373929E9	47.53095627799505
3.0884774725E9	46.40157884137117
3.0885573295E9	54.80980185914379
3.0886546005E9	28.77752251014934
3.0887081185E9	42.920624723512596
3.0887493115E9	42.20648868228647
3.088858438E9	38.06105647607133
3.088966832E9	58.044744000602776
3.089008063E9	55.0311689545339
3.089109657E9	9.457043258958935
3.089267292E9	23.785819564832334
3.08942189E9	11.245772531604944
3.089604443E9	44.21443565787155
3.089755642E9	51.77632680065329
3.0898220175E9	26.98744020107641
3.0898610755E9	26.636208042496825
3.089968525E9	35.68486759072255
3.0900764725E9	38.4072016268496
3.090141311E9	5.154657042045744
3.090191469E9	0.8304484657749803
3.090297168E9	42.98829732830035
3.090503609E9	30.59718139833753
3.0907062205E9	54.22817476425112
3.09089898E9	44.81645087986212
3.091013772E9	55.38693567034184
3.091052607E9	55.74356913711807
3.0911587895E9	47.6475440482941
3.091267064E9	54.58359315988846
3.0915130575E9	9.478310195242726
3.092673561E9	16.575669627031843
3.093702736E9	48.70273550219193
3.093935951E9	40.63844883503735
3.094132646E9	30.085263740202436
3.0942642985E9	12.701223336837232
3.094360447E9	55.60120467284438
3.0944711045E9	18.07998504121123
3.0946435155E9	19.525074677586666
3.094747446E9	40.96969395998154
3.0948598115E9	11.495256640859465
3.0950026905E9	39.182882395960505
3.095104297E9	39.587975185207135
3.095190977E9	17.21582140364889
3.0952465895E9	56.9509135452974
3.0952663465E9	17.255528255528255
3.095268566E9	0.9569635385534967
3.0952706195E9	1.0461838184735275
3.0952723265E9	25.750855578370977
3.0952838005E9	2.5743689320388348
3.0952967465E9	27.129605695757657
3.095299555E9	1.2693521719525027
3.0953008775E9	0.9956709956709957
3.0953027375E9	0.9629629629629629
3.0953043745E9	0.9867899603698811
3.095311073E9	3.185493352627295
3.0953361175E9	0.9904007045354469
3.095355552E9	0.9692470837751855
3.0953574645E9	5.9714482006102365
3.095360032E9	0.9848714069591528
3.095361791E9	1.4062556174725866
3.095363378E9	9.805026813601273
3.095365611E9	24.852812449343492
3.0953678415E9	0.0
3.095369933E9	58.285714285714285
3.095371677E9	17.299385088393542
3.09537289E9	0.9863847045191193
3.0953743225E9	0.0
3.095375945E9	22.772285966460725
3.095572656E9	48.12349085670736
3.095769303E9	50.41653922257898
3.0957708065E9	22.111053719008265
3.0957736535E9	52.32344612737242
3.095822105E9	49.46824407614038
3.095924849E9	22.70666652041296
3.095983129E9	58.050127097102184
3.095986364E9	23.666537039509198
3.0959887305E9	31.960645639650945
3.0959909825E9	30.301074982704485
3.095993051E9	41.827783650458066
3.0959946765E9	47.924338294269674
3.096006671E9	43.834171898904394
3.0960870785E9	44.74714712633393
3.0961589785E9	56.13436600925656
3.096165879E9	54.901532688787015
3.096173123E9	53.25419937426232
3.09617898E9	49.70040359912047
3.096183283E9	48.335880791866444
3.096185859E9	25.08684961928934
3.0961883E9	4.166607312440646
3.0961908755E9	5.600396488246956
3.096192456E9	0.0
3.096238607E9	49.85330005439572
3.0962848625E9	7.39685960591133
3.096286263E9	0.0
3.0962877625E9	32.07011070110701
3.096289947E9	51.758388920376106
3.096292208E9	34.20351105331599
3.0962965075E9	0.9893288402134232
3.096315547E9	15.518944640236962
3.0963533005E9	42.37036232426009
3.09637788E9	47.21310364543077
3.096382479E9	55.87000368958308
3.0963879875E9	19.912234783092945
3.0963943185E9	41.371917429081435
3.096398918E9	10.157668418537984
3.0964033365E9	48.749718723438406
3.0964070605E9	45.56914029250174
3.0964084065E9	0.0
3.0964096105E9	22.19441193680515
3.096411644E9	26.55733264497765
3.0964135175E9	42.83553008595989
3.0964147555E9	15.103323808091442
3.0964161835E9	33.90179806362379
3.0964174105E9	26.211480362537763
3.096418484E9	19.61586737714624
3.096419946E9	0.0
3.096422275E9	42.31780821917808
3.0964254675E9	0.0
3.0964313925E9	21.49396389411895
3.0964360765E9	0.9956458635703919
3.096437123E9	0.0
3.0964382945E9	0.0
3.096440137E9	0.9677259185700099
3.096442099E9	0.9725348941918055
3.096443439E9	2.5725490196078433
3.0964449505E9	3.0861008610086103
3.0964464985E9	2.0919786096256683
3.0964475915E9	3.0
3.0964489705E9	0.9674681753889675
3.0964506065E9	5.661099796334012
3.0964522235E9	3.8417721518987342
3.0964537525E9	2.175592246949031
3.0964552355E9	3.349420362903226
3.09645655E9	4.2286382442885415
3.0964580005E9	1.8490081680280046
3.0964594605E9	2.86628117094326
3.096462063E9	16.513567174056917
3.0964647385E9	0.0
3.0964666345E9	0.0
3.0964687875E9	0.0
3.096470338E9	0.9726027397260274
3.0964722525E9	0.0
3.096474844E9	14.779771615008157
3.0964802425E9	56.99697726504972
3.0964880595E9	56.74316991863346
3.0965833285E9	39.0816782421705
3.0967643755E9	55.05881842796727
3.0969348755E9	14.78606402701848
3.097105623E9	41.75736756775201
3.0972741855E9	20.42646398197839
3.0973604055E9	2.608927191929081
3.097450029E9	3.068613564209017
3.0976374775E9	48.86765732889444
3.0978270425E9	43.06409315257315
3.0979310955E9	46.102295722044786
3.097952041E9	55.96634934691167
3.0979864125E9	55.62222503069542
3.098119023E9	17.889425448578173
3.098265051E9	18.51413212284008
3.098391091E9	56.63954920394975
3.0985448955E9	38.053011990780995
3.0986946915E9	39.218806749625706
3.098783935E9	0.0
3.0988292795E9	35.06779450087338
3.098880847E9	24.114569216953758
3.098919304E9	30.96762288755946
3.0989774605E9	37.583597729825556
3.099052881E9	41.12503110133347
3.0991573655E9	39.88266286293406
3.099319594E9	35.20943740654471
3.0995012675E9	22.684687603096208
3.099670145E9	52.316268952495435
3.09983663E9	1.0
3.0999236415E9	0.0
3.099926258E9	51.48241985522234
3.0999293305E9	49.283313143549364
3.0999317075E9	49.90961910910265
3.099933225E9	39.24763443341796
3.099934473E9	43.04527081649151
3.099935544E9	31.831937465103294
3.099936873E9	53.7137737507607
3.0999392435E9	58.11545945495978
3.0999417715E9	59.286184545423694
3.099944294E9	57.09028276437596
3.099947122E9	13.41219872110182
3.099949542E9	20.863656683057666
3.099951465E9	0.0
3.0999532635E9	0.0
3.0999548975E9	0.0
3.099956276E9	0.0
3.0999589355E9	59.30645121941302
3.099961492E9	0.0
3.0999627755E9	0.0
3.099966206E9	51.691509104444435
3.099971928E9	58.406631322615105
3.0999763185E9	59.47797817489077
3.0999787225E9	30.303370786516854
3.099980804E9	59.018691588785046
3.099982934E9	58.25342465753425
3.0999846185E9	0.0
3.0999859675E9	40.84530973451327
3.099987108E9	0.0
3.0999883185E9	1.0
3.099989888E9	0.0
3.0999934275E9	59.22499901995374
3.099997199E9	42.587608857924856
3.0999989405E9	0.0
3.100000503E9	0.9501718213058419
3.100002242E9	48.55326797385621
3.100004537E9	52.80479268944733
3.100007437E9	48.130242311276795
3.1000093805E9	1.9753086419753085
3.1000104305E9	25.082071323888616
3.100011833E9	19.823943661971832
3.1000136915E9	49.44627343392776
3.1000154645E9	33.06927710843374
3.100017134E9	56.48338870431893
3.1000187915E9	2.1004761904761904
3.100020568E9	8.944728761514842
3.1000221625E9	5.942446043165468
3.1000236955E9	44.824014665444544
3.1000264625E9	55.75316652593218
3.100029677E9	58.4697917306629
3.100031578E9	58.95161290322581
3.1000326205E9	0.0
3.100033658E9	0.0
3.100035464E9	53.40970161444012
3.1000409715E9	43.29803999978713
3.1000479435E9	29.76718582671506
3.100051797E9	52.8393489143258
3.100053416E9	50.183496199782844
3.10005829E9	57.68530994729107
3.1000639665E9	47.64050312564921
3.1000665115E9	30.499072745722383
3.100068816E9	39.37350835322196
3.100070957E9	47.32944946111273
3.1000725955E9	37.382564442969354
3.10007379E9	42.11460821603223
3.1000757855E9	58.65309112958238
3.1000785755E9	59.510998224501876
3.1000897445E9	59.25828821247744
3.1001009405E9	59.344012737616744
3.1001076425E9	59.61779440425894
3.1001174535E9	0.0
3.10012562E9	59.6557167422124
3.1001304845E9	59.288584000148525
3.1001326025E9	51.08654883412165
3.100134138E9	29.013392857142858
3.100136976E9	57.748529713784286
3.1001412695E9	59.64109282633009
3.1001454075E9	0.0
3.1001489115E9	0.0
3.1001523505E9	58.98499951797937
3.1001553555E9	45.989371325192224
3.1001569595E9	39.711627906976744
3.1001596515E9	0.0
3.100164687E9	59.3723559021211
3.100169456E9	58.17982710251875
3.100173756E9	59.67156797976557
3.100178605E9	0.0
3.100182461E9	59.45291740982055
3.1001845245E9	31.885815185403178
3.100186698E9	55.79877454137303
3.1001901715E9	59.606297354072744
3.1001926785E9	33.278340437179835
3.1001942255E9	0.0
3.100196577E9	59.29901219472956
3.100199826E9	59.8532768177372
3.1002050385E9	59.66834374929495
3.1002116325E9	59.305345682181716
3.100215983E9	54.99096274437477
3.100218536E9	0.0
3.1002222875E9	0.0
3.100226716E9	0.0
3.100230998E9	59.51543334857292
3.10023432E9	59.2647575410462
3.100237109E9	55.77702474880302
3.100241596E9	59.60787824529991
3.1002465235E9	0.0
3.100249222E9	0.0
3.1002504975E9	59.69489104797351
3.1002526125E9	58.88145265888456
3.1002555955E9	58.70814182534471
3.1002585615E9	55.95291137354245
3.1002608765E9	58.776041666666664
3.100264232E9	0.0
3.1002683515E9	0.0
3.1002730005E9	55.35763061424219
3.100276567E9	59.834963325183374
3.1002785615E9	0.0
3.1002805655E9	34.1593276454858
3.1002818545E9	59.509541490372165
3.100283864E9	58.8648242285387
3.100286221E9	0.0
3.1002886105E9	0.917953667953668
3.100297238E9	0.0
3.100308266E9	0.0
3.1003148695E9	17.147118295538927
3.1003201675E9	59.46471383113204
3.100323191E9	47.5673232160155
3.100327556E9	59.48292941800814
3.1003361335E9	59.50414806233724
3.100341505E9	36.03734352073391
3.100343284E9	58.0095385715989
3.1003451525E9	53.439019862632264
3.10034797E9	58.74515283042637
3.1003522945E9	59.491684661135736
3.1003595775E9	59.19532491884519
3.100367519E9	59.18191095250759
3.1003726985E9	59.358759132717
3.1003758895E9	56.72392215092538
3.1003787135E9	0.0
3.1003813635E9	0.0
3.100384543E9	58.712018945432966
3.100388122E9	34.044857317133484
3.100390936E9	59.21110001248595
3.1003962175E9	58.89315993111764
3.1004020815E9	57.384103782203546
3.1004062135E9	41.70430216117956
3.100409423E9	58.577777777777776
3.1004119315E9	59.4542914043428
3.100414125E9	0.0
3.100417918E9	59.15251195154732
3.100423028E9	59.34412974497591
3.1004269835E9	59.31038623517202
3.1004299135E9	0.0
3.100431937E9	1.9558232931726907
3.100433132E9	0.0
3.100434876E9	0.0
3.1004377605E9	53.46555279130325
3.1004408225E9	57.124513018322084
3.1004441155E9	58.521003026372675
3.1004490815E9	58.59379794064356
3.100453243E9	59.631645039765594
3.1004556705E9	59.57719054242003
3.1004587745E9	57.446503762288295
3.100461398E9	23.386260358192995
3.100462798E9	37.925925925925924
3.1004649905E9	57.93298023656236
3.100471036E9	0.0
3.1004779445E9	57.13627857081333
3.1004820575E9	43.2553507565337
3.100486718E9	57.049010496391865
3.1004910255E9	0.0
3.10049749E9	0.0
3.1005038655E9	0.9710144927536232
3.1005113075E9	0.0
3.100520375E9	59.594402380596755
3.100524579E9	59.281488962631656
3.100528576E9	59.497971328103866
3.100533401E9	58.57926094371802
3.1005371995E9	56.80632712373148
3.100540127E9	0.0
3.100544135E9	0.0
3.1005486665E9	0.0
3.1005512115E9	56.201788425847816
3.100552639E9	0.0
3.1005539095E9	0.0
3.1005560785E9	0.0
3.100558656E9	57.82457850314179
3.100561947E9	55.685909202153695
3.10056789E9	0.0
3.100573138E9	0.0
3.100576513E9	0.0
3.100580371E9	58.06930341417214
3.100591292E9	21.238503151798433
3.100602639E9	0.0
3.100606305E9	59.12690089145254
3.100608874E9	58.91183743200108
3.1006116575E9	59.681142883937575
3.1006156585E9	59.46186403001796
3.100620518E9	0.0
3.1006254325E9	59.70163833648425
3.1006312815E9	59.77532465587227
3.1006367155E9	57.92943634458402
3.100640534E9	58.113552184281296
3.100643878E9	54.97487250428427
3.100647993E9	59.456534891358835
3.1006508345E9	19.706172839506173
3.100653317E9	59.60374113093958
3.1006563755E9	59.71699050014895
3.1006598935E9	59.35326039691788
3.1006649805E9	59.16082322785664
3.1006712605E9	59.720923489543694
3.1006757165E9	52.61059390048154
3.100677201E9	27.042772537837244
3.10067847E9	29.08669074742984
3.100683289E9	59.63195795268254
3.1006885805E9	59.677379296642165
3.100691006E9	59.76357718005825
3.1006942785E9	0.0
3.1006969395E9	0.0
3.1006991355E9	49.679048163887984
3.1007016905E9	55.759211096662334
3.100704182E9	55.38256549232159
3.100706833E9	46.79485487903924
3.100708945E9	0.0
3.100712266E9	0.0
3.10071577E9	59.108787452242105
3.100717503E9	53.7791452991453
3.100719116E9	0.0
3.1007206285E9	15.708333333333334
3.1007221265E9	57.20062208398134
3.100724699E9	59.69927839072774
3.1007268945E9	0.0
3.1007289465E9	0.0
3.1007309285E9	6.768627450980392
3.1007330965E9	58.814408782979804
3.1007392415E9	0.0
3.1007470865E9	59.11138790591988
3.1007528755E9	0.0
3.1007561985E9	53.38194703468855
3.1007588475E9	55.872925903917356
3.100761762E9	45.755890603085554
3.1007635275E9	0.0
3.100764747E9	12.549348471165011
3.1007667445E9	42.51268396875091
3.1007691425E9	58.32473706958651
3.100772442E9	59.85341158098884
3.100775528E9	50.83005777767863
3.100781116E9	59.6361665892553
3.10079114E9	59.4697973116619
3.100797975E9	57.38327964170661
3.1008007345E9	55.26182832311833
3.100804877E9	59.208672391820265
3.100809349E9	0.0
3.1008114985E9	58.4384858044164
3.1008137425E9	20.763224423866184
3.1008164375E9	15.814495746935892
3.100825815E9	15.203633406699948
3.100837982E9	3.2890690161127245
3.100842972E9	52.39535931516107
3.1008451085E9	54.4340572414785
3.10084822E9	55.842171862418034
3.1008510465E9	55.827240725697266
3.100852321E9	15.996894409937887
3.1008571395E9	0.0
3.1008619615E9	0.0
3.1008648315E9	57.112979081274396
3.100868278E9	54.23755077478562
3.100873156E9	54.49225063501465
3.1008795525E9	52.85212962625858
3.100884274E9	49.56792802759159
3.10088846E9	19.256614369515056
3.1008916615E9	19.503173797130888
3.10089384E9	36.95674300254453
3.1008970555E9	58.90852453165183
3.1008998325E9	38.85751316999749
3.100902708E9	48.743793432063384
3.1009063655E9	50.20716385819939
3.1009089965E9	49.720783558629364
3.1009125255E9	47.44330945412394
3.1009156975E9	52.99686037218861
3.100917935E9	48.82536873540185
3.1009210515E9	51.70977952412137
3.1009240305E9	48.33406557155817
3.100926116E9	43.89733452885556
3.1009275335E9	15.35700137132409
3.100928649E9	34.55739319784322
3.1009304855E9	35.572665173262536
3.100935775E9	0.0
3.1009404825E9	0.0
3.1009433075E9	57.12216613910514
3.100962012E9	12.374186587060812
3.100979643E9	33.26733102253033
3.1009826315E9	8.218475073313783
3.100986095E9	55.467926665980016
3.100988659E9	22.135577915376675
3.1009913515E9	53.181988190680684
3.100994484E9	27.24770857814336
3.100999235E9	32.037506303580436
3.1010045095E9	55.32185255806138
3.101007663E9	49.27399582681273
3.101009454E9	39.91422121896163
3.1010139635E9	0.0
3.10102777E9	0.0
3.101038557E9	47.3303156917363
3.1010399745E9	0.0
3.10104147E9	6.49294532627866
3.101043057E9	0.0
3.101044461E9	0.0
3.101046252E9	58.45837615621788
3.101048543E9	55.55307833192449
3.101051444E9	59.578160618857204
3.101053714E9	6.846575342465753
3.101055658E9	58.53085210577865
3.1010593945E9	58.83749000014035
3.1010636115E9	57.34772563176895
3.101066684E9	2.0
3.101069485E9	0.0
3.10107171E9	51.05309734513274
3.1010747125E9	59.432056473741675
3.101082788E9	59.65120618913441
3.1010891985E9	57.30681818181818
3.101090371E9	0.0
3.101091454E9	0.0
3.1010926105E9	0.0
3.101093789E9	0.0
3.101094954E9	0.0
3.1010960955E9	0.0
3.1010976565E9	54.06374464917179
3.1010992105E9	36.350762527233115
3.1011004015E9	57.31296101159115
3.101103073E9	59.55402496771416
3.101108811E9	59.64931339882486
3.1011134185E9	35.41868553609979
3.1011171035E9	59.42004977510253
3.1011208445E9	37.04284658950997
3.1011223705E9	56.041169872460635
3.1011236055E9	52.162033839779006
3.101126918E9	59.09518086008173
3.101130602E9	30.146189450529306
3.1011321595E9	0.0
3.101133927E9	58.35457705677868
3.1011356635E9	58.52054794520548
3.1011368845E9	40.71019921675464
3.1011381815E9	20.378865979381445
3.10113931E9	55.100246507806084
3.1011404165E9	18.375
3.101141667E9	58.11495565118117
3.101143503E9	48.6320066156114
3.1011454715E9	46.20682756033513
3.101147397E9	55.06056802990206
3.1011501335E9	34.77125377403464
3.101157518E9	57.79790244623376
3.1011645045E9	0.0
3.1011668885E9	22.02639729601213
3.1011686545E9	0.0
3.1011709785E9	55.98058637083994
3.101173445E9	60.0
3.101205684E9	42.38576350968817
3.1012403025E9	40.9020449020449
3.1012453615E9	34.94058471251143
3.1012505225E9	54.467187218606085
3.1012614495E9	38.33872725959324
3.1012739195E9	47.06144237816741
3.101281912E9	57.11568789102671
3.1012871705E9	51.72999266312256
3.101295694E9	51.26752859902117
3.1013044905E9	53.07307901389644
3.1013083555E9	52.125495356116716
3.1013114625E9	51.2424683293745
3.101316135E9	48.99299661358887
3.1013198035E9	30.79623340537203
3.101320917E9	0.0
3.101322018E9	46.00219753387865
3.1013238925E9	34.304922310520695
3.101326703E9	40.14824064201134
3.1013294495E9	14.327977609619571
3.1013318685E9	16.065307057745187
3.1013343305E9	4.232328620965591
3.101336736E9	43.59607742597103
3.101339303E9	9.197577225923682
3.101342702E9	49.204087997753014
3.101345195E9	54.68634317158579
3.1013472335E9	59.238944120671924
3.101349218E9	0.0
3.1013517465E9	54.25910831172039
3.101354867E9	0.0
3.1013568785E9	58.75761266747868
3.101370363E9	58.77882800591939
3.1013921985E9	59.50428217357799
3.1014090845E9	59.27411132932572
3.101423574E9	58.37561594287996
3.101436092E9	59.463129675679646
3.1014467775E9	59.25377334063522
3.10145676E9	58.97783299848437
3.1014665925E9	59.677023700914795
3.101476343E9	59.3079976564055
3.1014858855E9	58.636159942342175
3.1014950245E9	0.0
3.101503724E9	0.0
3.1015121195E9	46.36813248828752
3.101520406E9	0.0
3.101528602E9	59.29358761584444
3.101536693E9	0.0
3.1015446345E9	58.62880596279818
3.1015524055E9	58.40034932048242
3.1015601115E9	0.0
3.101567702E9	58.490297662220726
3.1015751255E9	0.0
3.1015823905E9	59.11367979302056
3.101589504E9	59.48853913356751
3.101596546E9	0.0
3.101603554E9	0.0
3.1016105495E9	59.31206589604072
3.101617536E9	20.877448037281642
3.101624424E9	0.0
3.101631085E9	58.853282889672215
3.1016374705E9	59.07550686063269
3.1016435565E9	59.60011359519859
3.1016494765E9	0.0
3.1016553825E9	58.66158613782808
3.101661271E9	0.0
3.1016671275E9	0.0
3.101672916E9	0.0
3.101678576E9	0.0
3.101684071E9	0.0
3.1016894025E9	0.0
3.1016946505E9	59.43706423851813
3.1016998325E9	59.86521286504849
3.1017049205E9	0.0
3.101709929E9	0.0
3.101714835E9	58.79115575435079
3.1017196755E9	59.28726508569064
3.101724499E9	0.0
3.101729313E9	0.0
3.1017340725E9	59.36831511098401
3.1017387675E9	0.0
3.10174343E9	57.35402721315736
3.1017480095E9	0.0
3.101752486E9	57.439227500398005
3.1017569135E9	59.26684600603898
3.101761326E9	58.20131204001722
3.1017657265E9	59.55114254624592
3.101770102E9	0.0
3.101774441E9	0.0
3.1017787455E9	55.56368902114996
3.1017830115E9	58.998895583732924
3.1017872465E9	58.1590263059027
3.1017914715E9	59.600389592319466
3.1017956905E9	0.0
3.1017999035E9	59.57394157835279
3.1018041115E9	58.14161705088238
3.1018082655E9	0.0
3.101812367E9	59.44096559926396
3.101816459E9	0.0
3.101820484E9	56.98644294932398
3.101824445E9	0.0
3.101828395E9	0.0
3.1018323325E9	56.15282383706995
3.101836262E9	57.14158115899541
3.1018401885E9	0.0
3.10184411E9	23.24221507982507
3.1018480235E9	0.0
3.1018519235E9	0.0
3.1018558145E9	51.87246449555641
3.101859689E9	0.0
3.1018635415E9	59.174438763194274
3.101867382E9	0.0
3.1018712145E9	0.0
3.1018750435E9	0.0
3.10187887E9	0.0
3.101882693E9	0.0
3.101886508E9	0.0
3.101890313E9	59.51260154134555
3.101894113E9	46.97876077182465
3.101897881E9	0.0
3.1019016E9	57.876408861251456
3.1019052995E9	51.5110766411336
3.1019089945E9	0.0
3.1019126835E9	59.111678522272676
3.101916365E9	58.92220600128134
3.1019200355E9	0.0
3.101923674E9	36.757574180114524
3.101927286E9	57.66847351247259
3.1019308945E9	59.63975948957175
3.1019344895E9	52.847865990455084
3.101938072E9	56.292757125288574
3.101941634E9	0.0
3.1019451695E9	59.95769682726205
3.101948697E9	58.16187749695558
3.1019522085E9	59.76720692717584
3.101955703E9	54.52956692292085
3.1019591915E9	59.51545122077336
3.101962651E9	59.069574820541135
3.101966064E9	54.7720160584693
3.1019694465E9	54.561707829361914
3.101972819E9	0.0
3.101976185E9	59.53152951699463
3.101979541E9	56.321815522185766
3.1019828865E9	56.32443918974653
3.1019862165E9	59.28886684849988
3.1019895175E9	52.91257963005603
3.1019927975E9	59.105917645887274
3.1019960665E9	55.547934032983505
3.1019993255E9	59.476957939279025
3.102002581E9	55.92495484055586
3.102005831E9	59.64452125820947
3.1020090695E9	0.0
3.1020122965E9	0.0
3.1020155165E9	0.0
3.1020187305E9	57.99405948466313
3.1020219335E9	56.370871891907875
3.102025125E9	58.6895331846497
3.102028308E9	57.66653256135318
3.1020314845E9	42.00634343466421
3.102034659E9	0.0
3.1020378305E9	53.89744081621053
3.1020409985E9	32.06952491309386
3.102044163E9	0.0
3.102047316E9	51.46795205836373
3.102050456E9	56.29304443270052
3.1020535825E9	58.9565428815275
3.1020566935E9	54.15139367070697
3.102059793E9	55.553498160456634
3.102062879E9	59.479553903345725
3.102065945E9	0.0
3.102068997E9	0.0
3.10207203E9	40.314020920275325
3.1020750435E9	59.10498650376474
3.102078054E9	0.0
3.102081057E9	0.0
3.102084054E9	55.19306940390605
3.102087044E9	56.83653997315371
3.102090025E9	57.0665626625065
3.102092998E9	0.0
3.102095965E9	58.523205115783355
3.1020989315E9	0.0
3.1021018915E9	57.653786459883186
3.1021048445E9	58.43775975380014
3.1021077875E9	59.748820604360574
3.1021107135E9	39.52843263022859
3.10211362E9	54.23212201507839
3.102116511E9	59.31363513147194
3.102119394E9	59.70936679311351
3.1021222725E9	58.677642485565656
3.1021251475E9	56.21171410217021
3.1021280175E9	57.91565430855417
3.1021308845E9	0.0
3.10213375E9	59.65871348616116
3.1021366145E9	59.625082425346186
3.102139476E9	58.27643095220967
3.1021423325E9	45.178353713450875
3.1021451745E9	0.0
3.1021480035E9	0.0
3.1021508295E9	57.19819159335288
3.102153651E9	59.355627745241584
3.102156467E9	16.031098869423182
3.102159278E9	0.0
3.1021620835E9	0.0
3.10216488E9	0.0
3.102167667E9	59.594220440275365
3.1021704475E9	48.68887856977014
3.102173225E9	0.0
3.1021759985E9	0.0
3.102178768E9	0.0
3.102181536E9	56.51784780171877
3.102184301E9	54.44522657649363
3.102187055E9	56.42004525390408
3.1021897985E9	57.78465844185515
3.1021925375E9	58.350998352934376
3.10219527E9	39.57987061792022
3.1021979975E9	27.40453074433657
3.10220072E9	52.46006612145467
3.102203437E9	0.0
3.1022061485E9	59.39539958178016
3.1022088545E9	58.88392317912791
3.1022115525E9	0.0
3.102214244E9	59.535662836275925
3.1022169345E9	58.67938570584761
3.102219623E9	53.93824689468417
3.102222305E9	0.0
3.1022249775E9	56.7567494745918
3.1022276455E9	59.46983913373955
3.102230311E9	59.34660984250588
3.10223297E9	0.0
3.1022356195E9	0.0
3.1022382625E9	59.52800342026507
3.1022408995E9	59.4265080248547
3.1022435315E9	1.0
3.1022461615E9	53.20844587196146
3.102248787E9	0.0
3.1022514095E9	59.31530691395253
3.10225403E9	53.41455774462122
3.102256642E9	52.25117835595777
3.102259246E9	53.67495757977073
3.102261848E9	59.421545595997195
3.1022644475E9	0.0
3.102267045E9	0.0
3.1022696415E9	0.0
3.1022722365E9	55.70535244223457
3.1022748265E9	0.0
3.102277412E9	53.553919239904985
3.102279996E9	59.577180666505285
3.1022825765E9	59.651529852275985
3.10228515E9	53.57161866742705
3.102287719E9	58.63043867502238
3.102290279E9	0.0
3.1022928285E9	0.0
3.1022953765E9	53.09947296343943
3.1022979235E9	44.83758920606601
3.102300469E9	53.26938343032056
3.1023030085E9	0.0
3.102305542E9	54.36202581565017
3.1023080695E9	55.48423136983435
3.1023105915E9	41.20704959306751
3.10231311E9	59.70566593083149
3.102315624E9	0.0
3.102318134E9	57.71186440677966
3.1023206395E9	0.0
3.10232314E9	0.0
3.102325624E9	0.0
3.102328092E9	44.39100591715977
3.1023305565E9	0.0
3.102333018E9	0.0
3.102335476E9	0.0
3.1023379295E9	0.0
3.102340372E9	0.0
3.1023428065E9	50.484927916120576
3.1023452395E9	52.44545961119931
3.102347669E9	0.0
3.102350093E9	52.3877419740897
3.1023525135E9	46.58303956130043
3.1023549305E9	57.33356993230961
3.1023573395E9	0.0
3.102359743E9	0.0
3.1023621455E9	59.902614968440034
3.102364545E9	55.79688201616524
3.102366941E9	0.0
3.1023693355E9	0.0
3.1023717265E9	0.0
3.1023741115E9	59.50692184656114
3.102376493E9	58.92142685873434
3.1023788735E9	55.36262316265547
3.1023812475E9	0.0
3.1023836135E9	55.13510758169233
3.102385977E9	57.83492405342679
3.1023883325E9	0.0
3.102390676E9	59.65538367284423
3.102393013E9	0.0
3.1023953465E9	42.708594566353185
3.102397678E9	53.458121958794905
3.1024000085E9	1.0
3.102402335E9	0.0
3.102404656E9	59.19348241822624
3.1024069725E9	59.1041755432467
3.1024092835E9	55.542442101768074
3.1024115905E9	43.0387602767726
3.1024138915E9	0.0
3.102416183E9	58.34206103709477
3.102418466E9	28.723809523809525
3.1024207435E9	46.43585866037179
3.102423018E9	57.17288155850365
3.1024252855E9	0.0
3.1024275435E9	0.0
3.1024297965E9	57.98250512738145
3.102432045E9	0.0
3.102434287E9	59.33438985736925
3.102436518E9	44.30642301251108
3.1024387395E9	57.82451711608338
3.1024409585E9	19.127906976744185
3.102443175E9	0.0
3.102445389E9	59.81112277019937
3.102447597E9	57.13129480693126
3.1024497985E9	0.0
3.102451997E9	59.44803098773402
3.1024541925E9	51.513868003341685
3.102456381E9	0.0
3.102458562E9	0.0
3.10246074E9	59.060041864051996
3.102462917E9	58.136412648260986
3.102465094E9	59.80373384394447
3.1024672665E9	0.0
3.1024694305E9	52.46724432915724
3.102471588E9	0.0
3.1024737375E9	51.967136150234744
3.102475881E9	56.99277691262715
3.1024780205E9	58.246695035460995
3.1024801555E9	0.0
3.102482287E9	59.51811390819984
3.1024844155E9	58.59024682572381
3.102486542E9	56.020488123418495
3.102488667E9	0.9335260115606936
3.1024907905E9	59.066777270841975
3.102492907E9	54.972831135054804
3.1024950155E9	57.64302059496568
3.1024971155E9	56.633653333333335
3.102499209E9	59.63053049662859
3.1025012995E9	0.0
3.1025033865E9	0.0
3.1025054725E9	59.908749873263716
3.1025075575E9	59.662523813843784
3.1025096395E9	0.0
3.102511719E9	46.54956427015251
3.1025137965E9	0.0
3.10251587E9	58.683683120903254
3.1025179385E9	56.87980699985597
3.102520002E9	59.41336447189995
3.10252206E9	0.0
3.102524114E9	56.31281610525272
3.1025261605E9	59.91382687034861
3.1025281985E9	57.16708055253764
3.102530234E9	56.451241671714115
3.1025322685E9	51.72428824820371
3.1025343015E9	43.833654798519525
3.102536332E9	0.0
3.102538359E9	0.0
3.102540382E9	53.9283222984157
3.1025424015E9	0.0
3.102544418E9	0.0
3.10254643E9	55.47262374069207
3.102548438E9	0.0
3.102550444E9	59.04686601495112
3.102552448E9	0.0
3.10255445E9	0.0
3.102556451E9	59.284843559528646
3.1025584515E9	0.0
3.1025604495E9	3.0
3.1025624435E9	49.04527345164795
3.102564432E9	32.699703515459554
3.102566415E9	0.0
3.102568394E9	49.553333680049924
3.102570368E9	58.218708894060505
3.1025723375E9	57.32230738200887
3.1025743025E9	57.35167260253021
3.102576264E9	54.751223190348526
3.1025782245E9	43.538329332977746
3.1025801845E9	52.99317264370999
3.1025821415E9	59.303863106040964
3.1025840945E9	52.57455326272883
3.102586044E9	59.26995457495133
3.1025879895E9	55.16776704426993
3.102589933E9	0.0
3.102591875E9	0.0
3.102593814E9	0.0
3.1025957495E9	59.23354623715635
3.102597681E9	48.92496886674969
3.1025996075E9	0.0
3.1026015315E9	57.22935505567596
3.102603455E9	56.745332321131905
3.102605377E9	0.0
3.1026072965E9	0.0
3.102609213E9	0.0
3.102611128E9	0.0
3.1026130425E9	59.264166326946594
3.1026149555E9	0.0
3.1026168665E9	55.67449290797308
3.102618775E9	0.0
3.1026206805E9	0.0
3.102622581E9	0.0
3.102624475E9	59.68109339407745
3.1026263655E9	43.10561797752809
3.1026282545E9	0.0
3.1026301425E9	0.0
3.102632029E9	0.0
3.102633912E9	59.06879194630873
3.102635792E9	58.0659880262139
3.10263767E9	0.0
3.1026395465E9	54.588202168097986
3.1026414225E9	59.12125340599455
3.1026432975E9	0.0
3.1026451705E9	51.29302544769086
3.102647041E9	59.69317310150856
3.1026489085E9	59.321739130434786
3.102650774E9	0.0
3.102652639E9	54.0695447673442
3.102654504E9	0.0
3.1026563675E9	0.0
3.1026582295E9	58.77152522429769
3.10266009E9	0.0
3.1026619475E9	37.45637906194973
3.1026638035E9	0.0
3.1026656585E9	55.95118266370804
3.1026675105E9	50.18015214384509
3.10266936E9	48.667839667107614
3.102671209E9	55.144493621452746
3.102673057E9	0.0
3.1026749E9	36.780142566191444
3.1026767365E9	59.64515751258929
3.102678564E9	20.571428571428573
3.102680382E9	48.3945810010546
3.102682195E9	52.66398213858544
3.1026840045E9	56.76265997084076
3.1026858125E9	57.40026944091011
3.10268762E9	0.0
3.102689427E9	55.852829330798166
3.1026912315E9	0.0
3.102693033E9	59.15761323750627
3.1026948335E9	50.89284219338636
3.102696631E9	50.60979476186184
3.1026984255E9	58.68488821257169
3.1027002185E9	0.0
3.1027020085E9	0.0
3.1027037955E9	59.071019858633456
3.1027055795E9	0.0
3.1027073615E9	35.69948186528497
3.102709143E9	41.44815282836542
3.102710924E9	57.596124721603566
3.102712704E9	55.688163366643906
3.102714482E9	0.0
3.1027162525E9	0.0
3.1027180155E9	57.14398268229421
3.102719774E9	55.04506490325741
3.102721526E9	54.53245979749851
3.102723274E9	25.40122536843848
3.1027250205E9	50.3567670435464
3.102726766E9	0.0
3.1027285105E9	51.84562764456982
3.1027302535E9	41.11117176128093
3.1027319945E9	0.0
3.1027337345E9	59.943046986236354
3.1027354725E9	55.927876823338735
3.102737208E9	58.438925081433226
3.1027389415E9	0.0
3.1027406735E9	18.67241379310345
3.1027424045E9	59.83786090172095
3.102744133E9	57.56952841596131
3.1027458575E9	48.81947860304968
3.1027475775E9	0.0
3.1027492945E9	59.48366333170083
3.1027510075E9	6.562893081761007
3.1027527165E9	58.702101359703335
3.102754424E9	58.443114934350945
3.1027561305E9	59.334759774362965
3.102757836E9	0.0
3.1027595405E9	50.87622533002222
3.102761242E9	58.86070315976858
3.1027629405E9	51.7179137671282
3.102764638E9	53.173425366695426
3.102766335E9	59.25671283417762
3.102768031E9	54.80761008978196
3.102769726E9	0.0
3.10277142E9	59.11887079662346
3.10277311E9	0.0
3.1027747965E9	45.07333035847092
3.1027764795E9	59.36345213970676
3.102778159E9	48.31617205334615
3.102779838E9	54.67455466294097
3.1027815165E9	58.74597045591413
3.1027831925E9	11.304783789429706
3.1027848665E9	0.0
3.102786539E9	0.0
3.102788209E9	0.0
3.102789876E9	56.954523227383866
3.10279154E9	42.40886811808959
3.1027932E9	59.63522943539861
3.102794855E9	0.0
3.1027965075E9	0.0
3.1027981585E9	0.0
3.102799808E9	50.34164653652804
3.102801457E9	0.0
3.1028031015E9	58.22102425876011
3.1028047405E9	0.0
3.1028063775E9	54.663408131526324
3.1028080115E9	59.600224435404684
3.102809643E9	48.55546001719691
3.1028112735E9	0.0
3.102812902E9	10.825
3.1028145275E9	54.101417848206836
3.102816148E9	31.530364372469634
3.1028177645E9	0.0
3.10281938E9	0.0
3.102820993E9	48.26208378088077
3.102822604E9	56.53798698554889
3.1028242125E9	0.0
3.102825818E9	53.74650991917708
3.102827423E9	0.0
3.1028290255E9	52.07149394347241
3.1028306245E9	0.0
3.1028322225E9	56.24967032967033
3.10283382E9	41.42710246052148
3.1028354165E9	37.081516587677726
3.102837012E9	0.0
3.1028386055E9	15.938446014127145
3.102840196E9	0.0
3.102841783E9	0.0
3.102843365E9	51.531454107940874
3.1028449435E9	17.329700272479563
3.102846521E9	0.0
3.102848098E9	0.0
3.102849675E9	24.809765377298667
3.1028512515E9	0.0
3.102852827E9	0.0
3.1028544015E9	57.207249712313
3.1028559745E9	58.18738530907566
3.102857546E9	0.0
3.102859113E9	0.0
3.102860675E9	0.0
3.102862236E9	58.66763295276092
3.1028637965E9	50.95346982185589
3.1028653565E9	0.0
3.1028669135E9	58.60797467295194
3.1028684665E9	59.834060598611025
3.1028700165E9	15.744070601213458
3.1028715635E9	0.0
3.102873107E9	55.504347826086956
3.1028746455E9	59.37894736842105
3.10287618E9	52.486354968106795
3.1028777125E9	50.11042795609281
3.1028792445E9	58.180921863445896
3.1028807755E9	0.0
3.102882304E9	46.970607183121274
3.1028838305E9	59.355480405808635
3.1028853555E9	0.0
3.102886879E9	55.020203998229064
3.102888402E9	0.0
3.1028899245E9	10.933534743202417
3.1028914465E9	58.4428492545555
3.102892967E9	45.35105805751492
3.102894483E9	0.0
3.1028959935E9	0.0
3.1028975015E9	0.0
3.102899008E9	0.0
3.102900512E9	0.0
3.1029020115E9	57.63223338115734
3.102903505E9	44.34808342728298
3.1029049955E9	53.119493560358
3.1029064855E9	50.10673959068455
3.102907974E9	0.0
3.1029094605E9	36.49261811023622
3.102910946E9	58.92041218112512
3.1029124305E9	32.47558509101416
3.102913914E9	48.78875369491991
3.102915395E9	59.43217665615142
3.102916874E9	58.97673605037607
3.1029183515E9	55.66061580882353
3.102919827E9	47.98780487804878
3.1029213005E9	0.0
3.102922771E9	57.3585430734602
3.1029242395E9	6.254261363636363
3.102925707E9	59.6452790818988
3.102927173E9	39.2443791517629
3.1029286375E9	59.59584926269798
3.102930101E9	0.0
3.102931564E9	0.0
3.102933025E9	53.45516409266409
3.102934484E9	58.85259908630695
3.1029359425E9	52.309537572254335
3.1029374005E9	52.75505673408979
3.1029388565E9	57.98877499778454
3.102940308E9	0.9771428571428571
3.102941757E9	0.0
3.1029432055E9	47.7098434215068
3.1029446525E9	0.0
3.1029460965E9	55.206765676567656
3.102947538E9	58.86275594908688
3.1029489785E9	40.27211457455771
3.102950418E9	0.0
3.102951856E9	0.0
3.1029532925E9	0.0
3.102954725E9	38.98525241066364
3.102956154E9	43.45945945945946
3.102957582E9	0.0
3.1029590085E9	0.0
3.102960434E9	55.17151767151767
3.1029618585E9	55.703073904512756
3.1029632825E9	5.913043478260869
3.102964706E9	0.0
3.102966129E9	0.0
3.102967552E9	51.88013553578992
3.1029689705E9	0.0
3.1029703845E9	0.0
3.102971798E9	0.9614325068870524
3.102973211E9	0.0
3.1029746225E9	0.0
3.102976032E9	0.0
3.102977441E9	0.0
3.1029788485E9	42.76116427432217
3.102980254E9	59.75092089107174
3.102981659E9	50.573660714285715
3.1029830635E9	59.851042701092354
3.1029844675E9	42.56783717679944
3.1029858705E9	48.220076090137546
3.1029872725E9	39.48504201680672
3.1029886745E9	48.50172811059908
3.1029900765E9	29.75958702064897
3.1029914775E9	59.34065934065934
3.1029928765E9	0.0
3.1029942735E9	51.824225935009196
3.102995669E9	0.0
3.1029970635E9	54.65366614664587
3.102998457E9	0.0
3.102999849E9	58.499717992103776
3.103001239E9	6.245341614906832
3.103002628E9	59.98351195383347
3.1030040165E9	58.069485874714864
3.103005404E9	0.0
3.1030067895E9	59.291996959496146
3.103008172E9	53.671604375569736
3.103009553E9	0.0
3.103010933E9	54.7541412380122
3.103012311E9	0.0
3.1030136875E9	59.40127388535032
3.1030150635E9	59.26153962951716
3.103016439E9	0.0
3.1030178135E9	53.33156834961593
3.1030191865E9	57.42322649859193
3.103020558E9	58.16141501698489
3.1030219285E9	0.0
3.1030232985E9	57.759235487091715
3.1030246665E9	0.0
3.103026031E9	46.54060010171215
3.1030273925E9	53.01068702290076
3.1030287505E9	0.0
3.103030106E9	36.08671241422333
3.103031461E9	0.0
3.1030328145E9	49.521594684385384
3.103034163E9	58.11626790429703
3.1030355075E9	0.0
3.1030368515E9	60.0
3.1030381945E9	59.58025650991061
3.1030395365E9	58.44823775021491
3.1030408755E9	58.502112251056126
3.1030422105E9	0.0
3.1030435445E9	0.0
3.103044878E9	2.6177536231884058
3.1030462105E9	47.49363826703173
3.1030475405E9	56.30432525951557
3.1030488685E9	57.08794913784799
3.1030501965E9	58.379546272956425
3.103051524E9	59.960062125582425
3.10305285E9	57.98347107438016
3.1030541735E9	0.0
3.1030554945E9	56.618235877106045
3.103056814E9	0.0
3.1030581325E9	0.9192399049881235
3.103059449E9	58.205761316872426
3.1030607635E9	0.0
3.103062077E9	40.462954465707575
3.10306339E9	59.858934169278996
3.1030647025E9	54.52880658436214
3.1030660135E9	45.91139240506329
3.103067323E9	0.0
3.103068632E9	52.08263996615428
3.10306994E9	59.2465016146394
3.103071247E9	49.386409290646576
3.103072553E9	0.0
3.1030738575E9	0.0
3.103075161E9	56.19581187199189
3.1030764635E9	56.136834077786254
3.1030777655E9	0.0
3.103079067E9	58.73200723327306
3.103080368E9	0.0
3.1030816685E9	57.167350881429606
3.103082968E9	36.02064647148418
3.103084266E9	29.812969553183077
3.103085562E9	0.0
3.1030868565E9	0.0
3.10308815E9	59.723502304147466
3.103089442E9	0.0
3.103090733E9	51.947633857274944
3.103092023E9	58.66501854140915
3.1030933115E9	0.0
3.1030945995E9	30.91381249361006
3.103095887E9	0.0
3.103097174E9	1.0
3.103098461E9	0.0
3.1030997475E9	0.0
3.103101032E9	0.0
3.103102314E9	36.21886200716846
3.103103593E9	0.0
3.1031048685E9	7.115853658536586
3.1031061405E9	0.0
3.103107409E9	57.773278879813304
3.1031086755E9	58.88419273034658
3.1031099385E9	1.0
3.103111198E9	0.0
3.1031124565E9	0.0
3.1031137145E9	0.0
3.1031149725E9	0.0
3.1031162295E9	0.0
3.103117485E9	0.0
3.1031187395E9	54.020903781125114
3.1031199935E9	0.0
3.103121247E9	0.0
3.1031224985E9	0.0
3.103123748E9	0.0
3.1031249965E9	0.0
3.1031262445E9	45.777923784494085
3.103127492E9	0.0
3.1031287365E9	0.0
3.1031299785E9	51.934577997222654
3.10313122E9	50.273387137708745
3.103132461E9	0.0
3.103133702E9	0.0
3.103134942E9	54.600765820233775
3.1031361805E9	0.0
3.103137418E9	0.9710703953712633
3.1031386545E9	0.0
3.10313989E9	0.0
3.1031411245E9	0.0
3.1031423585E9	0.0
3.1031435925E9	43.205607476635514
3.103144826E9	57.69452399548729
3.1031460585E9	8.79144385026738
3.1031472905E9	40.79972027972028
3.103148522E9	51.544117647058826
3.1031497525E9	28.93395516774485
3.1031509815E9	28.14414893617021
3.103152209E9	57.734482758620686
3.103153436E9	0.0
3.1031546625E9	43.656455553467396
3.1031558875E9	0.0
3.1031571115E9	0.0
3.1031583335E9	0.0
3.1031595535E9	0.0
3.103160773E9	0.0
3.103161991E9	36.79070941681393
3.1031632075E9	36.48655256723716
3.103164423E9	0.0
3.1031656375E9	43.385131195335276
3.1031668515E9	56.594041422354415
3.1031680655E9	33.079537729435756
3.103169279E9	0.0
3.1031704915E9	49.445922244957615
3.103171702E9	55.28542389094822
3.1031729105E9	49.86957944689903
3.103174118E9	40.86316821971555
3.103175325E9	42.76545321280235
3.103176532E9	0.0
3.1031777385E9	51.14401858304297
3.1031789445E9	58.485639686684074
3.10318015E9	0.0
3.103181355E9	0.0
3.1031825595E9	42.45421795256679
3.1031837635E9	0.0
3.1031849675E9	58.16338582677165
3.103186171E9	46.75454351079752
3.103187373E9	46.38900540898554
3.103188574E9	59.96697853604843
3.1031897745E9	59.66643059490085
3.1031909745E9	0.0
3.103192174E9	0.0
3.1031933725E9	0.0
3.10319457E9	48.2739981360671
3.1031957665E9	0.0
3.103196962E9	0.0
3.1031981565E9	58.89269406392694
3.1031993505E9	0.0
3.103200543E9	58.73444373350396
3.103201733E9	45.10563729542073
3.1032029205E9	0.0
3.1032041065E9	28.314928425357873
3.1032052915E9	0.9793205317577548
3.103206475E9	59.059233449477354
3.103207658E9	51.857571857571855
3.1032088405E9	0.0
3.103210022E9	0.0
3.103211203E9	0.0
3.103212384E9	58.71904761904762
3.103213565E9	36.421875
3.103214745E9	0.0
3.1032159235E9	59.54821894005213
3.1032171015E9	0.0
3.103218279E9	0.0
3.103219456E9	0.0
3.10322063E9	0.0
3.103221801E9	0.0
3.103222972E9	54.76695821185617
3.1032241425E9	0.0
3.1032253125E9	47.41884933960152
3.103226481E9	34.811459027315124
3.103227648E9	51.11891810214566
3.103228815E9	0.0
3.103229981E9	0.0
3.103231146E9	0.0
3.1032323095E9	4.6255506607929515
3.103233469E9	57.98017028491394
3.1032346255E9	0.0
3.1032357815E9	40.707613344739094
3.1032369365E9	59.18285490860513
3.1032380905E9	0.0
3.103239243E9	0.0
3.103240394E9	0.0
3.1032415445E9	45.940173410404626
3.1032426945E9	0.0
3.103243843E9	53.63500506585613
3.10324499E9	31.147675853558205
3.1032461365E9	0.0
3.1032472815E9	48.4057492473536
3.1032484255E9	52.99153737658674
3.103249569E9	52.01386611003429
3.1032507115E9	59.75103734439834
3.103251853E9	0.0
3.103252994E9	0.0
3.1032541345E9	0.0
3.1032552735E9	51.24767886400874
3.1032564095E9	58.61621137483206
3.1032575435E9	34.91729943875867
3.1032586765E9	60.0
3.103259808E9	0.0
3.103260939E9	48.40559440559441
3.1032620695E9	0.0
3.103263198E9	0.9979123173277662
3.1032643245E9	57.520214030915575
3.1032654495E9	59.28838019407813
3.1032665725E9	0.0
3.1032676945E9	0.0
3.103268816E9	50.5266319876914
3.103269936E9	46.889905029897996
3.103271055E9	0.0
3.103272174E9	49.88311045071818
3.103273293E9	36.84884210526316
3.1032744115E9	58.69037995149555
3.1032755285E9	0.0
3.1032766445E9	26.826736032571816
3.10327776E9	0.0
3.103278875E9	56.61247071075241
3.10327999E9	59.10133395740697
3.1032811045E9	0.0
3.103282218E9	59.47944172010562
3.103283331E9	53.75
3.1032844425E9	60.0
3.1032855525E9	48.4583959146891
3.103286662E9	56.78532311062432
3.1032877705E9	57.980269883459414
3.103288878E9	58.61077844311377
3.103289985E9	0.0
3.103291092E9	38.74328358208955
3.103292199E9	43.81710659166306
3.1032933055E9	0.0
3.10329441E9	46.91186039633244
3.103295513E9	57.05002855511137
3.103296616E9	54.04741715943322
3.1032977175E9	44.07780355761794
3.103298817E9	0.0
3.1032999155E9	58.75025901367592
3.103301013E9	0.0
3.1033021095E9	36.539468130012665
3.1033032055E9	35.46630526217403
3.1033043005E9	1.9722222222222223
3.103305394E9	0.0
3.1033064855E9	0.0
3.1033075745E9	56.83788010425717
3.103308662E9	0.0
3.1033097485E9	0.0
3.103310834E9	0.0
3.1033119185E9	0.0
3.1033130025E9	52.65612648221344
3.1033140865E9	0.0
3.1033151705E9	0.0
3.103316254E9	56.22924068956441
3.103317337E9	59.61414790996785
3.1033184195E9	0.0
3.1033195015E9	58.75435883014623
3.103320583E9	58.91341256366723
3.103321664E9	59.14556962025316
3.103322744E9	47.759674134419555
3.1033238215E9	52.03791765736454
3.1033248965E9	59.52140388194629
3.10332597E9	24.249408983451538
3.103327043E9	0.0
3.103328115E9	59.62646484375
3.103329185E9	58.51724137931034
3.103330253E9	24.8597088028474
3.10333132E9	0.0
3.103332387E9	58.598442714126804
3.1033334535E9	34.2422919893003
3.103334519E9	48.10670194003527
3.103335584E9	0.0
3.103336649E9	0.0
3.103337714E9	0.0
3.103338779E9	0.0
3.1033398435E9	58.71109294942319
3.1033409075E9	24.988992379339543
3.1033419715E9	0.0
3.103343035E9	0.0
3.1033440975E9	0.0
3.1033451595E9	47.274193548387096
3.1033462215E9	0.0
3.103347283E9	0.0
3.1033483435E9	55.30824450728736
3.103349402E9	0.0
3.103350459E9	0.0
3.1033515155E9	40.252583237657866
3.103352571E9	0.0
3.103353626E9	59.95685005393743
3.103354681E9	54.28840470193115
3.103355736E9	57.99809342230696
3.1033567905E9	29.88476984862527
3.103357843E9	53.41674411953957
3.1033588935E9	51.88902494038796
3.1033599435E9	0.0
3.103360993E9	57.91139240506329
3.1033620415E9	37.368942731277535
3.103363089E9	0.0
3.1033641355E9	0.0
3.1033651815E9	43.442233632862646
3.1033662275E9	53.370484242890086
3.103367273E9	49.91313559322034
3.103368318E9	0.0
3.103369363E9	59.78872120730739
3.1033704075E9	0.0
3.1033714505E9	0.0
3.103372492E9	0.0
3.103373532E9	0.0
3.103374571E9	53.15320665083135
3.1033756095E9	0.0
3.1033766465E9	0.0
3.1033776825E9	0.0
3.103378718E9	42.043400889767675
3.103379753E9	35.18158890290038
3.103380787E9	0.0
3.1033818195E9	33.860441075120605
3.103382851E9	0.0
3.103383882E9	53.41164453524004
3.103384913E9	0.0
3.103385942E9	52.31463878326996
3.103386969E9	0.0
3.1033879955E9	55.15723270440252
3.1033890215E9	0.0
3.1033900465E9	0.0
3.1033910705E9	0.0
3.1033920935E9	42.623933768188664
3.1033931155E9	59.67941867920496
3.103394137E9	53.85134754437036
3.1033951575E9	0.0
3.103396177E9	0.0
3.1033971955E9	0.0
3.1033982135E9	41.07343895619758
3.1033992315E9	59.878787878787875
3.1034002485E9	0.0
3.1034012615E9	37.76986584107327
3.1034022715E9	57.279358070815995
3.103403281E9	53.93782383419689
3.1034042895E9	0.0
3.103405297E9	0.0
3.1034063035E9	0.0
3.103407309E9	59.05511811023622
3.103408314E9	0.0
3.1034093185E9	0.9702797202797203
3.1034103225E9	0.0
3.103411326E9	0.0
3.103412329E9	0.0
3.103413332E9	57.71702064014358
3.103414335E9	50.31737849779087
3.1034153375E9	59.23817325414704
3.1034163395E9	58.502080443828014
3.1034173405E9	57.02543507362785
3.1034183405E9	0.0
3.1034230195E9	59.76636809193848
3.1034311645E9	58.02027968265166
3.1034385535E9	0.9578947368421052
3.103444272E9	5.815253609774158
3.103448588E9	57.92816689076315
3.103452529E9	10.290672451193059
3.1034563265E9	58.70145235445543
3.103460075E9	52.339837980575574
3.1034637975E9	50.82844690966719
3.103467461E9	54.196168454443004
3.103471038E9	58.45524247180864
3.1034745565E9	45.37597471887056
3.10347799E9	54.1078931672079
3.1034813295E9	58.732983306017665
3.103484605E9	57.55626857071842
3.1034878305E9	45.3980615349938
3.1034910465E9	49.80608494253487
3.1034942485E9	56.87024988765801
3.1034973905E9	57.63512898330804
3.10350048E9	58.238659398185504
3.1035035475E9	58.83838353687658
3.103506574E9	57.280170012257436
3.1035095785E9	56.14646384998065
3.10351256E9	47.37090331966671
3.1035155065E9	55.03394707759034
3.10351844E9	51.1550504269056
3.10352132E9	33.6908705940964
3.1035241305E9	52.04693345962586
3.103526902E9	58.897597977244
3.103529649E9	53.45345948898715
3.103532388E9	40.8001704303366
3.1035351035E9	56.99149000522423
3.103537785E9	23.796291416902708
3.1035404345E9	51.20418040409164
3.1035429975E9	58.6344764157141
3.103545488E9	20.735604781997186
3.1035479665E9	53.60893708418461
3.1035504075E9	57.04226094817196
3.103552812E9	52.802456573878914
3.1035551875E9	58.24771829088911
3.103557535E9	53.74406349410366
3.1035598595E9	36.05313481764786
3.1035621585E9	38.564220448762434
3.103564445E9	57.50235316564378
3.103566722E9	45.41730652041438
3.103568983E9	58.194944237918214
3.103571211E9	57.96799261741707
3.1035734005E9	58.67625899280576
3.103575568E9	59.04516129032258
3.103577725E9	44.11605104096709
3.103579877E9	9.077693231878253
3.103582016E9	49.59244769518626
3.1035841385E9	51.59216589861751
3.103586253E9	57.04663212435233
3.1035883585E9	46.02396062951761
3.1035904405E9	57.85606131853663
3.1035925065E9	52.064664377821636
3.103594569E9	26.62767295597484
3.103596622E9	21.96189189189189
3.1035986655E9	50.19547238575834
3.1036007005E9	25.123613775463596
3.1036027275E9	35.05997138025237
3.10360474E9	0.0
3.1036067365E9	34.30011927699789
3.103608723E9	0.0
3.103610703E9	0.0
3.103612671E9	46.99283781632978
3.103614626E9	54.51573780647621
3.1036165745E9	8.4946418499718
3.1036185145E9	49.295732639951055
3.1036204485E9	55.83644827346627
3.1036223555E9	51.0536039552433
3.1036242355E9	44.33065884450579
3.1036261095E9	15.172544080604535
3.103627955E9	36.88780487804878
3.103629772E9	13.977793696275072
3.103631583E9	1.0
3.1036333895E9	38.00586068318821
3.10363519E9	54.93355328508585
3.103636984E9	0.0
3.10363877E9	41.37372843874392
3.1036405435E9	58.64308965517241
3.1036423085E9	57.09267110841914
3.103644062E9	5.993125
3.103645804E9	56.37891175641387
3.103647529E9	41.36338074760172
3.1036492365E9	36.39524348810872
3.10365094E9	34.78134072314595
3.103652635E9	53.94338866883261
3.1036543025E9	0.0
3.103655946E9	57.50930519793171
3.103657586E9	0.0
3.1036592235E9	59.74542169093373
3.1036608575E9	10.288702928870293
3.103662488E9	43.9059829059829
3.103664114E9	58.63309352517986
3.1036657365E9	53.382846883490366
3.1036673585E9	27.94076433121019
3.103668979E9	54.956047381546135
3.1036705915E9	0.0
3.103672191E9	0.0
3.1036737835E9	54.83208585084318
3.1036753585E9	39.85793103448276
3.10367691E9	54.370955433455435
3.1036784535E9	32.14744265218449
3.1036799945E9	47.565785870755754
3.103681529E9	48.910902503293805
3.1036830525E9	50.12935400919504
3.103684569E9	0.0
3.103686083E9	0.0
3.103687593E9	43.248271527341295
3.1036890985E9	58.5344387755102
3.1036906E9	29.105574324324323
3.103692097E9	38.62191358024691
3.103693592E9	0.0
3.1036950855E9	37.019118869492935
3.1036965775E9	55.42642749407455
3.103698068E9	0.0
3.103699555E9	19.881536189069426
3.103701039E9	41.56653088934148
3.103702517E9	48.14015572858732
3.1037039885E9	0.0
3.103705455E9	57.77581202859344
3.1037069165E9	45.10994656802302
3.1037083755E9	5.0
3.1037098325E9	0.0
3.103711287E9	0.0
3.103712735E9	29.945205479452056
3.103714177E9	58.899755501222494
3.1037156105E9	0.0
3.103717036E9	57.11720210776814
3.1037184575E9	7.0
3.103719873E9	2.0
3.103721286E9	0.0
3.1037226985E9	58.40832773673606
3.103724108E9	0.0
3.1037255145E9	54.79396733139593
3.1037269155E9	40.30491942324004
3.1037283085E9	35.54776710005653
3.1037296945E9	36.920359806932865
3.1037310735E9	50.29797115619653
3.103732449E9	0.990625
3.103733822E9	48.082545683679896
3.103735191E9	0.0
3.1037365565E9	54.80434782608695
3.1037379165E9	22.83792677910325
3.103739272E9	0.0
3.1037406255E9	40.18509615384615
3.1037419765E9	0.0
3.1037433245E9	38.782335466179156
3.10374467E9	34.00459770114943
3.1037460125E9	43.643326758711375
3.1037473475E9	0.0
3.103748677E9	0.0
3.1037500035E9	34.36688150718889
3.1037513235E9	56.928
3.103752635E9	46.41786600496278
3.1037539405E9	34.78265412748171
3.1037552445E9	47.9746835443038
3.103756548E9	0.9732888146911519
3.10375785E9	0.0
3.1037591505E9	57.939354838709676
3.103760449E9	47.07943747624478
3.1037617455E9	2.713740458015267
3.1037630385E9	56.14959444106846
3.1037643255E9	54.84237726098191
3.1037656085E9	51.16465863453815
3.10376689E9	34.546694648478486
3.1037681705E9	0.0
3.10376945E9	0.0
3.1037707255E9	53.409881193856855
3.103771995E9	21.235392320534224
3.103773262E9	0.0
3.1037745285E9	0.0
3.1037757935E9	0.0
3.1037770575E9	0.84688995215311
3.1037783215E9	0.0
3.103779585E9	0.0
3.103780841E9	54.896817743490836
3.1037820855E9	1.0
3.103783325E9	41.28104575163399
3.103784562E9	47.99537596048299
3.103785797E9	55.823361957195736
3.103787031E9	0.9980988593155894
3.1037882635E9	48.43140243902439
3.1037894945E9	58.40955432566268
3.1037907225E9	45.05907859078591
3.103791947E9	0.0
3.1037931655E9	46.959063395985986
3.103794379E9	58.33465503568596
3.103795591E9	44.01596053395241
3.103796801E9	0.0
3.1037980065E9	0.0
3.103799207E9	56.70859167404783
3.103800405E9	16.925830543394284
3.1038016E9	41.57135753356539
3.103802792E9	0.0
3.103803981E9	56.389721627408996
3.1038051675E9	25.00576974925856
3.1038063525E9	27.0
3.1038075365E9	48.0722891566265
3.1038087195E9	5.975409836065574
3.1038099E9	32.21800947867298
3.103811076E9	0.0
3.103812247E9	22.383054892601432
3.103813415E9	37.06372600996713
3.1038145815E9	50.34932821497121
3.103815747E9	0.0
3.1038169115E9	0.0
3.103818075E9	0.0
3.1038192355E9	50.86047542527844
3.1038203935E9	0.0
3.103821551E9	0.0
3.103822708E9	46.84986449864498
3.103823865E9	43.703826482288314
3.103825021E9	0.0
3.1038261755E9	0.0
3.103827327E9	0.0
3.1038284755E9	44.67174464998187
3.1038296235E9	30.254768266838663
3.1038307705E9	0.0
3.1038319155E9	8.772
3.1038330575E9	45.21933085501859
3.1038341955E9	55.232994526974196
3.1038353305E9	0.0
3.103836464E9	42.31271229312712
3.103837595E9	45.44604409857328
3.103838723E9	46.79676674364896
3.10383985E9	0.0
3.1038409725E9	50.75277525586002
3.1038420865E9	50.58155230596176
3.1038431935E9	35.958866544789764
3.1038442975E9	53.37945342681356
3.1038454E9	58.725236911816914
3.1038464995E9	0.0
3.1038475965E9	0.0
3.1038486915E9	19.453870625662777
3.103849784E9	4.20518633980445
3.103850874E9	0.0
3.1038519615E9	59.52024761413464
3.103853047E9	0.9692028985507246
3.1038541315E9	52.28658652928831
3.103855215E9	54.3044245556536
3.103856298E9	45.33642857142857
3.103857379E9	49.73117554506631
3.1038584565E9	0.9967105263157895
3.103859529E9	0.0
3.1038605975E9	6.8125
3.103861665E9	43.003925417075564
3.103862732E9	0.0
3.103863799E9	58.597122302158276
3.103864864E9	59.582366589327144
3.1038659265E9	42.51076070743661
3.103866987E9	51.45541958041958
3.1038680455E9	55.107565011820334
3.1038691035E9	54.16227578475336
3.10387016E9	0.0
3.1038712145E9	0.0
3.1038722685E9	0.0
3.103873322E9	0.0
3.103874375E9	0.0
3.1038754275E9	44.98384798099762
3.103876479E9	0.0
3.103877529E9	7.299724517906336
3.103878577E9	0.0
3.1038796225E9	0.0
3.103880666E9	59.25311203319502
3.103881709E9	33.36655138339921
3.1038827515E9	13.378277153558052
3.1038837935E9	0.0
3.103884835E9	0.0
3.1038858755E9	47.827050997782706
3.103886915E9	6.945945945945946
3.1038879535E9	3.0
3.103888991E9	0.9418918918918919
3.103890028E9	6.749737118822292
3.103891064E9	27.343620178041544
3.103892095E9	59.92438563327032
3.103893119E9	59.58477508650519
3.10389414E9	55.886290001212814
3.10389516E9	41.25091575091575
3.103896179E9	55.2092948973888
3.1038971965E9	0.0
3.1038982115E9	0.0
3.103899225E9	33.14876033057851
3.103900236E9	0.0
3.1039012445E9	0.0
3.103902252E9	0.0
3.1039032575E9	0.9986737400530504
3.1039042615E9	55.824175824175825
3.103905265E9	42.07463440252081
3.103906267E9	30.160270880361175
3.1039072675E9	0.0
3.1039082675E9	40.261051277929596
3.1039092675E9	0.0
3.103918732E9	58.274466382201446
3.103932571E9	0.0
3.103941472E9	59.31919177167654
3.1039494115E9	0.0
3.1039572085E9	59.2648410347321
3.103963938E9	2.946350043975374
3.1039695055E9	58.83669333614065
3.103974766E9	0.0
3.1039797995E9	59.46263151082595
3.103984567E9	59.53374401383937
3.1039891115E9	0.0
3.1039934845E9	0.0
3.103997683E9	59.44065706824073
3.104001684E9	57.97808874255252
3.104005458E9	47.3192203779327
3.104009178E9	0.0
3.1040128475E9	59.34116627630642
3.104016433E9	57.46043257322336
3.104019926E9	0.0
3.104023359E9	59.803723031388735
3.104026758E9	0.0
3.1040301305E9	8.971698113207546
3.104033452E9	58.23112990216007
3.104036731E9	36.472729917098945
3.1040399985E9	0.0
3.104043259E9	59.137806712128395
3.1040464995E9	0.0
3.104049674E9	59.80447735292416
3.1040527925E9	0.0
3.1040558995E9	0.0
3.104058987E9	0.0
3.104062054E9	43.197116374871264
3.104065115E9	59.508035421449655
3.1040681395E9	0.0
3.1040711275E9	53.851739803927686
3.1040740845E9	0.0
3.1040770095E9	46.427076923076925
3.104079908E9	57.963652954147975
3.104082775E9	59.422766789626856
3.1040856295E9	59.31820916043654
3.104088461E9	50.80027989288249
3.10409126E9	59.33142785011
3.1040940205E9	0.0
3.1040967325E9	0.0
3.1040994055E9	58.62990842103238
3.104102056E9	0.0
3.1041046865E9	0.0
3.104107298E9	0.0
3.104109892E9	48.32573696545714
3.1041124505E9	58.96971217156832
3.1041149735E9	0.0
3.1041174795E9	0.8944337811900192
3.10411997E9	0.0
3.1041224495E9	30.682720743557244
3.104124925E9	0.0
3.104127395E9	59.23731490823117
3.1041298495E9	55.213859186224134
3.1041322855E9	55.48124789369795
3.104134709E9	53.79332968835429
3.1041371215E9	55.09681193331384
3.104139523E9	33.15473555917667
3.1041418965E9	53.61704325371207
3.104144241E9	9.789807983635097
3.1041465705E9	45.390761548064916
3.104148885E9	50.76976852571074
3.1041511915E9	0.0
3.1041534905E9	58.10873373891211
3.104155772E9	20.874035989717225
3.10415804E9	57.24219161256361
3.1041603025E9	59.91484832357637
3.1041625525E9	0.0
3.1041647915E9	56.36019325701082
3.1041670245E9	56.426416595275974
3.104169246E9	59.396884458390026
3.104171456E9	0.0
3.104173654E9	17.559449837132927
3.104175845E9	57.6303325439445
3.1041780355E9	59.531880548829704
3.1041802225E9	59.33439282041694
3.1041823975E9	33.1219825788416
3.104184563E9	29.57007417975082
3.1041867265E9	58.93256368601155
3.1041888805E9	60.0
3.1041910115E9	0.0
3.1041931255E9	0.0
3.1041952355E9	0.0
3.1041973425E9	45.21132854364308
3.1041994485E9	54.57243830207305
3.1042015545E9	40.757584762608474
3.104203656E9	54.990403071017276
3.104205745E9	59.716546592653835
3.1042078145E9	58.9380210828941
3.104209871E9	59.422050290135395
3.1042119255E9	0.0
3.104213971E9	58.20698870849201
3.1042160055E9	0.0
3.1042180375E9	48.79176600187435
3.1042200635E9	59.41128372853638
3.1042220825E9	10.0
3.1042240985E9	50.52392563242914
3.104226106E9	0.0
3.104228107E9	50.631922762860846
3.104230103E9	0.0
3.1042320935E9	59.693165969316595
3.10423408E9	0.0
3.104236062E9	50.2100204368374
3.104238043E9	51.032967032967036
3.104240023E9	46.76640826873385
3.104241994E9	49.78711740520786
3.1042439415E9	0.9846153846153847
3.104245872E9	58.688901667625075
3.104247777E9	55.11618257261411
3.1042496545E9	58.90331204515075
3.104251516E9	0.0
3.104253365E9	38.342123687281216
3.104255206E9	59.62262881743576
3.1042570385E9	58.55881665107577
3.1042588675E9	52.51624135863021
3.1042606875E9	40.12775606540395
3.1042625015E9	54.50968655467594
3.104264304E9	53.17810642709053
3.104266094E9	3.8847539015606243
3.1042678815E9	0.0
3.1042696635E9	0.0
3.1042714405E9	15.615923885828742
3.1042732095E9	34.87284741690028
3.1042749695E9	0.0
3.104276727E9	0.0
3.1042784825E9	0.0
3.1042802355E9	58.47042665708271
3.104281987E9	45.52978001130362
3.104283737E9	18.45212765957447
3.1042854805E9	0.0
3.104287214E9	29.74181770454247
3.1042889415E9	53.806075587068236
3.1042906625E9	57.73418703919286
3.1042923765E9	58.55809367296631
3.104294088E9	35.690313196672285
3.104295795E9	59.8014769348806
3.1042974975E9	0.0
3.104299198E9	8.798618307426597
3.1043008905E9	39.74329602808866
3.1043025755E9	20.245390625
3.1043042575E9	59.62355625267361
3.1043059365E9	51.55877783531849
3.1043076145E9	0.0
3.104309292E9	54.643841642228736
3.1043109685E9	53.302931283037005
3.1043126425E9	32.016842395168446
3.104314313E9	55.19205569205569
3.1043159815E9	0.0
3.104317647E9	6.48771186440678
3.1043193085E9	0.0
3.1043209685E9	56.01560758082497
3.1043226275E9	57.57931844888367
3.1043242845E9	0.0
3.1043259405E9	50.61407468198605
3.1043275945E9	0.0
3.104329244E9	0.0
3.10433089E9	55.35319454414932
3.104332533E9	47.61759760881748
3.1043341725E9	41.03547604608854
3.104335808E9	0.0
3.1043374375E9	0.0
3.1043390575E9	0.0
3.1043406705E9	0.0
3.104342279E9	51.81472684085511
3.104343883E9	43.556356455196244
3.104345484E9	35.45479384003974
3.104347078E9	0.0
3.1043486665E9	58.51169383416017
3.104350253E9	0.0
3.1043518375E9	59.945205479452056
3.1043534215E9	34.360604294880964
3.1043550035E9	0.0
3.1043565795E9	0.0
3.1043581505E9	42.64388507515859
3.10435972E9	0.0
3.1043612885E9	49.85839359349788
3.104362856E9	59.94106090373281
3.104364422E9	44.654431229997236
3.104365984E9	56.93877551020408
3.104367543E9	14.695927601809954
3.1043691005E9	0.0
3.1043706555E9	34.116920152091254
3.104372207E9	0.0
3.1043737525E9	57.68421052631579
3.104375294E9	38.326771653543304
3.1043768335E9	0.0
3.104378371E9	44.82748060708263
3.104379907E9	0.0
3.1043814395E9	54.38614540466392
3.1043829685E9	0.0
3.1043844935E9	49.98183050847457
3.1043860115E9	6.496108949416342
3.104387523E9	59.55115244642135
3.104389031E9	4.755747126436781
3.1043905345E9	38.30597501630462
3.104392034E9	0.0
3.104393533E9	0.0
3.104395031E9	57.22551262408966
3.1043965275E9	38.38845331432644
3.1043980195E9	59.34002861545235
3.1043995065E9	0.0
3.104400992E9	0.0
3.104402475E9	0.0
3.104403955E9	0.0
3.1044054305E9	60.0
3.1044069025E9	47.65310337369623
3.1044083735E9	50.423733263323705
3.1044098415E9	0.0
3.104411307E9	0.0
3.10441277E9	0.0
3.1044142295E9	50.36058903313312
3.104415687E9	31.68073104693141
3.1044171395E9	41.922187638950646
3.104418587E9	0.0
3.1044200325E9	47.470199443413726
3.104421476E9	51.71545782737118
3.104422919E9	0.0
3.1044243595E9	1.8836967808930425
3.1044257945E9	35.577095584773815
3.1044272255E9	36.81222532960447
3.1044286555E9	39.73184357541899
3.104430085E9	0.0
3.104431514E9	0.0
3.104432943E9	0.0
3.1044343705E9	0.0
3.1044357965E9	0.0
3.1044372195E9	56.31645055079062
3.1044386375E9	55.18718232044199
3.1044400535E9	0.0
3.104441469E9	50.3840968285583
3.104442884E9	2.2677927927927928
3.1044442985E9	0.0
3.104445712E9	3.440163455925277
3.1044471235E9	0.0
3.104448531E9	48.61345241417806
3.1044499345E9	58.87710973044371
3.1044513345E9	0.0
3.104452732E9	18.019038553069965
3.104454128E9	57.37309236947791
3.1044555215E9	0.0
3.1044569115E9	7.35042735042735
3.1044582985E9	58.335233751425314
3.1044596825E9	0.0
3.104461064E9	59.55213098964604
3.104462444E9	0.0
3.1044638215E9	29.060956611090855
3.1044651965E9	36.362452011480784
3.1044665705E9	51.67496319147445
3.104467944E9	0.0
3.104469317E9	55.41888175985335
3.1044706895E9	57.91994869473366
3.1044720605E9	0.0
3.104473429E9	26.75049485419989
3.104474795E9	59.66979429808733
3.1044761595E9	51.28477935676889
3.104477522E9	15.0
3.104478883E9	0.0
3.104480241E9	0.0
3.104481596E9	0.0
3.1044829505E9	0.0
3.104484304E9	54.35478398552364
3.104485655E9	3.0464547677261615
3.104487002E9	3.9588159588159586
3.1044883465E9	45.0442615973897
3.10448969E9	0.0
3.1044910305E9	4.0
3.1044923685E9	57.21662557238464
3.1044937065E9	0.0
3.1044950435E9	0.0
3.104496378E9	26.49150466860554
3.104497711E9	0.0
3.1044990435E9	0.0
3.1045003715E9	36.74145466771265
3.104501695E9	0.0
3.104503018E9	53.83468395461912
3.1045043395E9	0.0
3.1045056595E9	0.0
3.104506978E9	0.0
3.1045082945E9	0.0
3.1045096045E9	52.42491683593865
3.1045109085E9	0.0
3.104512212E9	59.45619335347432
3.1045135145E9	0.0
3.104514816E9	0.0
3.1045161165E9	47.20525451559934
3.1045174155E9	37.332008503558555
3.104518713E9	2.804755944931164
3.104520009E9	0.0
3.1045212985E9	0.0
3.104522582E9	32.14758519378299
3.104523865E9	19.343908045977013
3.104525146E9	59.10531220876049
3.1045264245E9	0.0
3.104527699E9	33.937492327437084
3.10452897E9	0.0
3.1045302395E9	0.0
3.1045315055E9	49.22513639650299
3.104532769E9	43.770098730606485
3.1045340315E9	56.969010604344696
3.104535293E9	28.07308970099668
3.1045365535E9	59.88258317025441
3.104537813E9	0.9068627450980392
3.104539072E9	0.0
3.1045403305E9	59.31673246279988
3.1045415875E9	0.0
3.104542842E9	55.637540453074436
3.1045440925E9	0.0
3.1045453405E9	0.0
3.1045465875E9	0.0
3.1045478335E9	0.0
3.1045490785E9	0.0
3.1045503195E9	59.66264667535854
3.1045515575E9	0.0
3.1045527945E9	0.0
3.1045540295E9	0.0
3.1045552635E9	0.0
3.104556496E9	33.8200408997955
3.104557727E9	0.0
3.1045589575E9	54.40183746697686
3.1045601875E9	0.0
3.1045614165E9	58.507462686567166
3.104562644E9	60.0
3.1045638685E9	0.0
3.1045650905E9	0.0
3.104566312E9	57.333333333333336
3.104567533E9	44.33999216607912
3.1045687535E9	52.79093369418133
3.1045699725E9	11.778466905707917
3.1045711905E9	0.0
3.1045724075E9	55.969352446861095
3.1045736235E9	0.0
3.1045748375E9	59.350962636024654
3.1045760485E9	5.138424821002387
3.104577258E9	0.0
3.1045784665E9	58.32847593582888
3.1045796745E9	0.0
3.1045808815E9	59.071566731141196
3.104582087E9	0.0
3.104583292E9	0.0
3.1045844955E9	0.0
3.1045856965E9	0.0
3.104586896E9	0.0
3.1045880945E9	59.52922714790114
3.1045892925E9	59.45776702483455
3.1045904905E9	0.9495368891727882
3.104591687E9	59.96345919610231
3.1045928815E9	0.0
3.104594074E9	0.0
3.104595264E9	31.4469320066335
3.1045964525E9	58.991919191919195
3.1045976365E9	10.79245283018868
3.1045988165E9	52.1636803874092
3.104599996E9	0.0
3.1046011715E9	41.57798165137615
3.1046023415E9	0.0
3.1046035085E9	10.67067067067067
3.10460467E9	59.48731227343345
3.1046058265E9	0.0
3.1046069825E9	59.40401704199635
3.104608138E9	54.73236848150701
3.1046092925E9	0.0
3.1046104465E9	59.45829514207149
3.104611598E9	43.08039376538146
3.104612744E9	0.0
3.104613887E9	0.0
3.1046150285E9	0.0
3.104616167E9	47.968616082682125
3.104617303E9	0.0
3.104618438E9	42.864409578860446
3.104619573E9	0.0
3.104620704E9	39.145237667086256
3.104621831E9	57.55809910170965
3.1046229575E9	53.52415956091345
3.104624082E9	23.960780017528485
3.104625205E9	58.91385767790262
3.104626328E9	0.9542682926829268
3.1046274505E9	33.44599358974359
3.1046285725E9	58.472858494057654
3.104629694E9	49.47903366221706
3.104630815E9	57.92880258899677
3.104631935E9	27.38888888888889
3.104633054E9	59.10733262486716
3.104634173E9	0.0
3.1046352915E9	37.329718004338396
3.104636408E9	0.0
3.1046375185E9	57.06618962432916
3.1046386245E9	0.0
3.1046397295E9	0.0
3.1046408325E9	12.0
3.104641934E9	59.46530612244898
3.1046430335E9	20.709863588667368
3.1046441315E9	0.0
3.1046452285E9	0.0
3.1046463245E9	0.0
3.10464742E9	41.593110871905274
3.104648514E9	0.0
3.1046496055E9	0.0
3.104650695E9	0.0
3.104651783E9	28.3884007029877
3.10465287E9	0.9599627560521415
3.104653956E9	59.3989793989794
3.104655041E9	52.630473523421585
3.104656126E9	14.6725
3.10465721E9	0.0
3.1046582915E9	51.48397882418501
3.1046593715E9	0.0
3.104660451E9	2.318121693121693
3.10466153E9	0.0
3.104662609E9	20.0
3.104663686E9	17.600480027430137
3.1046647605E9	54.129657228017884
3.104665834E9	0.0
3.1046669055E9	55.097030752916226
3.1046679745E9	47.80045287291254
3.104669042E9	0.0
3.1046701085E9	0.0
3.1046711745E9	20.72820864790666
3.1046722405E9	35.264997517860614
3.104673305E9	0.0
3.104674368E9	24.84080065169324
3.104675431E9	22.085219350321186
3.1046764935E9	8.7428350116189
3.1046775535E9	0.0
3.1046786105E9	51.17994858611825
3.1046796645E9	41.26602564102564
3.104680716E9	0.0
3.104681767E9	0.0
3.1046828175E9	0.0
3.1046838665E9	50.33197845747383
3.1046849135E9	0.0
3.1046859595E9	1.0102660972404731
3.104687005E9	0.0
3.104688049E9	0.0
3.1046890895E9	29.987800228745712
3.1046901265E9	45.18982536066819
3.104691162E9	19.700659563673263
3.104692197E9	57.57323914398504
3.104693232E9	41.55355515041021
3.104694266E9	59.17630391436667
3.1046952985E9	33.934010152284266
3.10469633E9	0.9476470588235294
3.1046973585E9	43.46965271015904
3.1046983845E9	51.69612015018773
3.1046994105E9	0.0
3.104700435E9	52.25935506121745
3.1047014575E9	53.624076410163994
3.1047024785E9	0.0
3.1047034985E9	0.0
3.1047045185E9	58.94692854157961
3.104705538E9	59.592891760904685
3.1047065565E9	40.63248748489556
3.1047075745E9	32.705357142857146
3.104708592E9	0.0
3.104709608E9	59.67844382691544
3.104710623E9	0.0
3.104711638E9	0.9798449612403101
3.1047126525E9	0.0
3.1047136665E9	31.055555555555557
3.10471468E9	1.9413092550790068
3.104715693E9	13.821581344004416
3.104716706E9	0.0
3.1047177185E9	0.0
3.10471873E9	0.0
3.104719741E9	0.0
3.104720751E9	33.62499934259313
3.1047217595E9	6.969387755102041
3.1047227675E9	0.0
3.104723775E9	0.0
3.104724782E9	54.06995318094189
3.104725789E9	2.736555479918312
3.1047267955E9	0.0
3.104727801E9	41.970483005366724
3.104728805E9	0.0
3.104729807E9	51.60597971169247
3.1047308075E9	0.0
3.104740963E9	0.0
3.104756475E9	52.39700411933591
3.104767963E9	10.01018711018711
3.104778484E9	59.90019182352236
3.1047881575E9	56.397177143422894
3.1047976135E9	52.29866895079605
3.1048068795E9	42.39568345323741
3.1048160235E9	59.503374987630934
3.104824959E9	50.08555490860696
3.1048336895E9	50.01598420614677
3.1048423175E9	33.20233617105524
3.1048506295E9	57.820275028379655
3.104858538E9	58.02422870115205
3.10486621E9	35.53350373370406
3.104873738E9	0.0
3.104881204E9	50.676265624916496
3.1048886055E9	57.09640516576715
3.104895888E9	53.081595948051046
3.1049030315E9	56.13115855261236
3.1049100215E9	50.64084859958795
3.104916928E9	9.303000247954376
3.1049238165E9	55.662300052316986
3.104930685E9	52.38325732825547
3.1049375335E9	53.58773806936838
3.1049443175E9	0.9952193475815523
3.1049510255E9	59.470286522815705
3.104957646E9	59.54393518103268
3.1049641205E9	0.9970206463977699
3.104970491E9	29.263204344874406
3.104976811E9	57.966400594919044
3.1049830915E9	53.29508670818744
3.104989311E9	52.11269737535575
3.104995483E9	42.96761806510775
3.1050016285E9	56.88165457900862
3.105007741E9	46.93188578227246
3.105013843E9	53.80339754569558
3.105019839E9	58.05207910456417
3.1050257E9	43.181978852735355
3.105031511E9	45.74223977046225
3.1050372955E9	4.57446500169074
3.105043063E9	0.0
3.1050488005E9	57.975418432984924
3.1050545125E9	58.8707122408664
3.1050601615E9	51.14421661268303
3.1050657395E9	58.75432608350532
3.1050713015E9	50.535395572828016
3.1050767895E9	24.965594788667705
3.105082186E9	47.410640401614266
3.1050875235E9	58.88153631611074
3.105092801E9	53.15857093129964
3.105098007E9	53.71223021582734
3.1051031505E9	55.535019690595554
3.1051082045E9	58.85200642054575
3.105113172E9	54.5728759217698
3.105118124E9	53.738746989889606
3.105123046E9	56.71490033765385
3.105127928E9	12.293030794165317
3.105132784E9	58.79717326426037
3.1051375455E9	54.246727040063
3.105142205E9	58.89881603500418
3.1051468215E9	45.21316861254412
3.105151389E9	56.6627024354061
3.1051559265E9	53.6133176583223
3.105160444E9	58.28104741241701
3.105164943E9	58.124061381847504
3.1051694125E9	6.970491803278689
3.1051738415E9	55.30410852210034
3.105178253E9	49.795815052311845
3.1051826085E9	38.102983198079784
3.1051869095E9	45.94890816631768
3.105191198E9	56.40817483122384
3.105195423E9	0.0
3.105199594E9	51.65406935010991
3.1052037465E9	0.0
3.105207865E9	27.52386342199585
3.10521196E9	0.0
3.105216012E9	58.3976958944138
3.1052200195E9	0.9845201238390093
3.105224006E9	50.41564205979184
3.1052278585E9	56.66802398379363
3.105231579E9	52.59781822565092
3.1052352765E9	56.748478723069994
3.1052389575E9	37.74807572817996
3.105242632E9	14.404902789518173
3.1052463045E9	40.86263954213181
3.105249957E9	55.14308117392278
3.10525359E9	56.973749972837304
3.105257213E9	29.596049866468192
3.105260822E9	26.690680440152708
3.1052644205E9	51.36797541672193
3.1052680095E9	49.650649829855276
3.1052715945E9	9.52861553075279
3.105275175E9	56.00064541112689
3.105278732E9	11.53903743315508
3.1052822555E9	41.07305979949393
3.105285765E9	51.05971243663723
3.1052892635E9	55.87657286107068
3.105292744E9	3.730316973415133
3.105296203E9	0.0
3.105299639E9	56.340586741366366
3.10530305E9	50.20954320691833
3.105306431E9	59.44179711801994
3.105309783E9	55.94247120197527
3.1053131135E9	59.517922380473344
3.105316433E9	51.58810726207799
3.105319747E9	55.47928459481884
3.105323045E9	0.9642105263157895
3.1053263115E9	0.9846938775510204
3.10532956E9	0.0
3.105332802E9	54.590728175580914
3.105336038E9	0.0
3.1053392555E9	58.28848937776073
3.105342453E9	58.950558009677685
3.105345638E9	36.22327258551798
3.1053488045E9	59.34373822142566
3.105351955E9	46.014246673349774
3.105355096E9	57.487723359853916
3.1053582345E9	57.22133711835931
3.1053613715E9	0.0
3.1053645055E9	0.987603305785124
3.1053676375E9	46.953514317590184
3.105370751E9	40.047951041908746
3.1053738455E9	55.48436226191358
3.105376939E9	56.14828730165075
3.105380015E9	0.0
3.105383037E9	54.64562196960437
3.105386017E9	0.9739663093415007
3.105388988E9	44.94786454934378
3.105391952E9	13.996523754345308
3.10539491E9	58.91918077440265
3.105397855E9	57.437341689515605
3.105400789E9	28.35246417839728
3.10540371E9	0.0
3.1054066165E9	49.935166045027636
3.1054095145E9	54.35035729026932
3.1054124035E9	29.79114888429892
3.105415289E9	20.903154552357286
3.1054181705E9	29.45478983382209
3.105421047E9	57.48656365468592
3.105423915E9	57.80096268050259
3.1054267735E9	46.18738252377789
3.1054296205E9	48.92228396553113
3.10543244E9	51.3670887864997
3.105435239E9	49.39921873086625
3.1054380315E9	44.43713066316481
3.105440812E9	55.87591374641119
3.105443576E9	59.51725467514941
3.1054463305E9	15.385774889430454
3.105449079E9	59.84027648047824
3.105451813E9	45.80385041325933
3.1054545365E9	55.823860705376894
3.1054572385E9	2.898026315789474
3.105459914E9	30.558333333333334
3.10546258E9	31.257516337022818
3.1054652375E9	23.767758787969253
3.105467887E9	59.437040278973896
3.105470528E9	52.09068062827225
3.105473162E9	0.0
3.105475793E9	40.923525609003555
3.1054784135E9	38.082649144492876
3.105481019E9	52.176173779184126
3.1054836015E9	58.476764288925004
3.1054861625E9	44.778331257783314
3.105488716E9	54.12392119516696
3.105491267E9	28.222267134945273
3.1054938115E9	0.0
3.1054963495E9	58.487229862475445
3.105498881E9	0.0
3.1055013925E9	0.0
3.1055038895E9	0.0
3.105506379E9	54.91181225263393
3.105508858E9	50.21907216494845
3.10551133E9	59.65079453272586
3.105513792E9	59.43542888313105
3.1055162415E9	0.0
3.105518682E9	58.008707632956735
3.105521118E9	52.93706147439676
3.105523549E9	56.1507182320442
3.105525972E9	55.318249056603776
3.105528388E9	36.01778091243179
3.1055308005E9	37.62201677468548
3.1055332065E9	53.21183901239885
3.105535606E9	52.41059701899234
3.1055380035E9	42.31046424970409
3.105540398E9	25.448599935629225
3.1055427875E9	59.50110823258492
3.1055451725E9	22.893240498984625
3.1055475555E9	59.3672327573402
3.1055499375E9	13.104430379746836
3.105552312E9	5.843333333333334
3.1055546785E9	38.105095541401276
3.1055570425E9	57.70462928808558
3.105559404E9	52.36843415139993
3.105561761E9	50.04309504916682
3.105564112E9	21.574240995598643
3.1055664605E9	18.751190476190477
3.1055688045E9	41.49419926172422
3.105571144E9	0.0
3.1055734815E9	54.15679442508711
3.105575816E9	41.28462965848407
3.1055781475E9	0.0
3.105580476E9	30.396747307737822
3.1055827985E9	53.68758778596579
3.105585104E9	51.75696276751686
3.1055873965E9	59.10395615687618
3.105589686E9	44.201335021574245
3.1055919665E9	34.84399217681573
3.1055942405E9	21.402304368698992
3.105596511E9	56.099666422585635
3.1055987745E9	45.11566390041494
3.105601033E9	0.0
3.1056032815E9	56.56688628788466
3.105605521E9	50.81764
3.1056077565E9	33.44965130868665
3.1056099875E9	45.64192471159684
3.1056122175E9	0.0
3.1056144435E9	30.35112823335168
3.1056166625E9	0.0
3.1056188775E9	15.00589430894309
3.1056210895E9	4.47778297474275
3.105623296E9	6.110152487961477
3.105625496E9	32.09378597020249
3.1056276925E9	52.85070331065224
3.1056298885E9	59.332928763699286
3.105632076E9	39.41976914322874
3.1056342545E9	44.59027420356731
3.1056364325E9	35.953583560728404
3.1056386075E9	0.9716247139588101
3.1056407785E9	53.489635214189015
3.105642947E9	57.6881154348084
3.105645114E9	0.0
3.105647276E9	49.0612370589788
3.105649431E9	52.0
3.105651583E9	0.0
3.105653732E9	58.223374347365734
3.105655878E9	48.050089056006335
3.1056580215E9	52.26478405315615
3.1056601635E9	51.36850023802894
3.1056623025E9	21.171741107760067
3.1056644355E9	46.13786819505038
3.1056665645E9	47.23789045571224
3.1056686915E9	57.89660079916799
3.1056708175E9	0.0
3.10567294E9	52.21631570948513
3.105675053E9	40.155986148051625
3.105677152E9	57.17596594716029
3.105679241E9	36.644857762608204
3.1056813275E9	40.731417303309755
3.105683412E9	59.46940096640695
3.105685491E9	25.721076769690928
3.105687566E9	48.91733732085552
3.1056896395E9	42.87248489021498
3.1056917095E9	31.750650011368165
3.105693777E9	0.0
3.105695838E9	0.0
3.105697891E9	36.176178921827194
3.1056999415E9	48.020646063267336
3.105701983E9	50.486751979377644
3.1057040115E9	55.05993047375528
3.1057060315E9	24.86683880486905
3.105708045E9	30.44154584164286
3.105710055E9	31.745112450389534
3.105712061E9	48.545961468759586
3.105714063E9	38.72212311470472
