#Position (bp)	mapping quality
3882144.5	55.07022161590973
1.16464325E7	57.3353737711688
1.94107205E7	57.84485352327622
2.71750085E7	58.5662949552245
3.49392965E7	58.575048720596854
4.27035845E7	58.58837414846594
5.04678725E7	58.60223718007437
5.82321605E7	58.55155920117134
6.59964485E7	58.526079189876846
7.37607365E7	58.561411303439954
8.15250245E7	58.52235031253611
8.92893125E7	58.605562738996674
9.70536005E7	58.62123140627376
1.048178885E8	57.046513622479395
1.125821765E8	58.41651665212017
1.203464645E8	19.180735978911734
1.281107525E8	10.218924754429166
1.358750405E8	0.0
1.436393285E8	32.73859786152826
1.514036165E8	53.647260241355916
1.591679045E8	57.9232105215844
1.669321925E8	58.5697209972474
1.746964805E8	58.57148350386627
1.824607685E8	58.537061287131515
1.902250565E8	58.606836115049106
1.979893445E8	58.56709554630643
2.057536325E8	58.059268281806055
2.135179205E8	58.5779547095945
2.212822085E8	58.46622887971997
2.290464965E8	56.650165009224594
2.368107845E8	58.59186971709024
2.445750725E8	58.28711477703087
2.487068195E8	53.421699143698675
2.525889635E8	58.38701117481484
2.601036485E8	58.54581844869641
2.678679365E8	58.54690192255591
2.756322245E8	58.542520110966315
2.833965125E8	58.22715279939718
2.911608005E8	58.58951990450049
2.989250885E8	58.60804351332409
3.066893765E8	58.59058900424873
3.144536645E8	58.60143302912438
3.222179525E8	58.52505124740391
3.299822405E8	58.566500496099984
3.377465285E8	42.12315672358162
3.455108165E8	53.548097722482524
3.532751045E8	58.17629489973658
3.610393925E8	53.26910981094361
3.688036805E8	58.53791069843028
3.765679685E8	57.02296665662697
3.843322565E8	58.24263846559011
3.920965445E8	58.60552861030911
3.998608325E8	58.55569816984421
4.076251205E8	58.58205560550588
4.153894085E8	58.490048416700745
4.231536965E8	58.53937990556055
4.309179845E8	58.594304237505064
4.386822725E8	58.5800888623131
4.464465605E8	58.617554031812716
4.542108485E8	58.64343373734733
4.619751365E8	58.559546396608724
4.697394245E8	58.53988028953967
4.775037125E8	58.53623173613633
4.852680005E8	58.479842009958105
4.90150048E8	57.755398323563746
4.94032192E8	58.5042245923077
5.007965765E8	58.52099326935017
5.085608645E8	58.627477295925985
5.163251525E8	58.5640348011225
5.240894405E8	58.59070310126857
5.318537285E8	58.56852757226667
5.396180165E8	58.56389859732154
5.473823045E8	58.593089423071426
5.551465925E8	58.6110334769117
5.629108805E8	58.57103887179707
5.706751685E8	58.41260741270461
5.784394565E8	53.65352300669689
5.862037445E8	41.03603578896627
5.939680325E8	58.56464649917549
6.017323205E8	58.571720216849286
6.094966085E8	58.618518925003755
6.172608965E8	58.432259618486896
6.250251845E8	58.53629924641063
6.327894725E8	58.57825013715994
6.405537605E8	58.55157873303407
6.483180485E8	58.67128007070585
6.560823365E8	58.559041905655036
6.638466245E8	58.58791730661532
6.716109125E8	58.63933079413841
6.793752005E8	58.33220841988467
6.863514275E8	57.66016836105545
6.902335715E8	56.94615429695951
6.949037765E8	57.70682419780304
7.026680645E8	58.300958996769864
7.104323525E8	58.45638006273948
7.181966405E8	58.565627183103096
7.259609285E8	58.620468352630986
7.337252165E8	58.5795556636681
7.414895045E8	29.181805043906888
7.492537925E8	58.48237861538154
7.570180805E8	58.603512423712274
7.647823685E8	58.574753840189935
7.725466565E8	58.56759954388259
7.803109445E8	58.51987114861149
7.880752325E8	58.61229690990501
7.958395205E8	58.58126279739612
8.036038085E8	58.58131857123544
8.113680965E8	58.531101614433034
8.191323845E8	58.38619179882879
8.268966725E8	58.53198895313511
8.346609605E8	58.58430534935961
8.424252485E8	58.61059512466826
8.501895365E8	58.60706104530463
8.579538245E8	58.53536562176904
8.657181125E8	58.579958501724285
8.734824005E8	58.43706946748836
8.78512305E8	53.60126871853073
8.82394449E8	58.223682178656155
8.890109765E8	58.511679194624925
8.967752645E8	58.042959313300614
9.045395525E8	58.53224777029346
9.123038405E8	58.5099336455486
9.200681285E8	58.59441233629426
9.278324165E8	40.67593037899807
9.355967045E8	58.55333278480028
9.433609925E8	58.60287926168916
9.511252805E8	51.89799675573581
9.588895685E8	58.55253815644499
9.666538565E8	58.58006776958701
9.744181445E8	58.604703472092936
9.821824325E8	58.442747415122675
9.899467205E8	58.550852572806996
9.977110085E8	58.598073118353774
1.0054752965E9	58.570803180896974
1.0132395845E9	58.5934122483929
1.0210038725E9	58.55520662000234
1.0287681605E9	58.50456985163426
1.0365324485E9	58.510050107223705
1.0442967365E9	58.591681810900276
1.0520610245E9	57.77474044209789
1.0585707465E9	56.32712327269568
1.0624528905E9	58.115792320402385
1.0675896005E9	58.551152268645396
1.0753538885E9	58.58251812567362
1.0831181765E9	58.5635370430198
1.0908824645E9	57.597562943298605
1.0986467525E9	58.56398022576854
1.1064110405E9	58.57196416839966
1.1141753285E9	58.563130526959185
1.1219396165E9	34.41419374998005
1.1297039045E9	58.582363502485386
1.1374681925E9	58.57400717844852
1.1452324805E9	58.565590508762455
1.1529967685E9	58.6465689575255
1.1607610565E9	58.62817166243767
1.1685253445E9	58.631189116399
1.1762896325E9	58.592186010495446
1.1840539205E9	58.602470644831406
1.1918182085E9	58.544024228893434
1.1995824965E9	58.60988244802114
1.2073467845E9	58.62579191460605
1.2151110725E9	58.54985703612514
1.2228753605E9	58.15360661419495
1.229380904E9	57.78623023891698
1.233263048E9	57.77721025333537
1.2384039365E9	57.865176017905064
1.2461682245E9	58.62014449102903
1.2539325125E9	58.545160034987695
1.2616968005E9	58.44831870239823
1.2694610885E9	58.53037817874984
1.2772253765E9	58.55694553061992
1.2849896645E9	57.84102397228394
1.2927539525E9	28.260669766898403
1.3005182405E9	57.79419680672387
1.3082825285E9	53.98506374576399
1.3160468165E9	58.644568711874804
1.3238111045E9	58.62224377530893
1.3315753925E9	56.06394374096755
1.3393396805E9	58.57086545639483
1.3471039685E9	58.57752412691026
1.3548682565E9	58.564322035676824
1.3626325445E9	58.56484181868281
1.3703968325E9	58.59064357692253
1.3781611205E9	56.069597431601906
1.3859254085E9	58.24606529816912
1.3905789145E9	57.97456524481389
1.3944610585E9	56.79973285821454
1.4014539845E9	53.01005341751124
1.4092182725E9	58.56490281462235
1.4169825605E9	58.5562011333539
1.4247468485E9	58.54381584885253
1.4325111365E9	46.44635145826671
1.4402754245E9	52.814543477209696
1.4480397125E9	58.57365669555237
1.4558040005E9	58.616377652877645
1.4635682885E9	58.49379566294335
1.4713325765E9	58.59285458969404
1.4790968645E9	53.707209542451814
1.4868611525E9	58.60457234669242
1.4946254405E9	58.634860150903954
1.5023897285E9	58.59650651839399
1.5101540165E9	58.625836082356244
1.5179183045E9	58.51663362214495
1.5256825925E9	58.52880474708319
1.5330268245E9	58.33895300970733
1.5369089685E9	56.88854024732832
1.5412111685E9	58.508264104190694
1.5489754565E9	58.6050594670009
1.5567397445E9	58.61625396245453
1.5645040325E9	58.62510686071392
1.5722683205E9	55.851506012609036
1.5800326085E9	24.796695247967754
1.5877968965E9	0.0
1.5955611845E9	18.321137826665744
1.6033254725E9	36.38854430990604
1.6110897605E9	58.573017108778686
1.6188540485E9	58.53385109230312
1.6266183365E9	58.5139775758215
1.6343826245E9	58.46940251685752
1.6421469125E9	58.57411019335534
1.6499112005E9	58.38120947971176
1.6576754885E9	58.56815118151116
1.6654397765E9	58.50301930405312
1.672102775E9	57.187837444296505
1.675984919E9	57.47982143196434
1.6809683525E9	58.494319577191604
1.6887326405E9	58.59933959243764
1.6964969285E9	58.5261264742227
1.7042612165E9	58.55354312449582
1.7120255045E9	42.484614870317614
1.7197897925E9	42.08161068731042
1.7275540805E9	58.35814106879481
1.7353183685E9	58.57879857809419
1.7430826565E9	58.55767044492324
1.7508469445E9	58.48637333268047
1.7586112325E9	57.978045504983385
1.7663755205E9	58.591511410978676
1.7741398085E9	58.55064270943406
1.7819040965E9	58.49158676645138
1.7896683845E9	58.56103385950585
1.7974326725E9	58.52445295953297
1.804997934E9	56.72773522106086
1.808880078E9	45.757722350760716
1.8129612485E9	57.72645469423981
1.8207255365E9	58.55492584038029
1.8284898245E9	58.556516905053385
1.8362541125E9	58.49702706637679
1.8440184005E9	58.59000521886185
1.8517826885E9	58.557211451509744
1.8595469765E9	28.406570099460275
1.8673112645E9	58.50924425673477
1.8750755525E9	58.50993189889125
1.8828398405E9	58.562035794075946
1.8906041285E9	58.637905697746945
1.8983684165E9	57.452485197690194
1.9061327045E9	58.51643175862839
1.9138969925E9	58.59894384511228
1.9216612805E9	58.55899299739258
1.9294255685E9	58.58275724190122
1.9371898565E9	58.53507614803644
1.942419837E9	58.54068191256203
1.946301981E9	58.40611110708704
1.9527184325E9	58.265169867024824
1.9604827205E9	58.606240308260595
1.9682470085E9	58.57025130514584
1.9760112965E9	44.647345945514495
1.9837755845E9	54.2421079639422
1.9915398725E9	58.61769639869712
1.9993041605E9	58.588334799570646
2.0070684485E9	58.6271414684649
2.0148327365E9	58.54330493347943
2.0225970245E9	58.623150756904515
2.0303613125E9	58.562801352372425
2.0381256005E9	58.52524210625509
2.0458898885E9	58.6069680090504
2.0536541765E9	58.59554268862307
2.0614184645E9	58.598860985890035
2.0691827525E9	58.475763090847664
2.0750539395E9	58.2205666501304
2.0789360835E9	0.0
2.0847113285E9	0.0
2.0924756165E9	11.031077149204574
2.1002399045E9	58.59523933301275
2.1080041925E9	58.526867926061165
2.1157684805E9	58.57283074023632
2.1235327685E9	58.557293713234785
2.1312970565E9	58.051798633727465
2.1390613445E9	58.45943320557784
2.1468256325E9	58.60418044691121
2.1545899205E9	58.616374686918604
2.1623542085E9	58.693780093364204
2.1701184965E9	58.60485427560975
2.1778827845E9	58.58138496748002
2.1856470725E9	58.389331773844035
2.1904682635E9	58.213007079793236
2.1943504075E9	0.0
2.2011756485E9	0.0
2.2089399365E9	40.724821174195796
2.2167042245E9	58.55536612555504
2.2244685125E9	58.62458502715483
2.2322328005E9	58.606267243774276
2.2399970885E9	58.614653885961275
2.2477613765E9	58.58831358797864
2.2555256645E9	58.57277933773337
2.2632899525E9	58.643720916126476
2.2710542405E9	58.504707092232806
2.2788185285E9	58.506658930746056
2.2865828165E9	58.543959339871485
2.2943471045E9	58.29312738235853
2.2983401385E9	58.43606527781669
2.3022222825E9	0.0
2.3098756805E9	0.0
2.3176399685E9	22.48608502459721
2.3254042565E9	53.509251195809114
2.3331685445E9	55.65830974423728
2.3409328325E9	58.308430167879266
2.3486971205E9	58.58268940635829
2.3564614085E9	58.56781659153232
2.3642256965E9	58.568591154487386
2.3719899845E9	58.209493609717796
2.3797542725E9	56.896282432635445
2.3875185605E9	58.40029239885767
2.3952828485E9	58.50404051730248
2.399803605E9	54.7740396982726
2.403685749E9	58.244139112121324
2.4108114245E9	58.58829293039167
2.4185757125E9	52.12066749626804
2.4263400005E9	55.36584129175177
2.4341042885E9	37.6492053729118
2.4418685765E9	1.4830590328944862
2.4496328645E9	45.12367441971096
2.4573971525E9	58.53515138146088
2.4651614405E9	58.617318759267775
2.4729257285E9	57.87430169581926
2.4806900165E9	58.54639237432973
2.4876763615E9	57.42695141580917
2.4915585055E9	57.05129194348313
2.4962185925E9	58.49852815371597
2.5039828805E9	58.41932681438771
2.5117471685E9	43.89523854029371
2.5195114565E9	48.89102771327439
2.5272757445E9	56.98082922681767
2.5350400325E9	56.926189495270236
2.5428043205E9	58.61892158658993
2.5505686085E9	58.47217776815152
2.5583328965E9	58.346050097285215
2.5660971845E9	58.480443391504615
2.572008666E9	58.19173829135043
2.57589081E9	56.81411886426282
2.5816257605E9	58.51391538392759
2.5893900485E9	30.05263506478603
2.5971543365E9	55.02965548545106
2.6049186245E9	58.60683005002675
2.6126829125E9	58.54297741782106
2.6204472005E9	58.38624382968372
2.6282114885E9	58.55637909993227
2.6359757765E9	58.585856997946
2.6437400645E9	58.586673641743616
2.6510167485E9	58.290489856234906
2.6548988925E9	51.52417335010101
2.6592686405E9	58.36900122821486
2.6670329285E9	58.31638461778858
2.6747972165E9	58.52687973352691
2.6825615045E9	57.62086749567097
2.6903257925E9	57.285040566353814
2.6980900805E9	58.51105700985318
2.7058543685E9	57.18088560908062
2.7113827085E9	58.3995214360453
2.7152648525E9	58.46719094837232
2.7213829445E9	58.58058881003353
2.7291472325E9	58.563257079153864
2.7369115205E9	36.916185261604106
2.7446758085E9	45.310407604856536
2.7524400965E9	58.6107030336238
2.7602043845E9	58.520051199632
2.7679686725E9	58.55552948552113
2.774661944E9	58.23936994559441
2.778544088E9	0.0
2.7834972485E9	27.608849077172163
2.7912615365E9	53.301882411080314
2.7990258245E9	58.610224973425346
2.8067901125E9	58.61651810870511
2.8145544005E9	58.15089805264036
2.8213097995E9	56.829366890421866
2.8251919435E9	0.0
2.8300829765E9	0.0
2.8378472645E9	39.59714823032315
2.8456115525E9	55.03701243683076
2.8533758405E9	58.5470447713358
2.8611401285E9	58.53767002231069
2.8689044165E9	58.49946233355183
2.8738940415E9	57.94470935191037
2.8777761855E9	57.24629489994163
2.8844329925E9	58.43453582411988
2.8921972805E9	58.60812544849989
2.8999615685E9	58.6324777566465
2.9077258565E9	58.62428715012502
2.9154901445E9	58.446380496596696
2.9232544325E9	56.802124683892266
2.9310187205E9	41.105568214090724
2.9387830085E9	44.12137239830869
2.9465472965E9	56.25200629441477
2.9543115845E9	58.57947654078777
2.9620758725E9	58.23213527790205
2.9698401605E9	58.444664704851355
2.9776044485E9	56.51858922846338
2.9853687365E9	58.57699006652722
2.9931330245E9	56.746725107268034
3.0008973125E9	58.57082959115288
3.0086616005E9	58.10376263883274
3.0164258885E9	56.75002229048551
3.0241901765E9	57.76835697548649
3.029557369E9	53.37005473667642
3.033439513E9	57.93558822633625
3.0397187525E9	40.397102544722145
3.0474830405E9	46.737415678033614
3.0552473285E9	22.397948136586148
3.0630116165E9	0.0
3.0707759045E9	0.0
3.0785401925E9	0.0
3.0853460845E9	4.8088249095840085
3.088278117E9	57.91813968574816
3.088373929E9	46.2811503002714
3.0884774725E9	51.94968065107481
3.0885573295E9	55.84419339884738
3.0886546005E9	28.01592249701152
3.0887081185E9	40.42220999227911
3.0887493115E9	42.27496266258746
3.088858438E9	34.07695165083886
3.088966832E9	54.334424362317534
3.089008063E9	51.704283783948284
3.089109657E9	2.712515309376393
3.089267292E9	10.968073340956744
3.08942189E9	9.007225851774914
3.089604443E9	34.855324144856596
3.089755642E9	48.51445100327511
3.0898220175E9	23.18842297274888
3.0898610755E9	29.846314157853946
3.089968525E9	40.975589793069425
3.0900764725E9	38.474506037321625
3.090141311E9	10.07185407770573
3.090191469E9	0.0
3.090297168E9	32.008844060114626
3.090503609E9	35.35274231728267
3.0907062205E9	42.393952759048446
3.09089898E9	39.31646807866304
3.091013772E9	54.71147760521175
3.091052607E9	54.42470898107146
3.0911587895E9	51.88451783585989
3.091267064E9	58.38490921992445
3.0915130575E9	7.944021239578649
3.092673561E9	24.724901401065722
3.093702736E9	47.052057090690106
3.093935951E9	34.03226083081375
3.094132646E9	32.10026932544356
3.0942642985E9	11.08025760053318
3.094360447E9	55.14214953067675
3.0944711045E9	16.17491276226415
3.0946435155E9	17.51533472125603
3.094747446E9	35.11693737252208
3.0948598115E9	8.70003254529172
3.0950026905E9	31.034511004943603
3.095104297E9	38.53308224442007
3.095190977E9	16.826801294680553
3.0952465895E9	53.72036465470393
3.0952663465E9	0.992468134414832
3.095268566E9	0.0
3.0952706195E9	28.33546526210183
3.0952723265E9	10.736956521739131
3.0952838005E9	18.806479988271516
3.0952967465E9	30.273519976669583
3.095299555E9	22.992022524636322
3.0953008775E9	10.315580985915492
3.0953027375E9	8.113350125944585
3.0953043745E9	0.0
3.095311073E9	1.146480401464804
3.0953361175E9	7.435548172757475
3.095355552E9	4.428571428571429
3.0953574645E9	10.328538550057537
3.095360032E9	0.937170474516696
3.095361791E9	5.875984251968504
3.095363378E9	29.88828988068935
3.095365611E9	6.821428571428571
3.0953678415E9	27.254752851711025
3.095369933E9	59.809926082365365
3.095371677E9	0.993006993006993
3.09537289E9	0.0
3.0953743225E9	3.9623597538906985
3.095375945E9	14.504254112308566
3.095572656E9	45.391821162542655
3.095769303E9	49.58566135528347
3.0957708065E9	49.710031903580294
3.0957736535E9	52.677462141829736
3.095822105E9	46.612327794539006
3.095924849E9	19.896360690747414
3.095983129E9	54.30055858829503
3.095986364E9	25.98644496656425
3.0959887305E9	51.40211032748346
3.0959909825E9	28.743641523851107
3.095993051E9	47.7867181314331
3.0959946765E9	50.0719298245614
3.096006671E9	41.10096473248517
3.0960870785E9	38.63341329327074
3.0961589785E9	58.2492850623669
3.096165879E9	52.94434148121124
3.096173123E9	51.398621909228304
3.09617898E9	52.59134265141889
3.096183283E9	56.00706482948841
3.096185859E9	25.782362459546924
3.0961883E9	15.236894723115709
3.0961908755E9	11.206168831168831
3.096192456E9	0.0
3.096238607E9	46.471997302144835
3.0962848625E9	27.868049010367578
3.096286263E9	0.0
3.0962877625E9	41.282442748091604
3.096289947E9	44.47705633430309
3.096292208E9	48.492035784420686
3.0962965075E9	4.927357836338419
3.096315547E9	14.522171770606791
3.0963533005E9	30.454200906838686
3.09637788E9	44.528705479062786
3.096382479E9	54.4046612554888
3.0963879875E9	39.24740882917467
3.0963943185E9	30.952001098373035
3.096398918E9	20.654815556668336
3.0964033365E9	33.5071062999856
3.0964070605E9	42.5492341356674
3.0964084065E9	0.0
3.0964096105E9	0.0
3.096411644E9	25.226374769464382
3.0964135175E9	0.0
3.0964147555E9	0.0
3.0964161835E9	0.0
3.0964174105E9	17.454526667470336
3.096418484E9	16.54438783193615
3.096419946E9	0.0
3.096422275E9	0.975609756097561
3.0964254675E9	0.0
3.0964313925E9	2.0788564850345357
3.0964360765E9	0.0
3.096437123E9	0.0
3.0964382945E9	0.0
3.096440137E9	7.8621269440941575
3.096442099E9	2.982876712328767
3.096443439E9	14.624161073825503
3.0964449505E9	0.0
3.0964464985E9	0.0
3.0964475915E9	0.0
3.0964489705E9	0.0
3.0964506065E9	0.0
3.0964522235E9	0.0
3.0964537525E9	0.0
3.0964552355E9	0.98671875
3.09645655E9	47.39699749791493
3.0964580005E9	0.0
3.0964594605E9	0.0
3.096462063E9	13.787641427328111
3.0964647385E9	0.0
3.0964666345E9	0.0
3.0964687875E9	0.6875
3.096470338E9	0.0
3.0964722525E9	0.9744755244755244
3.096474844E9	0.0
3.0964802425E9	56.55776779084009
3.0964880595E9	52.57547411970768
3.0965833285E9	34.89032556562473
3.0967643755E9	52.82768564422779
3.0969348755E9	23.521914959853078
3.097105623E9	41.88268547145662
3.0972741855E9	12.929771087335158
3.0973604055E9	2.585921628604964
3.097450029E9	0.6983339552648331
3.0976374775E9	40.92646255840572
3.0978270425E9	40.42633273719959
3.0979310955E9	26.818477215234974
3.097952041E9	40.86332224212951
3.0979864125E9	53.13983552334413
3.098119023E9	27.576010373712148
3.098265051E9	29.941786700432004
3.098391091E9	53.65632699576839
3.0985448955E9	44.092247877451214
3.0986946915E9	39.63252743929251
3.098783935E9	0.0
3.0988292795E9	36.69889018506225
3.098880847E9	26.090315760267174
3.098919304E9	43.02280550405164
3.0989774605E9	34.162497006739116
3.099052881E9	42.78520768430827
3.0991573655E9	27.68927489125858
3.099319594E9	29.756005704758856
3.0995012675E9	24.19800233051087
3.099670145E9	46.82461065700623
3.09983663E9	0.0
3.0999236415E9	0.0
3.099926258E9	53.4043249763074
3.0999293305E9	49.533869115958666
3.0999317075E9	59.38461538461539
3.099933225E9	59.24187725631769
3.099934473E9	0.0
3.099935544E9	55.593253012048194
3.099936873E9	54.042718815264855
3.0999392435E9	58.74717019962955
3.0999417715E9	59.079728583545375
3.099944294E9	59.06126836259405
3.099947122E9	1.9850363403163744
3.099949542E9	7.297683653209795
3.099951465E9	0.0
3.0999532635E9	0.0
3.0999548975E9	59.55112219451372
3.099956276E9	0.0
3.0999589355E9	59.47312843883733
3.099961492E9	0.0
3.0999627755E9	0.0
3.099966206E9	55.158833921475264
3.099971928E9	58.98866348448687
3.0999763185E9	59.189435336976324
3.0999787225E9	0.0
3.099980804E9	0.0
3.099982934E9	0.0
3.0999846185E9	58.910828025477706
3.0999859675E9	51.930368487928845
3.099987108E9	0.0
3.0999883185E9	37.52378854625551
3.099989888E9	56.68604651162791
3.0999934275E9	56.974730259221374
3.099997199E9	52.639170576661115
3.0999989405E9	0.0
3.100000503E9	57.598844556779206
3.100002242E9	58.6411557985162
3.100004537E9	56.688002590533756
3.100007437E9	58.598281559814936
3.1000093805E9	0.0
3.1000104305E9	52.43421052631579
3.100011833E9	42.71691792294807
3.1000136915E9	41.79657603222558
3.1000154645E9	56.117420881396036
3.100017134E9	54.93068753493572
3.1000187915E9	58.83116883116883
3.100020568E9	57.40576496674058
3.1000221625E9	48.54456824512535
3.1000236955E9	53.98770491803279
3.1000264625E9	27.20189914262008
3.100029677E9	53.58284531502423
3.100031578E9	17.577464788732396
3.1000326205E9	58.93318965517241
3.100033658E9	59.327354260089685
3.100035464E9	35.30539128133889
3.1000409715E9	36.366626307246065
3.1000479435E9	14.803907926954233
3.100051797E9	47.68831473181592
3.100053416E9	45.039503619441575
3.10005829E9	55.04299240942171
3.1000639665E9	26.840182543686648
3.1000665115E9	11.473640583554376
3.100068816E9	0.0
3.100070957E9	56.6174780058651
3.1000725955E9	47.897952853598014
3.10007379E9	42.97689099831809
3.1000757855E9	58.860759493670884
3.1000785755E9	58.965139078129674
3.1000897445E9	58.468030837130655
3.1001009405E9	58.08523840627041
3.1001076425E9	57.830395269900364
3.1001174535E9	0.0
3.10012562E9	58.64799481245012
3.1001304845E9	58.773147289123095
3.1001326025E9	33.15101772816809
3.100134138E9	27.99540103016924
3.100136976E9	57.49202767011725
3.1001412695E9	58.357359881052425
3.1001454075E9	0.0
3.1001489115E9	0.0
3.1001523505E9	56.712696654110346
3.1001553555E9	54.74227961819203
3.1001569595E9	56.97920338385619
3.1001596515E9	0.0
3.100164687E9	59.066539293860764
3.100169456E9	59.116934398276946
3.100173756E9	58.514524128158705
3.100178605E9	0.0
3.100182461E9	59.14540275168192
3.1001845245E9	25.545875362719357
3.100186698E9	59.373259052924794
3.1001901715E9	58.14166923313828
3.1001926785E9	52.23223834988541
3.1001942255E9	0.0
3.100196577E9	59.16565900846433
3.100199826E9	59.22664779619895
3.1002050385E9	58.764999203078396
3.1002116325E9	57.59656652360515
3.100215983E9	59.256173153134846
3.100218536E9	0.0
3.1002222875E9	0.0
3.100226716E9	0.0
3.100230998E9	59.26462145228526
3.10023432E9	59.355209187858904
3.100237109E9	14.720531682865232
3.100241596E9	58.66505938030181
3.1002465235E9	59.39583889037077
3.100249222E9	0.0
3.1002504975E9	58.518649149105016
3.1002526125E9	58.60170953275327
3.1002555955E9	58.22514204545455
3.1002585615E9	58.870494749787156
3.1002608765E9	58.63717872086073
3.100264232E9	0.0
3.1002683515E9	0.0
3.1002730005E9	55.96780334980118
3.100276567E9	59.066329507877846
3.1002785615E9	0.0
3.1002805655E9	39.586738863914995
3.1002818545E9	0.0
3.100283864E9	0.0
3.100286221E9	0.0
3.1002886105E9	0.0
3.100297238E9	0.0
3.100308266E9	0.0
3.1003148695E9	11.81080118694362
3.1003201675E9	0.0
3.100323191E9	51.29885829415715
3.100327556E9	58.91577449099573
3.1003361335E9	0.0
3.100341505E9	49.44558058925477
3.100343284E9	59.040113563513145
3.1003451525E9	59.04173572397168
3.10034797E9	58.51064252638273
3.1003522945E9	58.689412401841324
3.1003595775E9	57.35370107532055
3.100367519E9	58.78044828517418
3.1003726985E9	58.749371332774516
3.1003758895E9	59.38749154418547
3.1003787135E9	58.97834082550062
3.1003813635E9	0.0
3.100384543E9	59.07933532168726
3.100388122E9	25.181167082826093
3.100390936E9	0.0
3.1003962175E9	59.05483560530323
3.1004020815E9	58.950859210129636
3.1004062135E9	37.84388221357251
3.100409423E9	0.0
3.1004119315E9	58.20077829789634
3.100414125E9	58.30602099060946
3.100417918E9	58.78504672897196
3.100423028E9	58.90879478827362
3.1004269835E9	58.40826164094668
3.1004299135E9	0.0
3.100431937E9	0.0
3.100433132E9	0.0
3.100434876E9	0.0
3.1004377605E9	54.47609805033367
3.1004408225E9	59.375631801153595
3.1004441155E9	59.17380660954712
3.1004490815E9	55.81148367415527
3.100453243E9	0.0
3.1004556705E9	0.0
3.1004587745E9	0.0
3.100461398E9	28.45414847161572
3.100462798E9	0.0
3.1004649905E9	58.775804995486006
3.100471036E9	0.0
3.1004779445E9	58.372525993183054
3.1004820575E9	50.99945858148349
3.100486718E9	58.026749791583605
3.1004910255E9	0.0
3.10049749E9	0.0
3.1005038655E9	0.0
3.1005113075E9	0.0
3.100520375E9	58.86008937779306
3.100524579E9	58.424821002386636
3.100528576E9	57.80853968552867
3.100533401E9	58.92738665683745
3.1005371995E9	58.94245886175453
3.100540127E9	0.0
3.100544135E9	0.0
3.1005486665E9	58.41614704412628
3.1005512115E9	52.395310932798395
3.100552639E9	59.27894615206841
3.1005539095E9	0.0
3.1005560785E9	59.30555555555556
3.100558656E9	54.60299083453931
3.100561947E9	0.0
3.10056789E9	0.0
3.100573138E9	0.0
3.100576513E9	59.03728173666824
3.100580371E9	58.3125510927026
3.100591292E9	13.354087289104799
3.100602639E9	0.0
3.100606305E9	59.3170007423905
3.100608874E9	58.877051540454936
3.1006116575E9	59.08794788273616
3.1006156585E9	58.241843285550964
3.100620518E9	0.0
3.1006254325E9	58.445952723260554
3.1006312815E9	57.594142853088904
3.1006367155E9	47.6939553707859
3.100640534E9	58.49247706422018
3.100643878E9	52.223986249214505
3.100647993E9	0.0
3.1006508345E9	0.0
3.100653317E9	58.83447217961233
3.1006563755E9	57.63819478092338
3.1006598935E9	55.62475354241699
3.1006649805E9	58.166945670369806
3.1006712605E9	59.24029322016064
3.1006757165E9	58.346456692913385
3.100677201E9	19.54946825212631
3.10067847E9	3.8253189401373895
3.100683289E9	0.0
3.1006885805E9	56.38541614783085
3.100691006E9	58.90730796170908
3.1006942785E9	0.0
3.1006969395E9	0.0
3.1006991355E9	31.730726304945055
3.1007016905E9	60.0
3.100704182E9	0.0
3.100706833E9	38.947112230651484
3.100708945E9	59.10299003322259
3.100712266E9	58.6674163621029
3.10071577E9	0.0
3.100717503E9	0.0
3.100719116E9	59.506117908787544
3.1007206285E9	0.0
3.1007221265E9	0.0
3.100724699E9	58.968759278197474
3.1007268945E9	0.0
3.1007289465E9	0.0
3.1007309285E9	0.0
3.1007330965E9	58.349480057917596
3.1007392415E9	0.0
3.1007470865E9	58.66127174517436
3.1007528755E9	0.0
3.1007561985E9	58.931413414172034
3.1007588475E9	59.292338165121095
3.100761762E9	54.29625684723067
3.1007635275E9	0.0
3.100764747E9	0.0
3.1007667445E9	22.11306263673178
3.1007691425E9	54.2086727766463
3.100772442E9	59.2433592701905
3.100775528E9	52.400018178513
3.100781116E9	58.922461727752406
3.10079114E9	58.71579352603381
3.100797975E9	56.97691244614259
3.1008007345E9	58.76715134138849
3.100804877E9	58.98189531096129
3.100809349E9	0.0
3.1008114985E9	51.857142857142854
3.1008137425E9	9.2280711059252
3.1008164375E9	2.644041107243494
3.100825815E9	5.504776635428987
3.100837982E9	4.884373160682754
3.100842972E9	55.95691955775829
3.1008451085E9	59.40949440370513
3.10084822E9	57.59959162838183
3.1008510465E9	54.578494623655914
3.100852321E9	0.0
3.1008571395E9	58.91896551724138
3.1008619615E9	0.0
3.1008648315E9	58.633949700520624
3.100868278E9	59.332556785090276
3.100873156E9	43.0852621483376
3.1008795525E9	51.75415902334113
3.100884274E9	47.29374032916022
3.10088846E9	22.040763272853965
3.1008916615E9	18.992413949275363
3.10089384E9	58.040698913275094
3.1008970555E9	57.3537525617517
3.1008998325E9	39.08221574344023
3.100902708E9	47.748474900480794
3.1009063655E9	44.71891029051825
3.1009089965E9	47.13151606542164
3.1009125255E9	45.126943946239244
3.1009156975E9	56.50943064667292
3.100917935E9	46.120935825953865
3.1009210515E9	46.038450168314846
3.1009240305E9	52.02849147799542
3.100926116E9	37.07809202195019
3.1009275335E9	34.65048736821166
3.100928649E9	40.27751289922278
3.1009304855E9	47.15633986928105
3.100935775E9	0.0
3.1009404825E9	0.0
3.1009433075E9	31.16594021176658
3.100962012E9	11.129216146912514
3.100979643E9	6.386621389233549
3.1009826315E9	54.53228607514998
3.100986095E9	54.99968264043161
3.100988659E9	35.50807217473884
3.1009913515E9	51.89069143716883
3.100994484E9	35.47722540343571
3.100999235E9	40.30158554979215
3.1010045095E9	51.84707826169646
3.101007663E9	53.58057125400947
3.101009454E9	57.69230769230769
3.1010139635E9	0.0
3.10102777E9	0.0
3.101038557E9	55.88286252354049
3.1010399745E9	0.0
3.10104147E9	0.0
3.101043057E9	0.0
3.101044461E9	0.0
3.101046252E9	59.169918410783964
3.101048543E9	59.178366236122514
3.101051444E9	58.6801199890919
3.101053714E9	0.0
3.101055658E9	0.0
3.1010593945E9	58.71659066276763
3.1010636115E9	58.96385605601917
3.101066684E9	0.0
3.101069485E9	0.0
3.10107171E9	55.32178217821782
3.1010747125E9	0.0
3.101082788E9	0.0
3.1010891985E9	0.0
3.101090371E9	0.0
3.101091454E9	0.0
3.1010926105E9	0.0
3.101093789E9	0.0
3.101094954E9	0.0
3.1010960955E9	0.0
3.1010976565E9	59.856459330143544
3.1010992105E9	59.69666329625885
3.1011004015E9	58.82022471910113
3.101103073E9	59.02693474962064
3.101108811E9	0.0
3.1011134185E9	39.22651034033545
3.1011171035E9	58.39802150103468
3.1011208445E9	0.0
3.1011223705E9	58.586046511627906
3.1011236055E9	58.77826447259382
3.101126918E9	58.796215174347296
3.101130602E9	12.778236914600551
3.1011321595E9	0.0
3.101133927E9	0.9768076398362893
3.1011356635E9	55.69023569023569
3.1011368845E9	56.505942820430455
3.1011381815E9	57.981818181818184
3.10113931E9	55.42506142506142
3.1011404165E9	0.0
3.101141667E9	57.88800705467372
3.101143503E9	52.06200389396435
3.1011454715E9	59.193172951885565
3.101147397E9	59.19724983740593
3.1011501335E9	0.0
3.101157518E9	56.713133513652444
3.1011645045E9	58.42552453615398
3.1011668885E9	25.95187519280772
3.1011686545E9	0.0
3.1011709785E9	0.0
3.101173445E9	0.0
3.101205684E9	36.59230007101835
3.1012403025E9	47.335311411149824
3.1012453615E9	52.45012302985968
3.1012505225E9	55.69160443020631
3.1012614495E9	39.18715858971027
3.1012739195E9	41.873320540647526
3.101281912E9	53.84002226777366
3.1012871705E9	53.42988755235127
3.101295694E9	48.26189332656361
3.1013044905E9	54.80856120763732
3.1013083555E9	51.44355451622333
3.1013114625E9	50.76847086932549
3.101316135E9	40.64353659273584
3.1013198035E9	44.871266735324404
3.101320917E9	0.0
3.101322018E9	29.218241042345277
3.1013238925E9	25.61864386930554
3.101326703E9	22.810496653751322
3.1013294495E9	15.770473910288008
3.1013318685E9	6.450956500548313
3.1013343305E9	8.042382170259408
3.101336736E9	24.501521704308825
3.101339303E9	3.0571304442272185
3.101342702E9	42.884239427403415
3.101345195E9	0.0
3.1013472335E9	58.55054036872219
3.101349218E9	0.0
3.1013517465E9	59.22381416052302
3.101354867E9	56.760925449871465
3.1013568785E9	0.0
3.101370363E9	58.510367580318174
3.1013921985E9	58.627352843702866
3.1014090845E9	58.477937724925674
3.101423574E9	57.92989351472002
3.101436092E9	58.28199615684633
3.1014467775E9	0.0
3.10145676E9	57.79945843064418
3.1014665925E9	58.286857197281506
3.101476343E9	58.07779054685242
3.1014858855E9	55.55628046453887
3.1014950245E9	0.0
3.101503724E9	0.0
3.1015121195E9	43.293591248322414
3.101520406E9	0.0
3.101528602E9	58.82139037433155
3.101536693E9	58.841895180031166
3.1015446345E9	58.611168932814884
3.1015524055E9	56.86630231085584
3.1015601115E9	0.0
3.101567702E9	58.56725762941418
3.1015751255E9	0.0
3.1015823905E9	58.595042086763485
3.101589504E9	39.876823087534035
3.101596546E9	0.0
3.101603554E9	0.0
3.1016105495E9	58.73188763632772
3.101617536E9	0.9868238557558946
3.101624424E9	0.0
3.101631085E9	58.164977661545166
3.1016374705E9	58.42541686349794
3.1016435565E9	58.57022486702828
3.1016494765E9	0.0
3.1016553825E9	57.818199350711964
3.101661271E9	0.0
3.1016671275E9	0.0
3.101672916E9	0.0
3.101678576E9	0.0
3.101684071E9	0.0
3.1016894025E9	58.4101698491402
3.1016946505E9	58.78151202272885
3.1016998325E9	59.095301857134544
3.1017049205E9	0.0
3.101709929E9	0.0
3.101714835E9	56.8475055216318
3.1017196755E9	58.569564933794275
3.101724499E9	0.0
3.101729313E9	0.0
3.1017340725E9	58.27066537038794
3.1017387675E9	0.0
3.10174343E9	58.19705333876724
3.1017480095E9	0.0
3.101752486E9	38.423598772411566
3.1017569135E9	58.737903471840866
3.101761326E9	58.88080047218865
3.1017657265E9	0.0
3.101770102E9	0.0
3.101774441E9	0.0
3.1017787455E9	53.67654101995566
3.1017830115E9	59.018315405555406
3.1017872465E9	57.961868153682346
3.1017914715E9	58.43321917808219
3.1017956905E9	0.0
3.1017999035E9	55.06513800880679
3.1018041115E9	54.22810343151551
3.1018082655E9	0.0
3.101812367E9	58.644543714103385
3.101816459E9	0.0
3.101820484E9	51.58193533800588
3.101824445E9	0.0
3.101828395E9	0.0
3.1018323325E9	54.050263846582865
3.101836262E9	30.45877588717985
3.1018401885E9	0.0
3.10184411E9	38.63757087606813
3.1018480235E9	0.0
3.1018519235E9	0.0
3.1018558145E9	48.43928426189508
3.101859689E9	0.0
3.1018635415E9	0.0
3.101867382E9	0.0
3.1018712145E9	0.0
3.1018750435E9	57.49516173624551
3.10187887E9	0.0
3.101882693E9	0.0
3.101886508E9	0.0
3.101890313E9	58.764907694821105
3.101894113E9	39.80125
3.101897881E9	0.0
3.1019016E9	0.0
3.1019052995E9	54.378200639366725
3.1019089945E9	0.0
3.1019126835E9	56.33192385416136
3.101916365E9	56.2974168532576
3.1019200355E9	0.0
3.101923674E9	0.0
3.101927286E9	48.27261665432229
3.1019308945E9	58.855117179806996
3.1019344895E9	55.37194118488838
3.101938072E9	57.77294357579878
3.101941634E9	0.0
3.1019451695E9	0.0
3.101948697E9	56.95025762980578
3.1019522085E9	0.0
3.101955703E9	58.608226783759974
3.1019591915E9	57.72093470526012
3.101962651E9	58.95017976373909
3.101966064E9	58.06147144240077
3.1019694465E9	58.31826401446654
3.101972819E9	0.0
3.101976185E9	59.003643935450285
3.101979541E9	55.91023372753515
3.1019828865E9	52.77969965406227
3.1019862165E9	57.99597846934356
3.1019895175E9	50.59518059638807
3.1019927975E9	58.54960781615522
3.1019960665E9	51.004987580725285
3.1019993255E9	58.68420538279616
3.102002581E9	54.924063594718405
3.102005831E9	0.0
3.1020090695E9	0.0
3.1020122965E9	0.0
3.1020155165E9	0.0
3.1020187305E9	51.35590034965035
3.1020219335E9	51.81698515541704
3.102025125E9	58.718372536554355
3.102028308E9	54.26636465104064
3.1020314845E9	45.52620664846908
3.102034659E9	0.0
3.1020378305E9	43.27820114780318
3.1020409985E9	0.0
3.102044163E9	0.0
3.102047316E9	57.19896907216495
3.102050456E9	50.91504938700551
3.1020535825E9	54.5472972972973
3.1020566935E9	50.97591958241579
3.102059793E9	53.151890285368864
3.102062879E9	58.53771760154739
3.102065945E9	0.0
3.102068997E9	0.0
3.10207203E9	45.70781774580336
3.1020750435E9	57.913123185822684
3.102078054E9	56.29896443043674
3.102081057E9	0.0
3.102084054E9	55.36574192995975
3.102087044E9	57.5715181629601
3.102090025E9	53.34173880316146
3.102092998E9	0.0
3.102095965E9	57.9622641509434
3.1020989315E9	0.0
3.1021018915E9	55.019657540302376
3.1021048445E9	56.333780160857906
3.1021077875E9	59.178922532441995
3.1021107135E9	49.931895591799304
3.10211362E9	52.566044966785896
3.102116511E9	58.19492957746479
3.102119394E9	58.83014796547472
3.1021222725E9	58.879495268138804
3.1021251475E9	46.834453766915075
3.1021280175E9	43.614674665436084
3.1021308845E9	0.0
3.10213375E9	57.03745960238958
3.1021366145E9	58.953371351895335
3.102139476E9	55.62910613794006
3.1021423325E9	45.206081285558646
3.1021451745E9	58.91224557891225
3.1021480035E9	0.0
3.1021508295E9	58.79405919126947
3.102153651E9	58.57648618265407
3.102156467E9	26.68463587106254
3.102159278E9	0.0
3.1021620835E9	0.0
3.10216488E9	0.0
3.102167667E9	58.76212578324437
3.1021704475E9	52.60996859487387
3.102173225E9	0.0
3.1021759985E9	0.0
3.102178768E9	0.0
3.102181536E9	51.532461689119444
3.102184301E9	54.49962124954715
3.102187055E9	54.31952426564496
3.1021897985E9	52.66533384455278
3.1021925375E9	58.41321944123242
3.10219527E9	50.28633471366528
3.1021979975E9	0.0
3.10220072E9	53.248284992177155
3.102203437E9	0.0
3.1022061485E9	59.1695610988317
3.1022088545E9	0.0
3.1022115525E9	0.0
3.102214244E9	57.144941527924516
3.1022169345E9	55.01051714119698
3.102219623E9	58.71815940838127
3.102222305E9	0.0
3.1022249775E9	48.255674500965874
3.1022276455E9	59.21619293712317
3.102230311E9	58.34043740928657
3.10223297E9	0.0
3.1022356195E9	0.0
3.1022382625E9	58.68657116079797
3.1022408995E9	57.8266104520051
3.1022435315E9	0.0
3.1022461615E9	56.58985365853658
3.102248787E9	58.955605237943146
3.1022514095E9	0.0
3.10225403E9	49.35677066984745
3.102256642E9	56.73964046313224
3.102259246E9	55.570968066888284
3.102261848E9	58.33670578713072
3.1022644475E9	0.0
3.102267045E9	57.59940102681118
3.1022696415E9	0.0
3.1022722365E9	52.71597782258065
3.1022748265E9	0.0
3.102277412E9	10.138095238095238
3.102279996E9	59.0071719870623
3.1022825765E9	58.31915843162257
3.10228515E9	53.27554129911788
3.102287719E9	58.60611759499972
3.102290279E9	0.0
3.1022928285E9	0.0
3.1022953765E9	0.0
3.1022979235E9	57.46220930232558
3.102300469E9	50.68168111571806
3.1023030085E9	0.0
3.102305542E9	56.77894846109929
3.1023080695E9	58.254668930390494
3.1023105915E9	29.100565049298837
3.10231311E9	58.729429025553245
3.102315624E9	0.0
3.102318134E9	58.10171496156121
3.1023206395E9	17.908045977011493
3.10232314E9	0.0
3.102325624E9	59.05511811023622
3.102328092E9	58.39113335716839
3.1023305565E9	0.0
3.102333018E9	58.66508875739645
3.102335476E9	58.13041385948027
3.1023379295E9	0.0
3.102340372E9	0.0
3.1023428065E9	49.026095060577816
3.1023452395E9	53.898688457978736
3.102347669E9	58.858954041204434
3.102350093E9	52.542787989168204
3.1023525135E9	59.091938454870515
3.1023549305E9	59.256039882398056
3.1023573395E9	58.75818627205919
3.102359743E9	0.0
3.1023621455E9	58.75549153763053
3.102364545E9	43.81578947368421
3.102366941E9	0.0
3.1023693355E9	57.37060041407867
3.1023717265E9	0.0
3.1023741115E9	57.77906315190594
3.102376493E9	51.152430650920074
3.1023788735E9	0.0
3.1023812475E9	0.0
3.1023836135E9	58.21606254442075
3.102385977E9	54.34058689985706
3.1023883325E9	0.0
3.102390676E9	58.67512332628612
3.102393013E9	0.0
3.1023953465E9	60.0
3.102397678E9	55.56695127030404
3.1024000085E9	0.0
3.102402335E9	0.0
3.102404656E9	57.693261724157026
3.1024069725E9	59.11976911976912
3.1024092835E9	56.78942192110152
3.1024115905E9	33.882888004548036
3.1024138915E9	59.13014160485503
3.102416183E9	57.393278837420524
3.102418466E9	58.980921358771525
3.1024207435E9	37.550076048567966
3.102423018E9	56.36697803148244
3.1024252855E9	56.520817562452685
3.1024275435E9	0.0
3.1024297965E9	52.86670724284845
3.102432045E9	0.0
3.102434287E9	58.05946791862285
3.102436518E9	43.70991951272569
3.1024387395E9	58.15515740274023
3.1024409585E9	57.13831478537361
3.102443175E9	0.0
3.102445389E9	58.46820362060962
3.102447597E9	50.55201614888484
3.1024497985E9	0.0
3.102451997E9	0.0
3.1024541925E9	31.480805777270998
3.102456381E9	0.0
3.102458562E9	58.98785942492013
3.10246074E9	57.86503067484663
3.102462917E9	58.73509015256588
3.102465094E9	0.0
3.1024672665E9	0.0
3.1024694305E9	46.798514214962616
3.102471588E9	0.0
3.1024737375E9	57.42537313432836
3.102475881E9	59.2639751552795
3.1024780205E9	58.73288236264643
3.1024801555E9	0.0
3.102482287E9	0.0
3.1024844155E9	54.628230700674784
3.102486542E9	56.323283564881535
3.102488667E9	0.0
3.1024907905E9	58.95652173913044
3.102492907E9	57.67277721001533
3.1024950155E9	58.68702290076336
3.1024971155E9	58.738448495125056
3.102499209E9	57.99587411666594
3.1025012995E9	0.0
3.1025033865E9	0.0
3.1025054725E9	57.240108476462
3.1025075575E9	58.03785488958991
3.1025096395E9	0.0
3.102511719E9	56.91266719118804
3.1025137965E9	59.132161955691366
3.10251587E9	56.84680286752128
3.1025179385E9	59.38380281690141
3.102520002E9	55.34019204389575
3.10252206E9	58.69782971619366
3.102524114E9	58.047281087564976
3.1025261605E9	58.61130994989263
3.1025281985E9	56.439731685169455
3.102530234E9	57.18187836160529
3.1025322685E9	58.624253559944876
3.1025343015E9	54.56140350877193
3.102536332E9	0.0
3.102538359E9	0.0
3.102540382E9	53.20307132754092
3.1025424015E9	0.0
3.102544418E9	0.0
3.10254643E9	0.0
3.102548438E9	0.0
3.102550444E9	58.887999507419494
3.102552448E9	0.0
3.10255445E9	0.0
3.102556451E9	58.35322926232017
3.1025584515E9	0.0
3.1025604495E9	0.0
3.1025624435E9	57.42813299232736
3.102564432E9	56.33392539964476
3.102566415E9	0.0
3.102568394E9	57.734994337485844
3.102570368E9	59.36285585178491
3.1025723375E9	57.54385964912281
3.1025743025E9	56.756570641570065
3.102576264E9	58.189031505250874
3.1025782245E9	48.39097037153159
3.1025801845E9	53.266059993259184
3.1025821415E9	58.20104287369641
3.1025840945E9	58.49677881173944
3.102586044E9	58.79696202531645
3.1025879895E9	59.166958347917394
3.102589933E9	57.9538959801867
3.102591875E9	0.0
3.102593814E9	0.0
3.1025957495E9	56.18142703477949
3.102597681E9	59.09797822706065
3.1025996075E9	0.0
3.1026015315E9	53.95210782907944
3.102603455E9	47.49914975958719
3.102605377E9	0.0
3.1026072965E9	0.0
3.102609213E9	0.0
3.102611128E9	0.0
3.1026130425E9	59.43724877177311
3.1026149555E9	0.0
3.1026168665E9	56.92452121667292
3.102618775E9	58.81037112353838
3.1026206805E9	0.0
3.102622581E9	0.0
3.102624475E9	0.0
3.1026263655E9	0.0
3.1026282545E9	0.0
3.1026301425E9	0.0
3.102632029E9	58.0026455026455
3.102633912E9	0.0
3.102635792E9	58.67110936887495
3.10263767E9	58.797327394209354
3.1026395465E9	58.29393879952923
3.1026414225E9	59.225661507738394
3.1026432975E9	0.0
3.1026451705E9	51.965122072745395
3.102647041E9	0.0
3.1026489085E9	58.19848866498741
3.102650774E9	0.0
3.102652639E9	58.388625592417064
3.102654504E9	0.0
3.1026563675E9	0.0
3.1026582295E9	57.48613066158814
3.10266009E9	0.0
3.1026619475E9	58.62565445026178
3.1026638035E9	0.0
3.1026656585E9	58.73702055520237
3.1026675105E9	56.019283746556475
3.10266936E9	35.90652215986066
3.102671209E9	59.51325040562466
3.102673057E9	0.0
3.1026749E9	58.97714499812664
3.1026767365E9	57.45750708215297
3.102678564E9	58.99159663865546
3.102680382E9	52.81751824817518
3.102682195E9	52.39632313947322
3.1026840045E9	58.60637968411273
3.1026858125E9	58.92826570792673
3.10268762E9	0.0
3.102689427E9	56.38303915601542
3.1026912315E9	59.11538461538461
3.102693033E9	58.66740699611327
3.1026948335E9	55.80419580419581
3.102696631E9	47.4410231153139
3.1026984255E9	58.783159335957556
3.1027002185E9	0.0
3.1027020085E9	0.0
3.1027037955E9	0.0
3.1027055795E9	0.0
3.1027073615E9	33.236997859211684
3.102709143E9	58.230190861769806
3.102710924E9	57.57476174827473
3.102712704E9	48.82831245001333
3.102714482E9	0.0
3.1027162525E9	0.0
3.1027180155E9	57.4057804035006
3.102719774E9	59.61802902979374
3.102721526E9	52.868145763880904
3.102723274E9	59.30535455861071
3.1027250205E9	58.946666666666665
3.102726766E9	0.0
3.1027285105E9	55.39112607995314
3.1027302535E9	58.51046025104603
3.1027319945E9	0.0
3.1027337345E9	0.0
3.1027354725E9	58.403990024937656
3.102737208E9	55.26480836236934
3.1027389415E9	0.0
3.1027406735E9	54.40758293838863
3.1027424045E9	57.80463641767387
3.102744133E9	59.145877378435515
3.1027458575E9	59.35806729939603
3.1027475775E9	0.0
3.1027492945E9	58.74530428249437
3.1027510075E9	0.0
3.1027527165E9	0.0
3.102754424E9	59.36731107205624
3.1027561305E9	59.5357833655706
3.102757836E9	0.0
3.1027595405E9	51.86062437059416
3.102761242E9	0.0
3.1027629405E9	54.98206828788995
3.102764638E9	0.0
3.102766335E9	57.965950124809154
3.102768031E9	59.29483229157496
3.102769726E9	0.0
3.10277142E9	0.0
3.10277311E9	0.0
3.1027747965E9	41.16264493889063
3.1027764795E9	0.0
3.102778159E9	46.44156346749226
3.102779838E9	55.81275890637945
3.1027815165E9	57.0416725928033
3.1027831925E9	49.457188726364606
3.1027848665E9	0.0
3.102786539E9	0.0
3.102788209E9	0.0
3.102789876E9	54.526775182826135
3.10279154E9	45.875774336283186
3.1027932E9	58.5921568627451
3.102794855E9	0.0
3.1027965075E9	0.0
3.1027981585E9	58.68349514563107
3.102799808E9	50.43382352941177
3.102801457E9	0.0
3.1028031015E9	54.80211780277962
3.1028047405E9	0.0
3.1028063775E9	59.22923994494571
3.1028080115E9	58.731178310740354
3.102809643E9	55.33757961783439
3.1028112735E9	0.0
3.102812902E9	0.0
3.1028145275E9	40.04237918215613
3.102816148E9	2.7659467604218984
3.1028177645E9	55.754501648490994
3.10281938E9	0.0
3.102820993E9	0.0
3.102822604E9	58.98764688159084
3.1028242125E9	0.0
3.102825818E9	58.99065420560748
3.102827423E9	0.0
3.1028290255E9	58.655223309462635
3.1028306245E9	0.0
3.1028322225E9	58.95256166982922
3.10283382E9	33.3705759888966
3.1028354165E9	35.926853215513006
3.102837012E9	0.0
3.1028386055E9	59.586523736600306
3.102840196E9	0.0
3.102841783E9	0.0
3.102843365E9	57.84472769409038
3.1028449435E9	33.15778019586507
3.102846521E9	0.0
3.102848098E9	0.0
3.102849675E9	39.71771347918137
3.1028512515E9	57.93177737881508
3.102852827E9	0.0
3.1028544015E9	59.14568345323741
3.1028559745E9	48.61582866226052
3.102857546E9	0.0
3.102859113E9	0.0
3.102860675E9	0.0
3.102862236E9	56.73170664270408
3.1028637965E9	22.0
3.1028653565E9	57.725118483412324
3.1028669135E9	58.502718880411415
3.1028684665E9	0.0
3.1028700165E9	0.0
3.1028715635E9	0.0
3.102873107E9	0.0
3.1028746455E9	59.26487747957993
3.10287618E9	57.17419635099913
3.1028777125E9	51.72773627416103
3.1028792445E9	58.96535843011614
3.1028807755E9	0.0
3.102882304E9	0.9464285714285714
3.1028838305E9	57.68020490303696
3.1028853555E9	0.0
3.102886879E9	54.49148737509188
3.102888402E9	0.0
3.1028899245E9	59.73684210526316
3.1028914465E9	57.95006570302234
3.102892967E9	58.17224520496427
3.102894483E9	0.0
3.1028959935E9	0.0
3.1028975015E9	0.0
3.102899008E9	0.0
3.102900512E9	0.0
3.1029020115E9	59.11032922844936
3.102903505E9	49.22669735327963
3.1029049955E9	51.76368352788586
3.1029064855E9	59.094674556213015
3.102907974E9	53.87097495527728
3.1029094605E9	58.71711805105611
3.102910946E9	57.77762647239055
3.1029124305E9	52.237636378115795
3.102913914E9	43.035746088283936
3.102915395E9	0.0
3.102916874E9	0.0
3.1029183515E9	54.030561189993236
3.102919827E9	46.21404185839394
3.1029213005E9	0.0
3.102922771E9	55.67578564162964
3.1029242395E9	0.0
3.102925707E9	57.801590044936056
3.102927173E9	44.43195266272189
3.1029286375E9	57.937435544860776
3.102930101E9	0.0
3.102931564E9	0.0
3.102933025E9	50.96013560907178
3.102934484E9	0.0
3.1029359425E9	44.6488309352518
3.1029374005E9	59.55758962623951
3.1029388565E9	53.78905648760966
3.102940308E9	0.0
3.102941757E9	0.0
3.1029432055E9	50.7257217847769
3.1029446525E9	0.0
3.1029460965E9	58.46014081308199
3.102947538E9	58.48110736999626
3.1029489785E9	48.14703703703704
3.102950418E9	58.31325301204819
3.102951856E9	0.0
3.1029532925E9	0.0
3.102954725E9	30.060684312459653
3.102956154E9	0.0
3.102957582E9	0.0
3.1029590085E9	0.0
3.102960434E9	58.95268138801262
3.1029618585E9	0.0
3.1029632825E9	58.31533477321814
3.102964706E9	0.0
3.102966129E9	56.04992319508449
3.102967552E9	6.869109947643979
3.1029689705E9	0.0
3.1029703845E9	0.0
3.102971798E9	0.0
3.102973211E9	0.0
3.1029746225E9	0.0
3.102976032E9	0.0
3.102977441E9	0.0
3.1029788485E9	55.30209084354723
3.102980254E9	59.2813000686656
3.102981659E9	58.92933618843683
3.1029830635E9	59.24512987012987
3.1029844675E9	30.475949762884987
3.1029858705E9	51.070229230544605
3.1029872725E9	49.50648528946536
3.1029886745E9	34.60265417642467
3.1029900765E9	0.0
3.1029914775E9	59.617834394904456
3.1029928765E9	0.0
3.1029942735E9	53.891910985517484
3.102995669E9	0.0
3.1029970635E9	48.765829694323145
3.102998457E9	58.96551724137931
3.102999849E9	0.0
3.103001239E9	58.510427010923536
3.103002628E9	59.166666666666664
3.1030040165E9	59.596541786743515
3.103005404E9	0.0
3.1030067895E9	57.773019547325106
3.103008172E9	52.47869542346134
3.103009553E9	0.0
3.103010933E9	59.432087079981066
3.103012311E9	0.0
3.1030136875E9	0.0
3.1030150635E9	58.91255097417309
3.103016439E9	44.50093109869646
3.1030178135E9	58.28671328671329
3.1030191865E9	58.357042676818274
3.103020558E9	59.14040114613181
3.1030219285E9	0.0
3.1030232985E9	42.59020755721128
3.1030246665E9	0.0
3.103026031E9	58.538283062645014
3.1030273925E9	0.0
3.1030287505E9	0.0
3.103030106E9	57.161254199328106
3.103031461E9	0.0
3.1030328145E9	53.98314198517657
3.103034163E9	55.30997833462781
3.1030355075E9	0.0
3.1030368515E9	59.72222222222222
3.1030381945E9	58.74757281553398
3.1030395365E9	58.88625592417062
3.1030408755E9	59.091967403958094
3.1030422105E9	0.0
3.1030435445E9	0.0
3.103044878E9	52.62698691799128
3.1030462105E9	51.32743362831859
3.1030475405E9	59.529042386185246
3.1030488685E9	58.320944468736336
3.1030501965E9	57.79129005751849
3.103051524E9	56.98595146871009
3.10305285E9	58.58250676284941
3.1030541735E9	55.941023417172595
3.1030554945E9	57.101270849880855
3.103056814E9	59.17069799585349
3.1030581325E9	0.0
3.103059449E9	58.42271293375394
3.1030607635E9	0.0
3.103062077E9	45.794060179757714
3.10306339E9	58.610191925876904
3.1030647025E9	57.73491319922844
3.1030660135E9	54.809562563580876
3.103067323E9	0.0
3.103068632E9	56.61971830985915
3.10306994E9	59.40321346595256
3.103071247E9	43.54765545361876
3.103072553E9	0.0
3.1030738575E9	0.0
3.103075161E9	58.904297679527666
3.1030764635E9	59.31617364579331
3.1030777655E9	0.0
3.103079067E9	55.47118205349439
3.103080368E9	0.0
3.1030816685E9	0.0
3.103082968E9	42.475534201542544
3.103084266E9	0.0
3.103085562E9	0.0
3.1030868565E9	0.0
3.10308815E9	0.0
3.103089442E9	0.0
3.103090733E9	59.49935815147625
3.103092023E9	58.80657791699295
3.1030933115E9	0.0
3.1030945995E9	4.8773946360153255
3.103095887E9	0.0
3.103097174E9	26.975084175084174
3.103098461E9	0.0
3.1030997475E9	0.0
3.103101032E9	0.0
3.103102314E9	34.86193222782985
3.103103593E9	53.10915104740904
3.1031048685E9	56.0431654676259
3.1031061405E9	58.74803149606299
3.103107409E9	59.53820033955857
3.1031086755E9	51.90542420027816
3.1031099385E9	0.0
3.103111198E9	0.9807427785419532
3.1031124565E9	0.0
3.1031137145E9	0.0
3.1031149725E9	59.451510333863276
3.1031162295E9	0.0
3.103117485E9	59.466553767993226
3.1031187395E9	56.322811584770584
3.1031199935E9	0.0
3.103121247E9	0.0
3.1031224985E9	0.0
3.103123748E9	0.0
3.1031249965E9	0.0
3.1031262445E9	0.0
3.103127492E9	0.0
3.1031287365E9	57.81477627471384
3.1031299785E9	56.4465697995218
3.10313122E9	53.111759556463376
3.103132461E9	0.0
3.103133702E9	59.22643029814665
3.103134942E9	58.17672930827669
3.1031361805E9	0.0
3.103137418E9	0.0
3.1031386545E9	0.0
3.10313989E9	0.9626865671641791
3.1031411245E9	0.0
3.1031423585E9	0.0
3.1031435925E9	59.34592552617377
3.103144826E9	49.22995202193283
3.1031460585E9	57.53810082063306
3.1031472905E9	58.55532786885246
3.103148522E9	0.0
3.1031497525E9	56.19961977186312
3.1031509815E9	0.0
3.103152209E9	57.646076794657766
3.103153436E9	59.29608938547486
3.1031546625E9	55.96396853590459
3.1031558875E9	0.0
3.1031571115E9	0.0
3.1031583335E9	0.0
3.1031595535E9	58.57377049180328
3.103160773E9	54.17763157894737
3.103161991E9	58.509643483343076
3.1031632075E9	53.86070049274204
3.103164423E9	0.0
3.1031656375E9	58.710743801652896
3.1031668515E9	52.918228134729695
3.1031680655E9	53.72591712852996
3.103169279E9	0.0
3.1031704915E9	59.23728813559322
3.103171702E9	54.20667581161408
3.1031729105E9	58.2861328125
3.103174118E9	46.227881257275904
3.103175325E9	59.40594059405941
3.103176532E9	0.0
3.1031777385E9	59.601990049751244
3.1031789445E9	0.0
3.10318015E9	0.0
3.103181355E9	0.0
3.1031825595E9	35.40050804403048
3.1031837635E9	0.0
3.1031849675E9	54.51741755689735
3.103186171E9	0.0
3.103187373E9	54.75397567820393
3.103188574E9	59.401595744680854
3.1031897745E9	59.411530815109344
3.1031909745E9	0.0
3.103192174E9	58.560468684614314
3.1031933725E9	0.0
3.10319457E9	44.573170731707314
3.1031957665E9	0.0
3.103196962E9	0.0
3.1031981565E9	57.185929648241206
3.1031993505E9	0.0
3.103200543E9	0.0
3.103201733E9	41.14694759589411
3.1032029205E9	0.0
3.1032041065E9	0.0
3.1032052915E9	0.0
3.103206475E9	0.0
3.103207658E9	0.0
3.1032088405E9	0.0
3.103210022E9	0.0
3.103211203E9	57.13798977853492
3.103212384E9	59.07786885245902
3.103213565E9	51.287528868360276
3.103214745E9	0.0
3.1032159235E9	59.13117546848382
3.1032171015E9	0.0
3.103218279E9	0.0
3.103219456E9	0.0
3.10322063E9	0.0
3.103221801E9	58.91129032258065
3.103222972E9	58.131294293174186
3.1032241425E9	0.0
3.1032253125E9	32.54795147631037
3.103226481E9	45.380434782608695
3.103227648E9	41.75642611683849
3.103228815E9	0.0
3.103229981E9	0.0
3.103231146E9	0.0
3.1032323095E9	59.723076923076924
3.103233469E9	59.032531824611034
3.1032346255E9	0.0
3.1032357815E9	59.01975656003425
3.1032369365E9	58.724534986713905
3.1032380905E9	0.0
3.103239243E9	0.0
3.103240394E9	59.49090909090909
3.1032415445E9	54.24293620739878
3.1032426945E9	0.0
3.103243843E9	54.63324670969905
3.10324499E9	41.46369223765081
3.1032461365E9	57.786407766990294
3.1032472815E9	55.29705719044975
3.1032484255E9	59.522351500306186
3.103249569E9	0.0
3.1032507115E9	57.665831465119346
3.103251853E9	0.0
3.103252994E9	0.0
3.1032541345E9	0.0
3.1032552735E9	52.590811965811966
3.1032564095E9	57.337008959338384
3.1032575435E9	0.0
3.1032586765E9	59.197636448452805
3.103259808E9	58.764302059496565
3.103260939E9	28.51322842815148
3.1032620695E9	0.0
3.103263198E9	56.38514442916094
3.1032643245E9	55.557537912578056
3.1032654495E9	53.72541216600341
3.1032665725E9	0.0
3.1032676945E9	0.0
3.103268816E9	57.594176103535936
3.103269936E9	58.58136300417246
3.103271055E9	0.0
3.103272174E9	0.0
3.103273293E9	58.48951048951049
3.1032744115E9	29.322314049586776
3.1032755285E9	0.0
3.1032766445E9	15.289328757283103
3.10327776E9	0.0
3.103278875E9	59.593633592956316
3.10327999E9	58.62385321100918
3.1032811045E9	0.0
3.103282218E9	0.0
3.103283331E9	58.99705014749262
3.1032844425E9	0.0
3.1032855525E9	59.13612565445026
3.103286662E9	57.883310719131615
3.1032877705E9	58.206136900078675
3.103288878E9	58.755868544600936
3.103289985E9	0.0
3.103291092E9	0.0
3.103292199E9	29.833800186741364
3.1032933055E9	0.0
3.10329441E9	40.85829307568438
3.103295513E9	27.740506329113924
3.103296616E9	56.580998942917546
3.1032977175E9	31.98034440772308
3.103298817E9	0.0
3.1032999155E9	58.23144104803494
3.103301013E9	0.0
3.1033021095E9	58.81578947368421
3.1033032055E9	59.65831435079727
3.1033043005E9	57.917943648047455
3.103305394E9	0.0
3.1033064855E9	0.0
3.1033075745E9	57.19239607269689
3.103308662E9	0.0
3.1033097485E9	59.27554179566563
3.103310834E9	0.0
3.1033119185E9	0.0
3.1033130025E9	0.0
3.1033140865E9	59.30816616648239
3.1033151705E9	0.0
3.103316254E9	0.0
3.103317337E9	0.0
3.1033184195E9	0.0
3.1033195015E9	58.81138392857143
3.103320583E9	49.52127659574468
3.103321664E9	0.0
3.103322744E9	58.22057460611678
3.1033238215E9	57.99939921898468
3.1033248965E9	58.59407305306685
3.10332597E9	14.440820130475302
3.103327043E9	0.0
3.103328115E9	59.056693663649355
3.103329185E9	58.48030018761726
3.103330253E9	40.112510137596395
3.10333132E9	0.0
3.103332387E9	0.0
3.1033334535E9	0.0
3.103334519E9	0.0
3.103335584E9	0.0
3.103336649E9	0.0
3.103337714E9	0.0
3.103338779E9	0.0
3.1033398435E9	57.57794021024967
3.1033409075E9	0.0
3.1033419715E9	0.0
3.103343035E9	0.0
3.1033440975E9	0.0
3.1033451595E9	27.683814303638645
3.1033462215E9	59.35969868173258
3.103347283E9	0.0
3.1033483435E9	58.83306320907617
3.103349402E9	0.0
3.103350459E9	0.0
3.1033515155E9	0.0
3.103352571E9	0.0
3.103353626E9	59.57446808510638
3.103354681E9	56.98136181575434
3.103355736E9	56.652360515021456
3.1033567905E9	58.55217800062676
3.103357843E9	58.33652007648183
3.1033588935E9	0.0
3.1033599435E9	0.0
3.103360993E9	59.578947368421055
3.1033620415E9	52.37032744132136
3.103363089E9	0.0
3.1033641355E9	0.0
3.1033651815E9	57.645161290322584
3.1033662275E9	58.90909090909091
3.103367273E9	0.0
3.103368318E9	11.184905660377359
3.103369363E9	58.56768558951965
3.1033704075E9	0.0
3.1033714505E9	0.0
3.103372492E9	0.0
3.103373532E9	0.0
3.103374571E9	59.51374207188161
3.1033756095E9	0.0
3.1033766465E9	55.32861476238625
3.1033776825E9	0.0
3.103378718E9	55.8
3.103379753E9	58.950715421303656
3.103380787E9	0.0
3.1033818195E9	43.75893824485374
3.103382851E9	0.0
3.103383882E9	54.47530573847601
3.103384913E9	59.015625
3.103385942E9	43.872493985565356
3.103386969E9	0.0
3.1033879955E9	0.0
3.1033890215E9	0.0
3.1033900465E9	0.86996336996337
3.1033910705E9	59.32045303131246
3.1033920935E9	48.75871234494979
3.1033931155E9	58.220011055831954
3.103394137E9	47.0
3.1033951575E9	0.0
3.103396177E9	0.0
3.1033971955E9	0.0
3.1033982135E9	0.9659090909090909
3.1033992315E9	58.62921819325089
3.1034002485E9	0.0
3.1034012615E9	58.572300183038436
3.1034022715E9	58.54448544485445
3.103403281E9	59.651162790697676
3.1034042895E9	0.0
3.103405297E9	0.0
3.1034063035E9	0.0
3.103407309E9	60.0
3.103408314E9	0.0
3.1034093185E9	0.0
3.1034103225E9	0.0
3.103411326E9	0.0
3.103412329E9	0.0
3.103413332E9	58.835778513961195
3.103414335E9	59.66573816155989
3.1034153375E9	59.22729326705829
3.1034163395E9	0.0
3.1034173405E9	0.0
3.1034183405E9	27.52340425531915
3.1034230195E9	58.46570540906556
3.1034311645E9	53.73927294599471
3.1034385535E9	0.0
3.103444272E9	0.0
3.103448588E9	58.330225813134454
3.103452529E9	21.18550106609808
3.1034563265E9	55.785192071345286
3.103460075E9	33.7548748397544
3.1034637975E9	58.366677599212856
3.103467461E9	31.036430945269444
3.103471038E9	55.220320774986334
3.1034745565E9	34.01692568891211
3.10347799E9	57.232035321568794
3.1034813295E9	53.23534147958701
3.103484605E9	50.738394584139265
3.1034878305E9	28.965268551907382
3.1034910465E9	50.85735434792511
3.1034942485E9	46.18519864970138
3.1034973905E9	0.0
3.10350048E9	57.79831860684567
3.1035035475E9	58.179126572908956
3.103506574E9	55.966847693928834
3.1035095785E9	56.99996331845693
3.10351256E9	54.6289456327146
3.1035155065E9	48.437955619642715
3.10351844E9	47.509767335592706
3.10352132E9	20.74096256684492
3.1035241305E9	34.80704176734553
3.103526902E9	58.207317073170735
3.103529649E9	47.06334154351396
3.103532388E9	37.11007812355026
3.1035351035E9	51.60907986565991
3.103537785E9	22.80074730622176
3.1035404345E9	41.488591448077614
3.1035429975E9	51.50622406639004
3.103545488E9	18.742521940437108
3.1035479665E9	57.68043611793612
3.1035504075E9	55.34944480731548
3.103552812E9	56.5684575389948
3.1035551875E9	0.0
3.103557535E9	47.24844002773284
3.1035598595E9	46.055599592345146
3.1035621585E9	40.905474677055565
3.103564445E9	56.24236562111372
3.103566722E9	7.549707602339181
3.103568983E9	58.687797147385105
3.103571211E9	56.30281210897196
3.1035734005E9	4.585296889726673
3.103575568E9	58.66991797827533
3.103577725E9	55.478425196850395
3.103579877E9	58.88594164456234
3.103582016E9	39.02542372881356
3.1035841385E9	58.49274283587644
3.103586253E9	50.46847481507573
3.1035883585E9	57.44017164548605
3.1035904405E9	57.3227117023819
3.1035925065E9	52.524010465018144
3.103594569E9	15.887573964497042
3.103596622E9	48.79943502824859
3.1035986655E9	56.808557565063964
3.1036007005E9	25.36198532654452
3.1036027275E9	46.408089444261755
3.10360474E9	0.0
3.1036067365E9	24.677966101694917
3.103608723E9	0.0
3.103610703E9	0.0
3.103612671E9	44.69316375198728
3.103614626E9	58.748913987836666
3.1036165745E9	0.0
3.1036185145E9	44.28799880436407
3.1036204485E9	36.072770417243426
3.1036223555E9	50.27929477531713
3.1036242355E9	33.78222830615403
3.1036261095E9	49.26062846580407
3.103627955E9	17.58139534883721
3.103629772E9	0.9775524981897176
3.103631583E9	44.87740225314778
3.1036333895E9	58.781127129750985
3.10363519E9	50.62258177981006
3.103636984E9	9.773722627737227
3.10363877E9	0.0
3.1036405435E9	58.402054398148145
3.1036423085E9	56.16867469879518
3.103644062E9	57.90873158462091
3.103645804E9	58.14111533080152
3.103647529E9	45.076192400970086
3.1036492365E9	57.327080890973036
3.10365094E9	47.84912718204489
3.103652635E9	50.69070034443169
3.1036543025E9	0.0
3.103655946E9	50.81253040704903
3.103657586E9	0.0
3.1036592235E9	57.89781981404296
3.1036608575E9	52.89253358325523
3.103662488E9	56.652360515021456
3.103664114E9	0.0
3.1036657365E9	51.454279472575486
3.1036673585E9	0.9664634146341463
3.103668979E9	55.13823610727122
3.1036705915E9	0.0
3.103672191E9	0.0
3.1036737835E9	57.13432153336128
3.1036753585E9	30.70359151882302
3.10367691E9	52.74890103999142
3.1036784535E9	53.03578062371688
3.1036799945E9	55.1051523891184
3.103681529E9	58.452761296211776
3.1036830525E9	54.323786201022145
3.103684569E9	53.69318181818182
3.103686083E9	38.70785282811642
3.103687593E9	29.52103337905807
3.1036890985E9	58.484054845170235
3.1036906E9	44.75901174564601
3.103692097E9	42.45296303539996
3.103693592E9	0.0
3.1036950855E9	0.0
3.1036965775E9	57.83284398096588
3.103698068E9	0.975609756097561
3.103699555E9	51.823287671232876
3.103701039E9	57.04749048963063
3.103702517E9	0.0
3.1037039885E9	0.0
3.103705455E9	55.24732127173722
3.1037069165E9	52.3455334987593
3.1037083755E9	0.0
3.1037098325E9	0.0
3.103711287E9	44.484709480122326
3.103712735E9	44.01096256684492
3.103714177E9	0.0
3.1037156105E9	0.0
3.103717036E9	58.839416058394164
3.1037184575E9	55.62335724533716
3.103719873E9	41.38741044012283
3.103721286E9	0.0
3.1037226985E9	52.44929482874412
3.103724108E9	0.0
3.1037255145E9	40.339521711768406
3.1037269155E9	48.019286966686145
3.1037283085E9	57.61029411764706
3.1037296945E9	42.869274898899654
3.1037310735E9	0.0
3.103732449E9	0.0
3.103733822E9	45.78346456692913
3.103735191E9	0.0
3.1037365565E9	59.42528735632184
3.1037379165E9	18.41947885519009
3.103739272E9	0.0
3.1037406255E9	45.46591549295775
3.1037419765E9	0.0
3.1037433245E9	47.8235294117647
3.10374467E9	55.48543689320388
3.1037460125E9	58.792682926829265
3.1037473475E9	0.0
3.103748677E9	0.0
3.1037500035E9	19.772727272727273
3.1037513235E9	54.7683858643744
3.103752635E9	58.76106194690266
3.1037539405E9	50.1525129982669
3.1037552445E9	59.472527472527474
3.103756548E9	44.54531490015361
3.10375785E9	0.0
3.1037591505E9	50.34444519120909
3.103760449E9	28.888324873096447
3.1037617455E9	1.9770114942528736
3.1037630385E9	54.900650234386816
3.1037643255E9	0.0
3.1037656085E9	0.0
3.10376689E9	59.15848527349229
3.1037681705E9	0.0
3.10376945E9	0.0
3.1037707255E9	7.0
3.103771995E9	0.0
3.103773262E9	0.0
3.1037745285E9	0.0
3.1037757935E9	41.66211604095563
3.1037770575E9	0.0
3.1037783215E9	5.969135802469136
3.103779585E9	0.0
3.103780841E9	49.64837398373984
3.1037820855E9	0.0
3.103783325E9	46.52009394572025
3.103784562E9	48.184594348222426
3.103785797E9	58.71855645545498
3.103787031E9	0.0
3.1037882635E9	58.78391019644528
3.1037894945E9	58.58536585365854
3.1037907225E9	52.61649261793302
3.103791947E9	0.0
3.1037931655E9	0.9655543595263725
3.103794379E9	0.0
3.103795591E9	0.0
3.103796801E9	0.0
3.1037980065E9	0.0
3.103799207E9	48.268711018711016
3.103800405E9	39.7128764278297
3.1038016E9	40.254847645429365
3.103802792E9	0.0
3.103803981E9	58.56209150326797
3.1038051675E9	36.55688257875815
3.1038063525E9	0.9673202614379085
3.1038075365E9	0.0
3.1038087195E9	10.068720379146919
3.1038099E9	33.201581027667984
3.103811076E9	0.0
3.103812247E9	0.968503937007874
3.103813415E9	0.9806924101198402
3.1038145815E9	52.72175732217573
3.103815747E9	0.0
3.1038169115E9	0.0
3.103818075E9	0.0
3.1038192355E9	58.754416961130744
3.1038203935E9	0.0
3.103821551E9	1.9433962264150944
3.103822708E9	40.46620982986767
3.103823865E9	42.96248808801871
3.103825021E9	1.15024805102764
3.1038261755E9	11.044830079537238
3.103827327E9	0.0
3.1038284755E9	0.0
3.1038296235E9	25.33144599303136
3.1038307705E9	0.0
3.1038319155E9	56.785714285714285
3.1038330575E9	12.221692491060786
3.1038341955E9	40.635
3.1038353305E9	0.0
3.103836464E9	52.37188872620791
3.103837595E9	25.068338878935243
3.103838723E9	28.42105263157895
3.10383985E9	0.0
3.1038409725E9	47.905199086989604
3.1038420865E9	58.18697501909021
3.1038431935E9	56.35897435897436
3.1038442975E9	55.49310434556336
3.1038454E9	43.283169756452196
3.1038464995E9	0.9771428571428571
3.1038475965E9	31.71472392638037
3.1038486915E9	0.0
3.103849784E9	17.527749747729565
3.103850874E9	58.064516129032256
3.1038519615E9	56.799857739841734
3.103853047E9	22.02531404644081
3.1038541315E9	59.16175100900342
3.103855215E9	51.54047186932849
3.103856298E9	40.507538910505836
3.103857379E9	47.589622641509436
3.1038584565E9	0.0
3.103859529E9	0.0
3.1038605975E9	0.0
3.103861665E9	59.52202436738519
3.103862732E9	0.0
3.103863799E9	58.5941893158388
3.103864864E9	0.0
3.1038659265E9	59.62421711899791
3.103866987E9	35.21372239747634
3.1038680455E9	1.0
3.1038691035E9	3.94579945799458
3.10387016E9	0.0
3.1038712145E9	0.0
3.1038722685E9	0.0
3.103873322E9	0.0
3.103874375E9	0.0
3.1038754275E9	49.778227620332885
3.103876479E9	25.63584366062917
3.103877529E9	42.84658040665435
3.103878577E9	4.800347222222222
3.1038796225E9	0.0
3.103880666E9	57.142857142857146
3.103881709E9	48.0309559939302
3.1038827515E9	0.0
3.1038837935E9	0.0
3.103884835E9	0.0
3.1038858755E9	42.49727463312369
3.103886915E9	42.319917440660475
3.1038879535E9	0.0
3.103888991E9	51.043539325842694
3.103890028E9	18.10281517747858
3.103891064E9	26.15542919036014
3.103892095E9	58.818380743982495
3.103893119E9	56.47826086956522
3.10389414E9	47.42451470712893
3.10389516E9	39.16747685185185
3.103896179E9	58.088353413654616
3.1038971965E9	0.0
3.1038982115E9	0.0
3.103899225E9	0.0
3.103900236E9	0.0
3.1039012445E9	0.0
3.103902252E9	0.0
3.1039032575E9	0.0
3.1039042615E9	0.9604863221884499
3.103905265E9	38.28272092317036
3.103906267E9	0.0
3.1039072675E9	0.0
3.1039082675E9	50.975469528555
3.1039092675E9	0.0
3.103918732E9	44.26761031664201
3.103932571E9	0.0
3.103941472E9	44.275571342403325
3.1039494115E9	0.0
3.1039572085E9	0.0
3.103963938E9	0.0
3.1039695055E9	34.46153846153846
3.103974766E9	0.0
3.1039797995E9	0.0
3.103984567E9	58.701280815314696
3.1039891115E9	0.0
3.1039934845E9	0.0
3.103997683E9	57.90552617180376
3.104001684E9	0.0
3.104005458E9	44.93078430334163
3.104009178E9	0.0
3.1040128475E9	59.17489743200122
3.104016433E9	58.98825444819165
3.104019926E9	0.0
3.104023359E9	57.34763057765479
3.104026758E9	0.0
3.1040301305E9	8.380952380952381
3.104033452E9	58.00408163265306
3.104036731E9	22.40052008559742
3.1040399985E9	0.0
3.104043259E9	53.44969825477084
3.1040464995E9	0.0
3.104049674E9	58.69344948902664
3.1040527925E9	0.0
3.1040558995E9	0.0
3.104058987E9	0.0
3.104062054E9	58.81773399014779
3.104065115E9	59.27098674521355
3.1040681395E9	0.0
3.1040711275E9	59.351616864510845
3.1040740845E9	0.0
3.1040770095E9	26.998912649510693
3.104079908E9	58.75526742301459
3.104082775E9	0.0
3.1040856295E9	0.0
3.104088461E9	41.72327865234662
3.10409126E9	58.516844409915954
3.1040940205E9	0.0
3.1040967325E9	58.86629543890383
3.1040994055E9	58.84031809759111
3.104102056E9	59.238613188307276
3.1041046865E9	0.0
3.104107298E9	58.70247645622602
3.104109892E9	47.97665396018636
3.1041124505E9	56.81379840984868
3.1041149735E9	0.0
3.1041174795E9	0.0
3.10411997E9	56.038227628149436
3.1041224495E9	57.78500986193294
3.104124925E9	0.0
3.104127395E9	56.27690085975282
3.1041298495E9	36.80090281855549
3.1041322855E9	0.0
3.104134709E9	59.454605919521114
3.1041371215E9	43.62763466042155
3.104139523E9	23.314918455329067
3.1041418965E9	51.205696004014804
3.104144241E9	19.788198542044952
3.1041465705E9	50.113274821722435
3.104148885E9	55.822575306190004
3.1041511915E9	11.180124223602485
3.1041534905E9	59.10258629643735
3.104155772E9	58.125
3.10415804E9	58.68354828562441
3.1041603025E9	0.0
3.1041625525E9	0.0
3.1041647915E9	55.93862352336929
3.1041670245E9	56.63818863037143
3.104169246E9	0.0
3.104171456E9	0.0
3.104173654E9	6.876787105886566
3.104175845E9	59.265060240963855
3.1041780355E9	57.570432623436155
3.1041802225E9	58.88253668886662
3.1041823975E9	25.62564411221404
3.104184563E9	27.84897202450531
3.1041867265E9	59.230585424133814
3.1041888805E9	0.9147404319818113
3.1041910115E9	59.62645914396887
3.1041931255E9	0.0
3.1041952355E9	0.0
3.1041973425E9	55.30364981813621
3.1041994485E9	59.37455579246624
3.1042015545E9	39.07969471272836
3.104203656E9	56.49260381393691
3.104205745E9	0.0
3.1042078145E9	58.99683500756846
3.104209871E9	58.24137068534267
3.1042119255E9	0.0
3.104213971E9	57.846343721073744
3.1042160055E9	0.0
3.1042180375E9	55.36674576807467
3.1042200635E9	58.41718792493881
3.1042220825E9	0.0
3.1042240985E9	0.0
3.104226106E9	0.0
3.104228107E9	58.245877061469265
3.104230103E9	58.489683631361764
3.1042320935E9	58.22494070652852
3.10423408E9	0.0
3.104236062E9	57.424114161325434
3.104238043E9	58.752166377816295
3.104240023E9	0.0
3.104241994E9	57.06617822728359
3.1042439415E9	0.0
3.104245872E9	48.49272349272349
3.104247777E9	0.0
3.1042496545E9	58.73689265988954
3.104251516E9	0.0
3.104253365E9	4.526455026455026
3.104255206E9	0.0
3.1042570385E9	45.14279004227337
3.1042588675E9	44.02228587122847
3.1042606875E9	15.564829583098177
3.1042625015E9	57.44129875272223
3.104264304E9	57.09256844850065
3.104266094E9	0.0
3.1042678815E9	0.0
3.1042696635E9	0.0
3.1042714405E9	28.832933216935835
3.1042732095E9	0.0
3.1042749695E9	0.0
3.104276727E9	0.0
3.1042784825E9	57.24444444444445
3.1042802355E9	58.12654621785741
3.104281987E9	40.22806717904925
3.104283737E9	59.79865771812081
3.1042854805E9	0.0
3.104287214E9	17.943945964462756
3.1042889415E9	51.14837931768211
3.1042906625E9	57.32530727382631
3.1042923765E9	58.84258872651357
3.104294088E9	28.589880619878258
3.104295795E9	59.02878642050923
3.1042974975E9	58.76539045370214
3.104299198E9	5.025307176766266
3.1043008905E9	42.550905562742564
3.1043025755E9	38.5808864783991
3.1043042575E9	58.60508659697301
3.1043059365E9	59.51301427371956
3.1043076145E9	0.0
3.104309292E9	59.09640136590491
3.1043109685E9	58.556543837357054
3.1043126425E9	17.480294341511847
3.104314313E9	0.0
3.1043159815E9	0.0
3.104317647E9	0.0
3.1043193085E9	0.0
3.1043209685E9	58.70955462504758
3.1043226275E9	58.82382508167881
3.1043242845E9	0.0
3.1043259405E9	59.38405797101449
3.1043275945E9	0.0
3.104329244E9	0.0
3.10433089E9	0.0
3.104332533E9	2.8994998809240293
3.1043341725E9	58.85446685878963
3.104335808E9	0.0
3.1043374375E9	57.4468085106383
3.1043390575E9	0.0
3.1043406705E9	0.0
3.104342279E9	0.0
3.104343883E9	43.090727356604646
3.104345484E9	45.99345166293296
3.104347078E9	0.0
3.1043486665E9	58.6417791898332
3.104350253E9	0.0
3.1043518375E9	56.96718594630428
3.1043534215E9	53.888191909726544
3.1043550035E9	0.0
3.1043565795E9	57.38125802310655
3.1043581505E9	48.77880686638828
3.10435972E9	0.0
3.1043612885E9	38.0181167281406
3.104362856E9	28.774416594641313
3.104364422E9	22.43362831858407
3.104365984E9	27.510597302504816
3.104367543E9	0.0
3.1043691005E9	0.0
3.1043706555E9	59.22077922077922
3.104372207E9	0.0
3.1043737525E9	47.381830601092894
3.104375294E9	57.34692179700499
3.1043768335E9	0.0
3.104378371E9	43.878655880522714
3.104379907E9	0.0
3.1043814395E9	0.0
3.1043829685E9	0.0
3.1043844935E9	59.158686730506155
3.1043860115E9	0.0
3.104387523E9	58.74471399955486
3.104389031E9	17.41815144766147
3.1043905345E9	45.14136455186304
3.104392034E9	0.0
3.104393533E9	56.89750692520776
3.104395031E9	56.43819887179145
3.1043965275E9	0.0
3.1043980195E9	59.30026809651474
3.1043995065E9	0.0
3.104400992E9	0.0
3.104402475E9	14.0
3.104403955E9	58.626241505488764
3.1044054305E9	59.106901217861974
3.1044069025E9	41.35916521621395
3.1044083735E9	59.12277413308341
3.1044098415E9	0.0
3.104411307E9	0.0
3.10441277E9	0.0
3.1044142295E9	58.672622846202934
3.104415687E9	21.86871524231075
3.1044171395E9	26.2108082925693
3.104418587E9	0.0
3.1044200325E9	0.9655751469353484
3.104421476E9	33.91193935565382
3.104422919E9	0.0
3.1044243595E9	0.0
3.1044257945E9	31.228684695191845
3.1044272255E9	19.490399385560675
3.1044286555E9	0.0
3.104430085E9	0.0
3.104431514E9	0.0
3.104432943E9	0.0
3.1044343705E9	0.0
3.1044357965E9	0.0
3.1044372195E9	58.22379321771788
3.1044386375E9	59.42796610169491
3.1044400535E9	0.0
3.104441469E9	50.054077161483384
3.104442884E9	26.12605563835072
3.1044442985E9	0.0
3.104445712E9	0.0
3.1044471235E9	0.0
3.104448531E9	56.969199178644764
3.1044499345E9	58.975340787256854
3.1044513345E9	0.0
3.104452732E9	0.0
3.104454128E9	55.601804511278196
3.1044555215E9	0.0
3.1044569115E9	52.29661579296616
3.1044582985E9	0.0
3.1044596825E9	0.0
3.104461064E9	59.18759231905465
3.104462444E9	0.0
3.1044638215E9	22.450905917979778
3.1044651965E9	25.2282981281743
3.1044665705E9	57.77233317096931
3.104467944E9	17.294117647058822
3.104469317E9	59.17037037037037
3.1044706895E9	57.903628335573046
3.1044720605E9	56.63157894736842
3.104473429E9	41.86638002231791
3.104474795E9	59.057167646775284
3.1044761595E9	51.94304068522484
3.104477522E9	0.0
3.104478883E9	0.0
3.104480241E9	40.53351955307262
3.104481596E9	0.0
3.1044829505E9	0.0
3.104484304E9	55.20200962947457
3.104485655E9	19.016393442622952
3.104487002E9	0.0
3.1044883465E9	0.0
3.10448969E9	0.0
3.1044910305E9	0.0
3.1044923685E9	0.0
3.1044937065E9	0.0
3.1044950435E9	59.25581395348837
3.104496378E9	29.55554894022386
3.104497711E9	0.0
3.1044990435E9	0.0
3.1045003715E9	54.306060606060605
3.104501695E9	0.0
3.104503018E9	0.0
3.1045043395E9	0.0
3.1045056595E9	0.0
3.104506978E9	0.0
3.1045082945E9	0.0
3.1045096045E9	46.25497251769544
3.1045109085E9	0.0
3.104512212E9	58.27814569536424
3.1045135145E9	0.0
3.104514816E9	0.0
3.1045161165E9	56.585903083700444
3.1045174155E9	44.67603779794086
3.104518713E9	0.0
3.104520009E9	0.0
3.1045212985E9	24.50814332247557
3.104522582E9	24.748648990824467
3.104523865E9	58.99841017488076
3.104525146E9	58.750656167979
3.1045264245E9	0.0
3.104527699E9	25.02971597438844
3.10452897E9	0.0
3.1045302395E9	26.084826132771337
3.1045315055E9	26.892292730367128
3.104532769E9	29.08368684920941
3.1045340315E9	58.20118510158014
3.104535293E9	56.12932138284251
3.1045365535E9	56.830923248053395
3.104537813E9	0.0
3.104539072E9	0.0
3.1045403305E9	55.2639832723471
3.1045415875E9	0.0
3.104542842E9	0.0
3.1045440925E9	0.0
3.1045453405E9	0.0
3.1045465875E9	0.0
3.1045478335E9	0.0
3.1045490785E9	0.0
3.1045503195E9	59.08420249300433
3.1045515575E9	58.77335678171026
3.1045527945E9	59.34408127208481
3.1045540295E9	0.0
3.1045552635E9	1.9397905759162304
3.104556496E9	0.0
3.104557727E9	0.0
3.1045589575E9	59.46112826269997
3.1045601875E9	0.9464902186421174
3.1045614165E9	55.4071661237785
3.104562644E9	0.0
3.1045638685E9	0.0
3.1045650905E9	0.0
3.104566312E9	44.179662802950475
3.104567533E9	58.830798479087456
3.1045687535E9	49.96761889303684
3.1045699725E9	0.9240687679083095
3.1045711905E9	0.0
3.1045724075E9	58.31851253031528
3.1045736235E9	0.0
3.1045748375E9	58.99065420560748
3.1045760485E9	14.266963843486876
3.104577258E9	0.0
3.1045784665E9	58.75770124229876
3.1045796745E9	0.0
3.1045808815E9	0.0
3.104582087E9	2.8622448979591835
3.104583292E9	0.0
3.1045844955E9	0.0
3.1045856965E9	0.0
3.104586896E9	0.0
3.1045880945E9	59.634822301923705
3.1045892925E9	59.26564673157163
3.1045904905E9	2.9673569673569675
3.104591687E9	59.26186291739894
3.1045928815E9	59.205298013245034
3.104594074E9	0.0
3.104595264E9	26.60471567267684
3.1045964525E9	58.836228706358575
3.1045976365E9	0.0
3.1045988165E9	55.384203901825046
3.104599996E9	0.0
3.1046011715E9	36.87834837945834
3.1046023415E9	0.0
3.1046035085E9	49.145794392523364
3.10460467E9	0.0
3.1046058265E9	0.0
3.1046069825E9	52.995444191343964
3.104608138E9	54.45521243977223
3.1046092925E9	0.0
3.1046104465E9	59.46086545282573
3.104611598E9	59.73890339425587
3.104612744E9	0.0
3.104613887E9	0.0
3.1046150285E9	36.60620756547042
3.104616167E9	51.41342756183746
3.104617303E9	0.0
3.104618438E9	12.801759878162281
3.104619573E9	0.0
3.104620704E9	56.54372961755114
3.104621831E9	56.096791551758926
3.1046229575E9	54.59781087976298
3.104624082E9	30.487065120428188
3.104625205E9	56.04630454140695
3.104626328E9	0.0
3.1046274505E9	31.39115969581749
3.1046285725E9	0.0
3.104629694E9	51.83554419050663
3.104630815E9	58.704103671706264
3.104631935E9	0.9338089575901705
3.104633054E9	0.9098323516085184
3.104634173E9	0.0
3.1046352915E9	36.92543021032505
3.104636408E9	0.0
3.1046375185E9	0.9711340206185567
3.1046386245E9	0.0
3.1046397295E9	0.0
3.1046408325E9	0.0
3.104641934E9	58.720595701472334
3.1046430335E9	0.0
3.1046441315E9	0.0
3.1046452285E9	2.7557603686635943
3.1046463245E9	0.0
3.10464742E9	0.0
3.104648514E9	58.43898864052767
3.1046496055E9	0.0
3.104650695E9	0.0
3.104651783E9	0.0
3.10465287E9	0.0
3.104653956E9	56.34545923632611
3.104655041E9	58.39679358717435
3.104656126E9	22.00339558573854
3.10465721E9	0.0
3.1046582915E9	59.11764705882353
3.1046593715E9	0.9331026528258363
3.104660451E9	0.9118217054263565
3.10466153E9	0.0
3.104662609E9	0.0
3.104663686E9	30.6427570971452
3.1046647605E9	55.55290102389078
3.104665834E9	0.0
3.1046669055E9	0.0
3.1046679745E9	59.37855402112104
3.104669042E9	0.0
3.1046701085E9	9.022295081967213
3.1046711745E9	0.0
3.1046722405E9	43.02817538316833
3.104673305E9	40.19138755980861
3.104674368E9	48.79542719614922
3.104675431E9	32.77864706002826
3.1046764935E9	0.9279569892473118
3.1046775535E9	0.0
3.1046786105E9	58.43181818181818
3.1046796645E9	56.20897261604195
3.104680716E9	0.0
3.104681767E9	0.0
3.1046828175E9	0.0
3.1046838665E9	33.740530303030305
3.1046849135E9	0.0
3.1046859595E9	21.466666666666665
3.104687005E9	59.20041004613019
3.104688049E9	6.229106163278477
3.1046890895E9	0.0
3.1046901265E9	59.40920938314509
3.104691162E9	0.0
3.104692197E9	57.58983761131483
3.104693232E9	49.17299333526514
3.104694266E9	59.14146144529673
3.1046952985E9	0.916030534351145
3.10469633E9	0.0
3.1046973585E9	43.403683424589346
3.1046983845E9	59.240670632774474
3.1046994105E9	0.935659760087241
3.104700435E9	23.99524375743163
3.1047014575E9	58.901601830663616
3.1047024785E9	0.0
3.1047034985E9	0.0
3.1047045185E9	58.49377865094957
3.104705538E9	59.263803680981596
3.1047065565E9	45.48517449488323
3.1047075745E9	0.0
3.104708592E9	0.0
3.104709608E9	57.59440559440559
3.104710623E9	0.0
3.104711638E9	10.565292096219931
3.1047126525E9	0.0
3.1047136665E9	0.0
3.10471468E9	0.0
3.104715693E9	0.0
3.104716706E9	59.412244897959184
3.1047177185E9	56.082562277580074
3.10471873E9	0.0
3.104719741E9	0.0
3.104720751E9	30.6193245587185
3.1047217595E9	0.0
3.1047227675E9	0.9444444444444444
3.104723775E9	0.0
3.104724782E9	0.0
3.104725789E9	5.702333523050655
3.1047267955E9	0.0
3.104727801E9	0.0
3.104728805E9	0.0
3.104729807E9	58.18276762402089
3.1047308075E9	0.0
3.104740963E9	0.0
3.104756475E9	45.95653217099212
3.104767963E9	52.90018103013107
3.104778484E9	0.8998482549317147
3.1047881575E9	21.23300973918388
3.1047976135E9	55.59385224334775
3.1048068795E9	54.48833276969902
3.1048160235E9	55.07339314985765
3.104824959E9	31.349297798845214
3.1048336895E9	40.79395805133979
3.1048423175E9	5.179354838709678
3.1048506295E9	54.947307041480556
3.104858538E9	58.395667410003185
3.10486621E9	21.31561346793043
3.104873738E9	0.0
3.104881204E9	42.86911131745405
3.1048886055E9	56.20437842335159
3.104895888E9	51.43543909069305
3.1049030315E9	49.24575236857587
3.1049100215E9	36.64468933471476
3.104916928E9	29.67230710948352
3.1049238165E9	42.71527536680856
3.104930685E9	43.498012656941256
3.1049375335E9	52.9071612775243
3.1049443175E9	2.2374199821732437
3.1049510255E9	58.50662551379264
3.104957646E9	53.13549702764578
3.1049641205E9	7.934545387967336
3.104970491E9	3.2716238443650387
3.104976811E9	59.37566188972553
3.1049830915E9	44.64981753241711
3.104989311E9	48.83790596219099
3.104995483E9	46.7508792546271
3.1050016285E9	30.415205066695442
3.105007741E9	56.315122429168895
3.105013843E9	53.1378852253007
3.105019839E9	56.23799676995759
3.1050257E9	40.31961310969512
3.105031511E9	44.88429819458866
3.1050372955E9	0.9873323397913562
3.105043063E9	0.9840758633029164
3.1050488005E9	55.99731182795699
3.1050545125E9	58.043887001442734
3.1050601615E9	50.403301628949386
3.1050657395E9	55.62483554394753
3.1050713015E9	34.17816697137467
3.1050767895E9	16.528795418740152
3.105082186E9	40.359676901679684
3.1050875235E9	56.77566012815055
3.105092801E9	46.61990367929495
3.105098007E9	57.16492886213044
3.1051031505E9	56.587340871915224
3.1051082045E9	56.93812571803709
3.105113172E9	54.26437066402379
3.105118124E9	42.44043875946834
3.105123046E9	54.732716446283305
3.105127928E9	0.0
3.105132784E9	54.581118437450435
3.1051375455E9	51.19810879883169
3.105142205E9	38.97183494203565
3.1051468215E9	29.772542684111095
3.105151389E9	53.533342792281495
3.1051559265E9	50.19154721741252
3.105160444E9	51.001940316836546
3.105164943E9	55.58323288963421
3.1051694125E9	0.0
3.1051738415E9	44.52322564855604
3.105178253E9	20.877048959707157
3.1051826085E9	27.89869037874842
3.1051869095E9	55.196658696861704
3.105191198E9	55.372248541820504
3.105195423E9	40.21549893842887
3.105199594E9	44.2176006130064
3.1052037465E9	0.9608514803034011
3.105207865E9	49.956335762926464
3.10521196E9	0.0
3.105216012E9	57.90141770488489
3.1052200195E9	0.0
3.105224006E9	34.1102276270658
3.1052278585E9	57.23846962563423
3.105231579E9	47.512306610407876
3.1052352765E9	51.683531386371264
3.1052389575E9	56.89104330944563
3.105242632E9	47.34447494708606
3.1052463045E9	59.52180767209669
3.105249957E9	50.103369595619085
3.10525359E9	56.192296807406706
3.105257213E9	16.796400738616086
3.105260822E9	20.88271318229516
3.1052644205E9	54.0375440924807
3.1052680095E9	38.770733959070625
3.1052715945E9	5.265267175572519
3.105275175E9	55.60932894577462
3.105278732E9	29.772948908204366
3.1052822555E9	37.57095820907607
3.105285765E9	58.65595463137996
3.1052892635E9	44.015349217711425
3.105292744E9	22.49620893007582
3.105296203E9	0.0
3.105299639E9	53.99960749478381
3.10530305E9	55.81685003498638
3.105306431E9	54.82429531454172
3.105309783E9	53.88720984792029
3.1053131135E9	49.08839911361322
3.105316433E9	57.67933314297011
3.105319747E9	59.66737739872068
3.105323045E9	0.0
3.1053263115E9	7.782654792196777
3.10532956E9	0.9844606946983546
3.105332802E9	58.64318141963642
3.105336038E9	0.0
3.1053392555E9	54.8318819793054
3.105342453E9	57.239816578795796
3.105345638E9	27.10975454983882
3.1053488045E9	52.62750358603836
3.105351955E9	41.94617064575371
3.105355096E9	48.09022257551669
3.1053582345E9	59.569123040161514
3.1053613715E9	0.9711802378774016
3.1053645055E9	0.0
3.1053676375E9	35.04510259388308
3.105370751E9	57.8557523320265
3.1053738455E9	55.43035421656372
3.105376939E9	50.047908678982225
3.105380015E9	16.932597327135387
3.105383037E9	58.55998270768787
3.105386017E9	0.0
3.105388988E9	36.006570753158286
3.105391952E9	0.0
3.10539491E9	59.103433084741496
3.105397855E9	58.85426167383904
3.105400789E9	16.257300632935266
3.10540371E9	3.9325997248968365
3.1054066165E9	51.56444234106326
3.1054095145E9	57.63969371839108
3.1054124035E9	31.89649848359526
3.105415289E9	17.303954564577197
3.1054181705E9	5.6132518796992485
3.105421047E9	47.6945765230312
3.105423915E9	59.4331700489853
3.1054267735E9	47.97742261695392
3.1054296205E9	39.824228483802955
3.10543244E9	39.77725306036302
3.105435239E9	50.38421844355161
3.1054380315E9	59.294377067254686
3.105440812E9	42.521841356267785
3.105443576E9	59.59621136590229
3.1054463305E9	0.9552733296521259
3.105449079E9	57.053920672637545
3.105451813E9	37.16592635885447
3.1054545365E9	59.11620499402764
3.1054572385E9	33.160386555334206
3.105459914E9	59.86725663716814
3.10546258E9	21.601893166175913
3.1054652375E9	43.14853347576693
3.105467887E9	59.379191415980074
3.105470528E9	59.21845318860244
3.105473162E9	0.0
3.105475793E9	39.94293889761146
3.1054784135E9	42.28265921918638
3.105481019E9	28.853149632377292
3.1054836015E9	58.67468639085318
3.1054861625E9	54.65704117946111
3.105488716E9	55.626230661040786
3.105491267E9	21.596200325410262
3.1054938115E9	55.240542381276704
3.1054963495E9	58.983050847457626
3.105498881E9	1.2021395695982087
3.1055013925E9	12.429692214846108
3.1055038895E9	21.949334478316874
3.105506379E9	50.031650339110776
3.105508858E9	47.94965365771245
3.10551133E9	53.50117954603417
3.105513792E9	57.14366590948803
3.1055162415E9	59.57029177718833
3.105518682E9	46.45002152104096
3.105521118E9	50.044594727041066
3.105523549E9	53.04983399734396
3.105525972E9	50.18320698368941
3.105528388E9	35.148311722942566
3.1055308005E9	41.226260696186756
3.1055332065E9	41.48548787921414
3.105535606E9	45.89341838213975
3.1055380035E9	58.24760364938214
3.105540398E9	33.522187719122506
3.1055427875E9	58.726539108614446
3.1055451725E9	0.9553072625698324
3.1055475555E9	48.275414691943126
3.1055499375E9	46.49131636776069
3.105552312E9	37.62948840165237
3.1055546785E9	56.31691078561917
3.1055570425E9	52.38922208502381
3.105559404E9	45.37409638554217
3.105561761E9	48.82141703386874
3.105564112E9	22.51960719839496
3.1055664605E9	40.72350842834161
3.1055688045E9	50.47803127191716
3.105571144E9	0.0
3.1055734815E9	59.416058394160586
3.105575816E9	34.25763665594855
3.1055781475E9	0.0
3.105580476E9	45.79744325692058
3.1055827985E9	49.253203084832904
3.105585104E9	56.001974550241336
3.1055873965E9	58.0521520578071
3.105589686E9	49.82717781635711
3.1055919665E9	43.70537607583884
3.1055942405E9	43.76544568464078
3.105596511E9	56.26831370295892
3.1055987745E9	29.424296828246558
3.105601033E9	57.837545755621406
3.1056032815E9	51.93996018750401
3.105605521E9	38.17502223470486
3.1056077565E9	26.795031773541307
3.1056099875E9	38.147231270358304
3.1056122175E9	0.0
3.1056144435E9	0.0
3.1056166625E9	0.0
3.1056188775E9	30.300228941343647
3.1056210895E9	11.409820495773578
3.105623296E9	16.070085895680318
3.105625496E9	38.79756801679643
3.1056276925E9	49.835806627822286
3.1056298885E9	55.76529120930377
3.105632076E9	38.96290511518938
3.1056342545E9	42.82253808324337
3.1056364325E9	25.285954034492438
3.1056386075E9	0.0
3.1056407785E9	54.76426463693776
3.105642947E9	31.65369240479697
3.105645114E9	6.883398112159911
3.105647276E9	39.641156946420104
3.105649431E9	59.3574706782254
3.105651583E9	47.598837209302324
3.105653732E9	51.32759689922481
3.105655878E9	33.44707807190502
3.1056580215E9	28.54853072128228
3.1056601635E9	42.511091369895226
3.1056623025E9	18.492452561335007
3.1056644355E9	37.973597659442575
3.1056665645E9	38.201501382852626
3.1056686915E9	53.486787534068014
3.1056708175E9	0.0
3.10567294E9	44.607365315266094
3.105675053E9	35.47174447174447
3.105677152E9	54.91676260649321
3.105679241E9	32.87685141584978
3.1056813275E9	32.06845933796485
3.105683412E9	58.543775225085376
3.105685491E9	26.810275939567987
3.105687566E9	47.37779955207167
3.1056896395E9	46.90984808800419
3.1056917095E9	32.2594375287251
3.105693777E9	24.651287553648068
3.105695838E9	6.97008547008547
3.105697891E9	50.02878684030158
3.1056999415E9	46.025222289135286
3.105701983E9	48.899772533409156
3.1057040115E9	56.34894665083344
3.1057060315E9	0.0
3.105708045E9	21.08458128668983
3.105710055E9	39.324986390854654
3.105712061E9	38.471815446339015
3.105714063E9	26.810040164909896
