#Position (bp)	mapping quality
3882144.5	56.15692743165856
1.16464325E7	58.064995102105115
1.94107205E7	58.644787732016866
2.71750085E7	59.384753766565574
3.49392965E7	59.45344064945747
4.27035845E7	59.47077768811349
5.04678725E7	59.48529969140828
5.82321605E7	59.46005487206307
6.59964485E7	59.46988836542827
7.37607365E7	59.542779307996994
8.15250245E7	59.395379187161176
8.92893125E7	59.458134741619766
9.70536005E7	59.50242858452242
1.048178885E8	57.90250260841189
1.125821765E8	59.440292804390666
1.203464645E8	19.564707713064582
1.281107525E8	8.211312023285386
1.358750405E8	0.0
1.436393285E8	31.501432276588826
1.514036165E8	53.48665656529313
1.591679045E8	58.85790433168279
1.669321925E8	59.51622973289701
1.746964805E8	59.48321424965686
1.824607685E8	59.498268948685336
1.902250565E8	59.51228263385052
1.979893445E8	59.47654839490706
2.057536325E8	59.077676084438785
2.135179205E8	59.51235988265291
2.212822085E8	59.429556861641565
2.290464965E8	58.67790751458042
2.368107845E8	59.44548537305612
2.445750725E8	59.35237404123314
2.487068195E8	52.854456249814234
2.525889635E8	59.33043156585284
2.601036485E8	59.51096768463281
2.678679365E8	59.50251566623819
2.756322245E8	59.47090345496662
2.833965125E8	15.62633637212783
2.911608005E8	59.477928979848365
2.989250885E8	59.52748300508343
3.066893765E8	59.5188162349298
3.144536645E8	59.49084737639667
3.222179525E8	59.44800132546527
3.299822405E8	59.57276003652668
3.377465285E8	40.71000195631104
3.455108165E8	52.1311054263112
3.532751045E8	59.27597012899677
3.610393925E8	54.289445532817325
3.688036805E8	59.50148911913195
3.765679685E8	57.96238757534948
3.843322565E8	59.354829642860224
3.920965445E8	59.53940189586546
3.998608325E8	59.47767839493962
4.076251205E8	59.537420783567796
4.153894085E8	59.4817266966388
4.231536965E8	59.48603910957169
4.309179845E8	59.581453004146915
4.386822725E8	59.53422933010727
4.464465605E8	59.46351480540337
4.542108485E8	59.42812403977349
4.619751365E8	59.48180065280185
4.697394245E8	59.46080081424741
4.775037125E8	59.39838427668291
4.852680005E8	59.44837216486743
4.90150048E8	59.0221254822831
4.94032192E8	59.3289706634983
5.007965765E8	59.470306342581374
5.085608645E8	59.537828258129394
5.163251525E8	59.51231859301512
5.240894405E8	59.49573343617055
5.318537285E8	59.49609384928696
5.396180165E8	59.3922209899333
5.473823045E8	59.52010788826223
5.551465925E8	59.52043904395598
5.629108805E8	59.3884109779009
5.706751685E8	59.34304556683398
5.784394565E8	54.82132746361157
5.862037445E8	43.222422186287126
5.939680325E8	59.47965017089712
6.017323205E8	59.54337798652305
6.094966085E8	59.52701386488663
6.172608965E8	59.40774887264904
6.250251845E8	59.45169278200069
6.327894725E8	59.52029677509193
6.405537605E8	59.50225209909293
6.483180485E8	59.5454980522415
6.560823365E8	59.531287968447955
6.638466245E8	59.51843347028979
6.716109125E8	59.49907674478726
6.793752005E8	59.29339690989275
6.863514275E8	58.4247296285709
6.902335715E8	57.482116296463246
6.949037765E8	57.21795860545043
7.026680645E8	59.17706947742373
7.104323525E8	59.36148344675338
7.181966405E8	59.498081267473786
7.259609285E8	59.51426422849642
7.337252165E8	59.53325010011769
7.414895045E8	32.589280004027415
7.492537925E8	59.4611661999797
7.570180805E8	59.48686516744717
7.647823685E8	59.48552161212214
7.725466565E8	59.450828780346704
7.803109445E8	59.5088084528162
7.880752325E8	59.52060082597479
7.958395205E8	59.46743296415855
8.036038085E8	59.509481530983926
8.113680965E8	59.50567768240897
8.191323845E8	59.39821023370406
8.268966725E8	59.44290684410685
8.346609605E8	59.49971824614304
8.424252485E8	59.50466786355346
8.501895365E8	59.47703584657014
8.579538245E8	59.436263105046294
8.657181125E8	59.50144913071183
8.734824005E8	59.42582783523358
8.78512305E8	56.322336579676865
8.82394449E8	59.27659653880927
8.890109765E8	59.48206779508523
8.967752645E8	58.896712543397996
9.045395525E8	59.43813634801565
9.123038405E8	59.37820346095839
9.200681285E8	59.513095800231305
9.278324165E8	43.48905687886986
9.355967045E8	59.50314038222502
9.433609925E8	59.53756738279279
9.511252805E8	50.16811187494317
9.588895685E8	59.45551782611041
9.666538565E8	59.53174813207758
9.744181445E8	59.52472096980165
9.821824325E8	59.374245794765145
9.899467205E8	59.5102813359284
9.977110085E8	59.52139830299778
1.0054752965E9	59.51498879655933
1.0132395845E9	59.469849646550415
1.0210038725E9	59.47938401045704
1.0287681605E9	59.43851077079165
1.0365324485E9	59.47543847439923
1.0442967365E9	59.515662966405394
1.0520610245E9	59.000323462681465
1.0585707465E9	57.48084749941397
1.0624528905E9	59.06503476412376
1.0675896005E9	59.47758265248041
1.0753538885E9	59.46410888598502
1.0831181765E9	59.424818870000955
1.0908824645E9	57.99833528393612
1.0986467525E9	59.468574269548284
1.1064110405E9	59.481237062541446
1.1141753285E9	59.547839072303596
1.1219396165E9	42.09305360773463
1.1297039045E9	59.499812827657486
1.1374681925E9	59.485196041171605
1.1452324805E9	59.45977056646653
1.1529967685E9	59.53826899750885
1.1607610565E9	59.48522466640868
1.1685253445E9	59.47480715257329
1.1762896325E9	59.51998754913923
1.1840539205E9	59.558587497869546
1.1918182085E9	59.459487439149285
1.1995824965E9	59.523241711908874
1.2073467845E9	59.54561888324735
1.2151110725E9	59.464037045422344
1.2228753605E9	59.013280314079644
1.229380904E9	58.845059646847325
1.233263048E9	59.01400657699033
1.2384039365E9	58.89028094315932
1.2461682245E9	59.5075423781296
1.2539325125E9	59.45542712539658
1.2616968005E9	59.37453398098864
1.2694610885E9	59.4933028809833
1.2772253765E9	59.47316783056891
1.2849896645E9	59.190052041239646
1.2927539525E9	26.807379935488864
1.3005182405E9	58.458689614967504
1.3082825285E9	55.972097879680476
1.3160468165E9	59.550935762880954
1.3238111045E9	59.51553644044678
1.3315753925E9	57.134086029362976
1.3393396805E9	59.50734460525895
1.3471039685E9	59.531912528021934
1.3548682565E9	59.528808717317716
1.3626325445E9	59.46135935084767
1.3703968325E9	59.4562086125523
1.3781611205E9	57.2183231040451
1.3859254085E9	59.21588184915803
1.3905789145E9	59.01866392111529
1.3944610585E9	57.52130024144051
1.4014539845E9	53.4225235415931
1.4092182725E9	59.4963350277295
1.4169825605E9	59.47458170590999
1.4247468485E9	59.49944883984386
1.4325111365E9	47.18228163631998
1.4402754245E9	54.08222792124642
1.4480397125E9	59.4737878482897
1.4558040005E9	59.507767819592765
1.4635682885E9	59.4317089558438
1.4713325765E9	59.509180023413634
1.4790968645E9	54.327996353227626
1.4868611525E9	59.489763156311234
1.4946254405E9	59.515756660928744
1.5023897285E9	59.543046777527294
1.5101540165E9	59.53317742576315
1.5179183045E9	59.394435356838905
1.5256825925E9	59.48332307397794
1.5330268245E9	59.35105143398223
1.5369089685E9	57.976694153241155
1.5412111685E9	59.52494630122161
1.5489754565E9	59.53103485395831
1.5567397445E9	59.50758116581681
1.5645040325E9	59.52496319924232
1.5722683205E9	57.092895345163114
1.5800326085E9	28.836972380221784
1.5877968965E9	0.0
1.5955611845E9	18.34765001384524
1.6033254725E9	39.527389617748675
1.6110897605E9	59.481153530736044
1.6188540485E9	59.34876691584124
1.6266183365E9	59.415906008199165
1.6343826245E9	59.405901781088026
1.6421469125E9	59.4936545948778
1.6499112005E9	59.29614184373332
1.6576754885E9	59.498343351212206
1.6654397765E9	59.370489420417165
1.672102775E9	58.525981178949245
1.675984919E9	57.940525730219214
1.6809683525E9	59.40219292767463
1.6887326405E9	59.472593994425594
1.6964969285E9	59.494399519223485
1.7042612165E9	59.34470150951877
1.7120255045E9	46.60125720538019
1.7197897925E9	42.63081863138217
1.7275540805E9	59.38111236012296
1.7353183685E9	59.53024611979221
1.7430826565E9	59.467201472071444
1.7508469445E9	59.414114689003625
1.7586112325E9	58.99314834714493
1.7663755205E9	59.48378335583567
1.7741398085E9	59.450444667060545
1.7819040965E9	59.47831985575746
1.7896683845E9	59.531620714683356
1.7974326725E9	59.47837230499768
1.804997934E9	57.98840563017792
1.808880078E9	42.91570912906736
1.8129612485E9	58.8518572918655
1.8207255365E9	59.4874918629345
1.8284898245E9	59.50010641012668
1.8362541125E9	59.476297055313026
1.8440184005E9	59.521148274871024
1.8517826885E9	59.525182734913436
1.8595469765E9	32.18723884696409
1.8673112645E9	59.398213068557446
1.8750755525E9	59.36504955102167
1.8828398405E9	59.4567542855233
1.8906041285E9	59.530980077106115
1.8983684165E9	58.332883376065915
1.9061327045E9	59.494531777223465
1.9138969925E9	59.45804907692286
1.9216612805E9	59.515540596134095
1.9294255685E9	59.480900560084294
1.9371898565E9	59.529145324859016
1.942419837E9	59.484760457751
1.946301981E9	59.226610588599826
1.9527184325E9	59.29618591768219
1.9604827205E9	59.52699343898908
1.9682470085E9	59.52397527726936
1.9760112965E9	44.13492266779954
1.9837755845E9	50.875607344367005
1.9915398725E9	59.47464158410083
1.9993041605E9	59.47573781228984
2.0070684485E9	59.442273152728404
2.0148327365E9	59.471132069862264
2.0225970245E9	59.53208951285665
2.0303613125E9	59.53014902960542
2.0381256005E9	59.43716349739396
2.0458898885E9	59.486396504204976
2.0536541765E9	59.4227846516825
2.0614184645E9	59.466519244383164
2.0691827525E9	59.387646748235596
2.0750539395E9	59.27515068214027
2.0789360835E9	0.0
2.0847113285E9	0.0
2.0924756165E9	7.817938946878604
2.1002399045E9	59.465621885179296
2.1080041925E9	59.440925201216444
2.1157684805E9	59.48810113663788
2.1235327685E9	59.45827307514354
2.1312970565E9	59.22602738865434
2.1390613445E9	59.47454492931466
2.1468256325E9	59.521549241620946
2.1545899205E9	59.54149128089221
2.1623542085E9	59.53171730913906
2.1701184965E9	59.53082432925338
2.1778827845E9	59.490374879529675
2.1856470725E9	59.38144157773431
2.1904682635E9	59.125703236432976
2.1943504075E9	0.0
2.2011756485E9	0.0
2.2089399365E9	41.11628168969005
2.2167042245E9	59.46993720611856
2.2244685125E9	59.47617078935764
2.2322328005E9	59.45783898285123
2.2399970885E9	59.496641367930955
2.2477613765E9	59.51767080545494
2.2555256645E9	59.485997227519675
2.2632899525E9	59.43818317287666
2.2710542405E9	59.49703834621454
2.2788185285E9	59.50906335652955
2.2865828165E9	59.49332004961877
2.2943471045E9	59.276191464903306
2.2983401385E9	59.514070280957746
2.3022222825E9	0.0
2.3098756805E9	0.0
2.3176399685E9	20.216199869926356
2.3254042565E9	55.993090018282246
2.3331685445E9	57.29688831398516
2.3409328325E9	59.13970618762151
2.3486971205E9	59.49618710277659
2.3564614085E9	59.47628373016499
2.3642256965E9	57.62147133205316
2.3719899845E9	59.00389826480929
2.3797542725E9	58.02410667492463
2.3875185605E9	59.29933197465694
2.3952828485E9	59.47931333658504
2.399803605E9	57.03817647539228
2.403685749E9	58.93629250984826
2.4108114245E9	59.46703243165349
2.4185757125E9	53.317585277045715
2.4263400005E9	55.95479715650876
2.4341042885E9	39.383035591332124
2.4418685765E9	1.5860714385468229
2.4496328645E9	52.576980520748734
2.4573971525E9	59.4666066511076
2.4651614405E9	59.51287700997188
2.4729257285E9	58.939621085638116
2.4806900165E9	59.45879936890164
2.4876763615E9	58.348003857405274
2.4915585055E9	58.37605659242409
2.4962185925E9	59.23507941012647
2.5039828805E9	59.35437844699143
2.5117471685E9	43.12309811765874
2.5195114565E9	47.61873403460276
2.5272757445E9	55.93675045386227
2.5350400325E9	56.303070470942096
2.5428043205E9	59.51796835259511
2.5505686085E9	59.37348574196897
2.5583328965E9	59.34023891506544
2.5660971845E9	59.36683967549562
2.572008666E9	58.93646040991149
2.57589081E9	58.30650219569716
2.5816257605E9	59.47730722096374
2.5893900485E9	27.094169689848147
2.5971543365E9	51.97640425171702
2.6049186245E9	59.53338410961446
2.6126829125E9	59.521208914186595
2.6204472005E9	59.42090826612732
2.6282114885E9	59.502892816687684
2.6359757765E9	59.53546099818616
2.6437400645E9	59.53177405882363
2.6510167485E9	59.333878170675156
2.6548988925E9	46.963521272288354
2.6592686405E9	59.10228223537613
2.6670329285E9	58.211430052282495
2.6747972165E9	59.323067896209814
2.6825615045E9	58.1597728269503
2.6903257925E9	57.0192871489644
2.6980900805E9	59.32886177944518
2.7058543685E9	58.239479769724404
2.7113827085E9	59.363630420243396
2.7152648525E9	59.287372846401574
2.7213829445E9	59.51878598803369
2.7291472325E9	59.503835308311196
2.7369115205E9	40.92292801570959
2.7446758085E9	46.36133861710437
2.7524400965E9	59.48009331584425
2.7602043845E9	59.42340542726321
2.7679686725E9	59.45232254142247
2.774661944E9	59.22827089809284
2.778544088E9	0.0
2.7834972485E9	24.921101329263777
2.7912615365E9	55.27822342732807
2.7990258245E9	59.56782663601692
2.8067901125E9	59.52039445487932
2.8145544005E9	59.20325957189534
2.8213097995E9	57.22156123610127
2.8251919435E9	0.0
2.8300829765E9	0.0
2.8378472645E9	39.99726778582513
2.8456115525E9	55.251303262166005
2.8533758405E9	59.46589693527905
2.8611401285E9	59.4015073497378
2.8689044165E9	59.403917497821766
2.8738940415E9	58.9622312066147
2.8777761855E9	57.707722361293996
2.8844329925E9	59.423177397464194
2.8921972805E9	59.52102460182624
2.8999615685E9	59.53027159519334
2.9077258565E9	59.54978133599903
2.9154901445E9	59.482615109006666
2.9232544325E9	57.44650525298525
2.9310187205E9	47.02789910568463
2.9387830085E9	40.79116677245253
2.9465472965E9	57.05156376846883
2.9543115845E9	59.49177837288545
2.9620758725E9	59.421369207004496
2.9698401605E9	59.375573464294924
2.9776044485E9	57.478134310459176
2.9853687365E9	59.52662205144352
2.9931330245E9	57.933392685593574
3.0008973125E9	59.509959967748834
3.0086616005E9	58.4939363840938
3.0164258885E9	57.88292536288879
3.0241901765E9	58.69076951545123
3.029557369E9	55.66414461258301
3.033439513E9	35.54800712767811
3.0397187525E9	19.123136785273424
3.0474830405E9	5.118309120659573
3.0552473285E9	6.022451246987507
3.0630116165E9	0.0
3.0707759045E9	0.0
3.0785401925E9	0.0
3.0853460845E9	48.84870056395683
3.088278117E9	59.283491049364116
3.088373929E9	49.80990709412716
3.0884774725E9	45.821232882442004
3.0885573295E9	57.20296814519834
3.0886546005E9	31.436904954866517
3.0887081185E9	26.72135398948002
3.0887493115E9	40.562963687559986
3.088858438E9	37.031253478783974
3.088966832E9	57.37474437467353
3.089008063E9	46.8030701947224
3.089109657E9	9.67680276790722
3.089267292E9	22.453750220322387
3.08942189E9	11.469127106528019
3.089604443E9	42.444213413780965
3.089755642E9	50.60385950879659
3.0898220175E9	20.47260301099543
3.0898610755E9	19.54849372561138
3.089968525E9	35.260768486551555
3.0900764725E9	38.688190881037286
3.090141311E9	6.693550756351643
3.090191469E9	0.45372634830737546
3.090297168E9	40.937827779472684
3.090503609E9	29.98761259187227
3.0907062205E9	55.87781466665947
3.09089898E9	40.65477596791048
3.091013772E9	52.955523811339965
3.091052607E9	57.5070804379036
3.0911587895E9	48.87814788471338
3.091267064E9	58.74462615397169
3.0915130575E9	11.035176954956789
3.092673561E9	19.266341771845106
3.093702736E9	45.628001806898176
3.093935951E9	39.81895980839298
3.094132646E9	33.29154034528332
3.0942642985E9	21.901317636506793
3.094360447E9	54.24029270097005
3.0944711045E9	18.739321286900022
3.0946435155E9	21.8082765987492
3.094747446E9	39.84231985215439
3.0948598115E9	14.30513627386874
3.0950026905E9	37.50585445541805
3.095104297E9	43.11096265324595
3.095190977E9	21.88642420550061
3.0952465895E9	0.0
3.0952663465E9	0.9897959183673469
3.095268566E9	10.185343198142247
3.0952706195E9	8.301098021274163
3.0952723265E9	0.987012987012987
3.0952838005E9	11.476050700466978
3.0952967465E9	33.504526268284266
3.095299555E9	2.9784925950382037
3.0953008775E9	3.4168336673346693
3.0953027375E9	1.2104541559554414
3.0953043745E9	1.2650415941187851
3.095311073E9	4.606270086713965
3.0953361175E9	1.8464958712682618
3.095355552E9	0.0
3.0953574645E9	1.746038841702677
3.095360032E9	0.0
3.095361791E9	4.274934725848564
3.095363378E9	14.715618033756426
3.095365611E9	25.64926781061899
3.0953678415E9	0.0
3.095369933E9	51.09071373752878
3.095371677E9	20.851823708206688
3.09537289E9	8.219650205761317
3.0953743225E9	1.0
3.095375945E9	38.14705882352941
3.095572656E9	47.47341140027644
3.095769303E9	46.98152958032056
3.0957708065E9	22.13293601930749
3.0957736535E9	53.641338219570365
3.095822105E9	49.61523810500921
3.095924849E9	22.631426300254528
3.095983129E9	57.13004608467943
3.095986364E9	21.888541457591668
3.0959887305E9	22.849426751592357
3.0959909825E9	29.442876851393915
3.095993051E9	37.083404189533894
3.0959946765E9	53.82238169566376
3.096006671E9	43.245957929682554
3.0960870785E9	42.86466682631194
3.0961589785E9	54.90400773040222
3.096165879E9	55.977221645500435
3.096173123E9	53.211713865151204
3.09617898E9	47.357973899834285
3.096183283E9	44.8366770818195
3.096185859E9	36.927638319672134
3.0961883E9	20.660909523054983
3.0961908755E9	18.60784576248494
3.096192456E9	0.0
3.096238607E9	48.43018022117599
3.0962848625E9	2.8424107142857142
3.096286263E9	0.0
3.0962877625E9	29.778685480876344
3.096289947E9	33.153004306997104
3.096292208E9	2.473021582733813
3.0962965075E9	6.669342174140638
3.096315547E9	22.596138135194103
3.0963533005E9	40.775438337828895
3.09637788E9	47.7236821465546
3.096382479E9	48.93374975918434
3.0963879875E9	27.553756900907644
3.0963943185E9	46.409138968945584
3.096398918E9	10.367109985222715
3.0964033365E9	40.01098260968402
3.0964070605E9	44.11654493489997
3.0964084065E9	0.0
3.0964096105E9	0.0
3.096411644E9	20.942085351778832
3.0964135175E9	0.0
3.0964147555E9	0.0
3.0964161835E9	0.0
3.0964174105E9	20.081313448629345
3.096418484E9	25.950141541405845
3.096419946E9	0.0
3.096422275E9	0.0
3.0964254675E9	0.0
3.0964313925E9	7.333917616126205
3.0964360765E9	0.0
3.096437123E9	0.0
3.0964382945E9	0.0
3.096440137E9	0.9894179894179894
3.096442099E9	5.995863106430989
3.096443439E9	3.059942363112392
3.0964449505E9	8.004892633867899
3.0964464985E9	6.122883530015392
3.0964475915E9	0.0
3.0964489705E9	0.8907103825136612
3.0964506065E9	0.9867416633186018
3.0964522235E9	12.51981981981982
3.0964537525E9	1.6942336874051593
3.0964552355E9	7.63408010862186
3.09645655E9	0.9833679833679834
3.0964580005E9	7.948571428571428
3.0964594605E9	0.9809069212410502
3.096462063E9	13.095739471106759
3.0964647385E9	0.0
3.0964666345E9	0.0
3.0964687875E9	0.0
3.096470338E9	0.0
3.0964722525E9	0.0
3.096474844E9	0.9790209790209791
3.0964802425E9	58.201642831058344
3.0964880595E9	58.63661506634644
3.0965833285E9	37.72925608953341
3.0967643755E9	56.77308743410993
3.0969348755E9	16.596512361157643
3.097105623E9	42.99558642064347
3.0972741855E9	17.181450824769744
3.0973604055E9	6.675564335026797
3.097450029E9	16.2933372487004
3.0976374775E9	29.50799223463476
3.0978270425E9	38.34402667588927
3.0979310955E9	52.83823293459077
3.097952041E9	59.66053748231966
3.0979864125E9	56.45459212141502
3.098119023E9	17.869588115260076
3.098265051E9	23.30511178444098
3.098391091E9	55.68856930585199
3.0985448955E9	43.32338998526286
3.0986946915E9	37.10931068433675
3.098783935E9	0.0
3.0988292795E9	32.779335593640326
3.098880847E9	23.81071392533052
3.098919304E9	53.557086842824
3.0989774605E9	34.797950050401475
3.099052881E9	41.8244902246671
3.0991573655E9	36.24383612375922
3.099319594E9	31.838831463723906
3.0995012675E9	21.062799388691555
3.099670145E9	41.489756103058504
3.09983663E9	0.9711286089238845
3.0999236415E9	0.0
3.099926258E9	23.54445532702144
3.0999293305E9	42.97285914833879
3.0999317075E9	38.45855379188713
3.099933225E9	59.523809523809526
3.099934473E9	19.928909952606634
3.099935544E9	0.0
3.099936873E9	59.70333262275279
3.0999392435E9	59.76023744600758
3.0999417715E9	59.00006352298473
3.099944294E9	58.067796610169495
3.099947122E9	0.0
3.099949542E9	30.26749917844233
3.099951465E9	0.5841584158415841
3.0999532635E9	0.0
3.0999548975E9	0.0
3.099956276E9	0.0
3.0999589355E9	58.058200482434664
3.099961492E9	0.0
3.0999627755E9	0.0
3.099966206E9	52.29149640318393
3.099971928E9	0.0
3.0999763185E9	59.43272707792034
3.0999787225E9	0.0
3.099980804E9	0.0
3.099982934E9	11.172002978406553
3.0999846185E9	38.53731656184486
3.0999859675E9	53.89563606422396
3.099987108E9	0.0
3.0999883185E9	30.19626168224299
3.099989888E9	0.0
3.0999934275E9	59.03549908824229
3.099997199E9	32.85583280017061
3.0999989405E9	0.9878706199460916
3.100000503E9	27.92156862745098
3.100002242E9	6.942654639175258
3.100004537E9	43.18603747936693
3.100007437E9	50.498126702997276
3.1000093805E9	0.0
3.1000104305E9	0.0
3.100011833E9	6.909090909090909
3.1000136915E9	25.69321533923304
3.1000154645E9	30.803059273422562
3.100017134E9	23.783661971830988
3.1000187915E9	35.96162402669633
3.100020568E9	58.14655172413793
3.1000221625E9	43.97617471872932
3.1000236955E9	45.55216284987277
3.1000264625E9	55.82183264654741
3.100029677E9	57.43727333781061
3.100031578E9	0.0
3.1000326205E9	0.0
3.100033658E9	0.0
3.100035464E9	52.25794100614827
3.1000409715E9	40.25205336897803
3.1000479435E9	29.657424329541254
3.100051797E9	44.46820610029295
3.100053416E9	60.0
3.10005829E9	54.645432548978874
3.1000639665E9	43.502913169579834
3.1000665115E9	33.705414770025136
3.100068816E9	53.684048133292194
3.100070957E9	50.025715549377644
3.1000725955E9	0.0
3.10007379E9	43.00225200362087
3.1000757855E9	59.60715426381348
3.1000785755E9	59.35365827622281
3.1000897445E9	59.46843049354034
3.1001009405E9	59.92936660268714
3.1001076425E9	59.79996181852892
3.1001174535E9	0.0
3.10012562E9	59.643230483898165
3.1001304845E9	58.683983347940405
3.1001326025E9	46.25359370762137
3.100134138E9	1.1019283746556474
3.100136976E9	59.59257677662717
3.1001412695E9	59.37325738938211
3.1001454075E9	0.0
3.1001489115E9	0.0
3.1001523505E9	59.78462905375389
3.1001553555E9	48.76470588235294
3.1001569595E9	42.4619335347432
3.1001596515E9	58.94154359278865
3.100164687E9	59.52457302195887
3.100169456E9	59.85724455768294
3.100173756E9	58.70220111352797
3.100178605E9	0.0
3.100182461E9	59.7869597127725
3.1001845245E9	1.112952731737262
3.100186698E9	56.43919025778902
3.1001901715E9	59.8023823900752
3.1001926785E9	47.04365519792823
3.1001942255E9	0.0
3.100196577E9	58.198903932946486
3.100199826E9	59.58039052762775
3.1002050385E9	59.81503293635213
3.1002116325E9	59.58383007050138
3.100215983E9	59.73975328292877
3.100218536E9	0.0
3.1002222875E9	0.0
3.100226716E9	0.0
3.100230998E9	59.73130223209563
3.10023432E9	55.05041068847605
3.100237109E9	54.437182904806946
3.100241596E9	59.578088245776605
3.1002465235E9	59.824776590152446
3.100249222E9	0.0
3.1002504975E9	59.40266503293
3.1002526125E9	50.193399956862464
3.1002555955E9	59.17472226229981
3.1002585615E9	59.67609586690088
3.1002608765E9	58.04110318389948
3.100264232E9	59.694883429823186
3.1002683515E9	0.0
3.1002730005E9	58.9550428021258
3.100276567E9	0.0
3.1002785615E9	59.75680073073959
3.1002805655E9	40.51876804619827
3.1002818545E9	0.0
3.100283864E9	0.0
3.100286221E9	0.0
3.1002886105E9	41.781342740355
3.100297238E9	59.707768609175254
3.100308266E9	59.73043729937378
3.1003148695E9	0.0
3.1003201675E9	59.310356766024796
3.100323191E9	45.41188630490956
3.100327556E9	59.297937158308635
3.1003361335E9	59.55980736266427
3.100341505E9	37.10592917188338
3.100343284E9	59.192688534292415
3.1003451525E9	59.69240048250904
3.10034797E9	59.881951731374606
3.1003522945E9	59.61622530898396
3.1003595775E9	59.14815389834797
3.100367519E9	59.57752174782792
3.1003726985E9	58.962922092253365
3.1003758895E9	59.457392838761855
3.1003787135E9	0.0
3.1003813635E9	0.0
3.100384543E9	59.583337181061786
3.100388122E9	11.117609035857658
3.100390936E9	59.65922879000404
3.1003962175E9	58.43906061562619
3.1004020815E9	57.680670217149135
3.1004062135E9	44.79950617283951
3.100409423E9	58.4375
3.1004119315E9	59.5297062310631
3.100414125E9	59.942487929565466
3.100417918E9	58.966368151019445
3.100423028E9	59.199732174171814
3.1004269835E9	59.66975085220916
3.1004299135E9	0.0
3.100431937E9	0.0
3.100433132E9	0.0
3.100434876E9	0.0
3.1004377605E9	57.326242958608866
3.1004408225E9	56.80810157816275
3.1004441155E9	0.0
3.1004490815E9	58.311784620344994
3.100453243E9	59.48711239042261
3.1004556705E9	59.08416082554517
3.1004587745E9	59.27091707377404
3.100461398E9	38.7906976744186
3.100462798E9	37.07024927160894
3.1004649905E9	58.0026898801203
3.100471036E9	0.0
3.1004779445E9	59.84242749469473
3.1004820575E9	51.13644637356483
3.100486718E9	59.21184223450518
3.1004910255E9	0.0
3.10049749E9	0.0
3.1005038655E9	0.0
3.1005113075E9	0.0
3.100520375E9	59.53534051162472
3.100524579E9	58.1537146199883
3.100528576E9	59.67965562523261
3.100533401E9	59.393265845070424
3.1005371995E9	58.544693912914326
3.100540127E9	0.0
3.100544135E9	0.0
3.1005486665E9	59.58780241652883
3.1005512115E9	54.88938464398587
3.100552639E9	42.964200969772
3.1005539095E9	40.275820170109355
3.1005560785E9	52.21772559613486
3.100558656E9	58.781007295834314
3.100561947E9	57.44193732360382
3.10056789E9	0.0
3.100573138E9	0.0
3.100576513E9	59.550111502537085
3.100580371E9	59.1976346600749
3.100591292E9	24.436467734525266
3.100602639E9	59.11580850048954
3.100606305E9	59.97050147492625
3.100608874E9	59.96810368832747
3.1006116575E9	59.44123620203565
3.1006156585E9	0.0
3.100620518E9	0.0
3.1006254325E9	59.456702455428015
3.1006312815E9	0.0
3.1006367155E9	58.54644392948962
3.100640534E9	59.173195686238365
3.100643878E9	57.81305835076882
3.100647993E9	0.0
3.1006508345E9	60.0
3.100653317E9	59.90809045833837
3.1006563755E9	59.973591549295776
3.1006598935E9	59.968498848996404
3.1006649805E9	59.99434349147988
3.1006712605E9	59.96533795493934
3.1006757165E9	0.0
3.100677201E9	12.895583864118896
3.10067847E9	40.366613276383696
3.100683289E9	59.89457802118524
3.1006885805E9	59.74231530183854
3.100691006E9	58.48916329843099
3.1006942785E9	0.0
3.1006969395E9	0.0
3.1006991355E9	49.946832244711445
3.1007016905E9	19.253160232319782
3.100704182E9	58.77261998426436
3.100706833E9	48.24818043658909
3.100708945E9	0.0
3.100712266E9	0.0
3.10071577E9	59.93871297242084
3.100717503E9	55.42514506769826
3.100719116E9	59.95625865714077
3.1007206285E9	0.0
3.1007221265E9	0.0
3.100724699E9	59.95324675324675
3.1007268945E9	0.0
3.1007289465E9	0.0
3.1007309285E9	0.0
3.1007330965E9	59.52842949190891
3.1007392415E9	59.45013219328346
3.1007470865E9	58.70933411966545
3.1007528755E9	0.0
3.1007561985E9	58.949526554137506
3.1007588475E9	59.888908797706506
3.100761762E9	38.738198757763975
3.1007635275E9	0.0
3.100764747E9	29.952216133064127
3.1007667445E9	21.97172985187045
3.1007691425E9	58.950819672131146
3.100772442E9	0.0
3.100775528E9	57.44134344735461
3.100781116E9	58.86983573700493
3.10079114E9	59.874834381078564
3.100797975E9	59.93186463774699
3.1008007345E9	59.840328467153284
3.100804877E9	59.492453206610435
3.100809349E9	0.0
3.1008114985E9	0.0
3.1008137425E9	12.388185883490452
3.1008164375E9	2.2792117350718626
3.100825815E9	10.36120011093085
3.100837982E9	5.710033123014961
3.100842972E9	57.45279615153337
3.1008451085E9	57.0777027027027
3.10084822E9	56.65070620054092
3.1008510465E9	59.20062695924765
3.100852321E9	58.88475836431227
3.1008571395E9	59.76479921192916
3.1008619615E9	0.0
3.1008648315E9	58.133810698672406
3.100868278E9	55.50612374022687
3.100873156E9	58.2211980434088
3.1008795525E9	48.66525552009767
3.100884274E9	50.13185810784244
3.10088846E9	13.388424202612947
3.1008916615E9	7.4811491538764265
3.10089384E9	36.0093926111459
3.1008970555E9	59.00579787121826
3.1008998325E9	35.957175925925924
3.100902708E9	46.69368595478204
3.1009063655E9	54.544829386198835
3.1009089965E9	51.932036098701765
3.1009125255E9	45.06961432175898
3.1009156975E9	55.19817967095618
3.100917935E9	53.452776736663324
3.1009210515E9	55.112757890728254
3.1009240305E9	50.75874431564448
3.100926116E9	47.02944269190326
3.1009275335E9	32.92036828444096
3.100928649E9	36.86095806550352
3.1009304855E9	49.18441766508777
3.100935775E9	59.97783025687985
3.1009404825E9	0.0
3.1009433075E9	53.715852603842514
3.100962012E9	11.83087532146853
3.100979643E9	17.414006107717935
3.1009826315E9	52.075956359618836
3.100986095E9	54.013086313275394
3.100988659E9	37.84237510432813
3.1009913515E9	57.31264439515756
3.100994484E9	37.835087197411966
3.100999235E9	36.65924639917696
3.1010045095E9	52.60525827654341
3.101007663E9	53.971932114882506
3.101009454E9	30.349083215796895
3.1010139635E9	59.2871373730502
3.10102777E9	59.66948428150822
3.101038557E9	54.42113287205348
3.1010399745E9	0.0
3.10104147E9	5.902912621359223
3.101043057E9	0.0
3.101044461E9	0.0
3.101046252E9	0.0
3.101048543E9	59.53479412472911
3.101051444E9	59.64338781575037
3.101053714E9	0.0
3.101055658E9	0.0
3.1010593945E9	0.0
3.1010636115E9	59.60943421463284
3.101066684E9	57.18319746376812
3.101069485E9	0.0
3.10107171E9	0.0
3.1010747125E9	59.68582927854869
3.101082788E9	59.620895147884454
3.1010891985E9	56.05023270743059
3.101090371E9	0.0
3.101091454E9	0.0
3.1010926105E9	0.0
3.101093789E9	0.0
3.101094954E9	0.0
3.1010960955E9	1.0
3.1010976565E9	59.49853955627369
3.1010992105E9	52.030407911001234
3.1011004015E9	0.9957627118644068
3.101103073E9	59.714120704591394
3.101108811E9	0.0
3.1011134185E9	59.36675461741425
3.1011171035E9	59.372305357669774
3.1011208445E9	24.6049265750829
3.1011223705E9	59.6568093385214
3.1011236055E9	59.40246849082479
3.101126918E9	59.98071411351887
3.101130602E9	52.68649613325402
3.1011321595E9	0.0
3.101133927E9	42.91827637444279
3.1011356635E9	0.0
3.1011368845E9	58.45377258235919
3.1011381815E9	0.0
3.10113931E9	53.22509631260319
3.1011404165E9	0.0
3.101141667E9	59.67992512868507
3.101143503E9	55.195221515187896
3.1011454715E9	57.65179845310505
3.101147397E9	59.21421287102142
3.1011501335E9	36.6748987854251
3.101157518E9	58.38142761111891
3.1011645045E9	59.08853003877596
3.1011668885E9	25.92816906639595
3.1011686545E9	58.19025522041763
3.1011709785E9	51.31694915254237
3.101173445E9	0.0
3.101205684E9	41.625986368522646
3.1012403025E9	46.11239374540875
3.1012453615E9	51.51214079367493
3.1012505225E9	57.255151047019595
3.1012614495E9	38.86875108517089
3.1012739195E9	49.71845418704704
3.101281912E9	58.02149150369775
3.1012871705E9	53.98700142233677
3.101295694E9	53.03963948662718
3.1013044905E9	53.20843930817117
3.1013083555E9	48.447156217662105
3.1013114625E9	51.9113438902301
3.101316135E9	48.809550271900925
3.1013198035E9	33.21604668125456
3.101320917E9	0.0
3.101322018E9	58.5
3.1013238925E9	35.129703017343786
3.101326703E9	45.848814770010655
3.1013294495E9	53.50627597138328
3.1013318685E9	40.57530687796324
3.1013343305E9	37.74004857471558
3.101336736E9	32.3500021990588
3.101339303E9	41.01752690680084
3.101342702E9	46.635325980567885
3.101345195E9	47.54973821989529
3.1013472335E9	56.36995827538247
3.101349218E9	0.0
3.1013517465E9	54.47211155378486
3.101354867E9	5.0
3.1013568785E9	52.14106019766397
3.101370363E9	58.78361253374534
3.1013921985E9	59.452257756804705
3.1014090845E9	59.407636038847244
3.101423574E9	57.49564894617953
3.101436092E9	0.0
3.1014467775E9	0.0
3.10145676E9	59.41431615779042
3.1014665925E9	59.0471830217502
3.101476343E9	59.45817573066495
3.1014858855E9	56.73600644368227
3.1014950245E9	0.0
3.101503724E9	0.0
3.1015121195E9	46.738860330840254
3.101520406E9	0.0
3.101528602E9	59.25945132743363
3.101536693E9	59.51241942385468
3.1015446345E9	59.19699130743303
3.1015524055E9	59.38805217153249
3.1015601115E9	0.0
3.101567702E9	59.674409681338894
3.1015751255E9	0.0
3.1015823905E9	59.41481189411141
3.101589504E9	59.64464983758781
3.101596546E9	0.0
3.101603554E9	0.0
3.1016105495E9	0.0
3.101617536E9	30.212266443234185
3.101624424E9	0.0
3.101631085E9	59.02087478210522
3.1016374705E9	59.194895960184255
3.1016435565E9	58.817389145747356
3.1016494765E9	0.0
3.1016553825E9	59.70636062773567
3.101661271E9	0.0
3.1016671275E9	0.0
3.101672916E9	0.0
3.101678576E9	0.0
3.101684071E9	0.0
3.1016894025E9	59.988098274249765
3.1016946505E9	59.68843240077439
3.1016998325E9	59.967564379791625
3.1017049205E9	0.0
3.101709929E9	0.0
3.101714835E9	57.052504974311766
3.1017196755E9	59.761820023544225
3.101724499E9	0.0
3.101729313E9	0.0
3.1017340725E9	59.12655193673201
3.1017387675E9	0.0
3.10174343E9	57.861828069441536
3.1017480095E9	0.0
3.101752486E9	51.122206095791
3.1017569135E9	0.0
3.101761326E9	59.616711694017106
3.1017657265E9	59.57349896480331
3.101770102E9	0.0
3.101774441E9	0.0
3.1017787455E9	50.44602933737987
3.1017830115E9	59.73368530480184
3.1017872465E9	59.05265840241032
3.1017914715E9	59.91790718038529
3.1017956905E9	0.0
3.1017999035E9	59.59569604362042
3.1018041115E9	59.59296465978315
3.1018082655E9	0.0
3.101812367E9	59.62951412711283
3.101816459E9	0.0
3.101820484E9	58.54514674797508
3.101824445E9	0.0
3.101828395E9	0.0
3.1018323325E9	53.8296498187853
3.101836262E9	55.801224221725995
3.1018401885E9	0.0
3.10184411E9	24.52111734751211
3.1018480235E9	0.0
3.1018519235E9	0.0
3.1018558145E9	56.49222532731423
3.101859689E9	0.0
3.1018635415E9	59.523809523809526
3.101867382E9	0.0
3.1018712145E9	0.0
3.1018750435E9	59.07239819004525
3.10187887E9	0.0
3.101882693E9	0.0
3.101886508E9	0.0
3.101890313E9	0.0
3.101894113E9	56.70076039958253
3.101897881E9	0.0
3.1019016E9	59.53917050691244
3.1019052995E9	44.497517410719134
3.1019089945E9	0.0
3.1019126835E9	59.61957668830785
3.101916365E9	59.7288962780221
3.1019200355E9	0.0
3.101923674E9	41.48013804244071
3.101927286E9	56.87783977953576
3.1019308945E9	57.803873764052554
3.1019344895E9	46.73487750234877
3.101938072E9	7.6916019760056455
3.101941634E9	0.0
3.1019451695E9	57.475777162203755
3.101948697E9	10.965170278637771
3.1019522085E9	59.72311256999421
3.101955703E9	58.725842575352814
3.1019591915E9	59.578236769578545
3.101962651E9	59.938611947933836
3.101966064E9	58.02025840441545
3.1019694465E9	59.670480549199084
3.101972819E9	0.0
3.101976185E9	58.623085109813914
3.101979541E9	59.151622485122545
3.1019828865E9	58.912215897504616
3.1019862165E9	57.71503805175038
3.1019895175E9	54.66255248115737
3.1019927975E9	59.37259472482088
3.1019960665E9	56.82700336014663
3.1019993255E9	59.466832778215654
3.102002581E9	58.70415519948672
3.102005831E9	59.89869804358421
3.1020090695E9	0.0
3.1020122965E9	0.0
3.1020155165E9	0.0
3.1020187305E9	58.60509677192736
3.1020219335E9	56.5271017699115
3.102025125E9	59.37934093654136
3.102028308E9	59.04010146633163
3.1020314845E9	29.753094564330482
3.102034659E9	0.0
3.1020378305E9	55.0889258407657
3.1020409985E9	57.17487714251468
3.102044163E9	0.0
3.102047316E9	56.66877628516598
3.102050456E9	57.48849953615593
3.1020535825E9	59.13274166466778
3.1020566935E9	56.47033243718095
3.102059793E9	58.09190033623041
3.102062879E9	54.76638494657949
3.102065945E9	0.0
3.102068997E9	0.0
3.10207203E9	40.620081411126186
3.1020750435E9	57.7945364460117
3.102078054E9	55.548495608297515
3.102081057E9	0.0
3.102084054E9	54.89736271116392
3.102087044E9	58.879033649698016
3.102090025E9	58.96058238636363
3.102092998E9	60.0
3.102095965E9	54.36100533130236
3.1020989315E9	0.0
3.1021018915E9	57.96683805514338
3.1021048445E9	58.64547996900165
3.1021077875E9	59.641314753749604
3.1021107135E9	40.95393435962259
3.10211362E9	59.26546848914858
3.102116511E9	59.38314606741573
3.102119394E9	59.580180330011046
3.1021222725E9	59.637187469439645
3.1021251475E9	45.35407665114191
3.1021280175E9	55.086041385195195
3.1021308845E9	0.0
3.10213375E9	59.541187715987355
3.1021366145E9	58.64910462371164
3.102139476E9	57.975394384363526
3.1021423325E9	45.073378855842215
3.1021451745E9	58.72819026681323
3.1021480035E9	0.0
3.1021508295E9	57.44324535488439
3.102153651E9	59.793369569727396
3.102156467E9	14.574938737664747
3.102159278E9	0.0
3.1021620835E9	0.0
3.10216488E9	0.0
3.102167667E9	0.0
3.1021704475E9	58.64356058385603
3.102173225E9	0.0
3.1021759985E9	0.0
3.102178768E9	0.0
3.102181536E9	58.533636744088724
3.102184301E9	53.66279946102725
3.102187055E9	58.64066466651281
3.1021897985E9	56.02889169090855
3.1021925375E9	56.56117455138662
3.10219527E9	48.345484794363024
3.1021979975E9	1.9382716049382716
3.10220072E9	59.57593123209169
3.102203437E9	56.915908516552946
3.1022061485E9	59.63909460728069
3.1022088545E9	59.767291531997415
3.1022115525E9	0.0
3.102214244E9	58.98452494655933
3.1022169345E9	58.21401000714796
3.102219623E9	54.04969434036679
3.102222305E9	0.0
3.1022249775E9	57.28754840631516
3.1022276455E9	59.64110457220462
3.102230311E9	59.416941630646384
3.10223297E9	0.0
3.1022356195E9	0.0
3.1022382625E9	59.713667599898194
3.1022408995E9	58.721383551895904
3.1022435315E9	50.43755476174429
3.1022461615E9	57.38994459265339
3.102248787E9	58.496979746535594
3.1022514095E9	59.91301787210909
3.10225403E9	57.21681156588844
3.102256642E9	58.616877280177654
3.102259246E9	52.79038332559459
3.102261848E9	57.867994516571244
3.1022644475E9	0.0
3.102267045E9	59.78445695126332
3.1022696415E9	0.0
3.1022722365E9	52.29975855553223
3.1022748265E9	0.0
3.102277412E9	60.0
3.102279996E9	56.48218252052149
3.1022825765E9	59.71008725805076
3.10228515E9	58.68458604125459
3.102287719E9	55.02288873570333
3.102290279E9	0.0
3.1022928285E9	0.0
3.1022953765E9	51.19444444444444
3.1022979235E9	48.40093537414966
3.102300469E9	52.93971197014751
3.1023030085E9	0.0
3.102305542E9	56.42084350420396
3.1023080695E9	54.59637496459926
3.1023105915E9	47.79333818332987
3.10231311E9	58.57802169169137
3.102315624E9	0.0
3.102318134E9	52.02155805977462
3.1023206395E9	44.99049881235155
3.10232314E9	59.80245595301655
3.102325624E9	0.0
3.102328092E9	55.07888178567559
3.1023305565E9	0.0
3.102333018E9	0.9932735426008968
3.102335476E9	59.88555365927116
3.1023379295E9	0.0
3.102340372E9	59.26733536851287
3.1023428065E9	51.76179537020675
3.1023452395E9	53.7801455011707
3.102347669E9	20.863636363636363
3.102350093E9	53.61754477105791
3.1023525135E9	59.27217402031334
3.1023549305E9	59.16583325470956
3.1023573395E9	0.0
3.102359743E9	0.0
3.1023621455E9	59.78228745143041
3.102364545E9	57.41684938698619
3.102366941E9	0.0
3.1023693355E9	59.94846098783107
3.1023717265E9	0.0
3.1023741115E9	0.0
3.102376493E9	50.964627363737485
3.1023788735E9	0.0
3.1023812475E9	0.0
3.1023836135E9	57.201640005377065
3.102385977E9	57.927223612600805
3.1023883325E9	0.0
3.102390676E9	59.675879896599724
3.102393013E9	23.0
3.1023953465E9	59.76300197498354
3.102397678E9	57.92067541865751
3.1024000085E9	0.0
3.102402335E9	0.0
3.102404656E9	58.99151284942727
3.1024069725E9	59.47545760859667
3.1024092835E9	58.19079196665403
3.1024115905E9	41.788983148661124
3.1024138915E9	59.608379436812335
3.102416183E9	59.93323061119671
3.102418466E9	0.0
3.1024207435E9	47.108867048277354
3.102423018E9	58.86376811594203
3.1024252855E9	0.0
3.1024275435E9	0.0
3.1024297965E9	59.00309015432156
3.102432045E9	0.0
3.102434287E9	58.01379310344828
3.102436518E9	38.77065840433772
3.1024387395E9	56.60836109979145
3.1024409585E9	59.26961226330027
3.102443175E9	0.0
3.102445389E9	57.5908057918317
3.102447597E9	57.333499508212185
3.1024497985E9	59.762845849802375
3.102451997E9	58.91702586206897
3.1024541925E9	51.77820313696323
3.102456381E9	0.0
3.102458562E9	59.79476291578202
3.10246074E9	56.99775919732441
3.102462917E9	59.80983053446822
3.102465094E9	57.170399845966244
3.1024672665E9	56.93290478103656
3.1024694305E9	46.09200265676121
3.102471588E9	0.0
3.1024737375E9	33.871899059024805
3.102475881E9	59.224120123937396
3.1024780205E9	57.66684350132626
3.1024801555E9	0.0
3.102482287E9	0.0
3.1024844155E9	59.373706634205725
3.102486542E9	54.06445426498791
3.102488667E9	0.0
3.1024907905E9	60.0
3.102492907E9	55.709644309344284
3.1024950155E9	59.82783357245337
3.1024971155E9	59.46424142207524
3.102499209E9	0.0
3.1025012995E9	53.8134356522833
3.1025033865E9	0.0
3.1025054725E9	59.697401600701674
3.1025075575E9	59.81366459627329
3.1025096395E9	0.0
3.102511719E9	56.533159851301114
3.1025137965E9	59.775052313415486
3.10251587E9	58.68846310578505
3.1025179385E9	59.85997666277713
3.102520002E9	59.37378210806023
3.10252206E9	0.0
3.102524114E9	0.0
3.1025261605E9	59.07106598984772
3.1025281985E9	56.51462900505902
3.102530234E9	46.41454793501178
3.1025322685E9	59.4298384542287
3.1025343015E9	44.857252730349174
3.102536332E9	0.0
3.102538359E9	0.0
3.102540382E9	54.95110890227993
3.1025424015E9	0.0
3.102544418E9	0.9772209567198178
3.10254643E9	48.210349784379495
3.102548438E9	0.0
3.102550444E9	59.629293279728984
3.102552448E9	50.426566244436835
3.10255445E9	0.0
3.102556451E9	59.50934579439252
3.1025584515E9	0.0
3.1025604495E9	58.857715430861724
3.1025624435E9	45.637943556754514
3.102564432E9	55.300263388937665
3.102566415E9	0.0
3.102568394E9	59.17415864428356
3.102570368E9	53.3198332340679
3.1025723375E9	56.82002138685531
3.1025743025E9	56.4800711471522
3.102576264E9	58.89351289562049
3.1025782245E9	52.91789310611929
3.1025801845E9	52.466507055167845
3.1025821415E9	59.630249543517955
3.1025840945E9	58.681806961244135
3.102586044E9	55.82515805537388
3.1025879895E9	0.0
3.102589933E9	0.0
3.102591875E9	0.0
3.102593814E9	0.0
3.1025957495E9	55.27463795975907
3.102597681E9	52.06142220499903
3.1025996075E9	0.0
3.1026015315E9	59.00024869435464
3.102603455E9	55.86882855252871
3.102605377E9	0.0
3.1026072965E9	0.0
3.102609213E9	0.0
3.102611128E9	0.0
3.1026130425E9	55.709574598504354
3.1026149555E9	0.0
3.1026168665E9	59.494877776650775
3.102618775E9	0.0
3.1026206805E9	0.0
3.102622581E9	56.99544505598785
3.102624475E9	59.32255819348852
3.1026263655E9	39.97563384919328
3.1026282545E9	0.0
3.1026301425E9	0.0
3.102632029E9	58.0059880239521
3.102633912E9	47.354207990932274
3.102635792E9	52.19710467706013
3.10263767E9	0.0
3.1026395465E9	53.48290464240903
3.1026414225E9	59.01456496742047
3.1026432975E9	0.0
3.1026451705E9	53.33140239795231
3.102647041E9	55.39883099117025
3.1026489085E9	59.95904436860068
3.102650774E9	59.54398447606727
3.102652639E9	59.81329561527581
3.102654504E9	58.86120996441281
3.1026563675E9	0.0
3.1026582295E9	56.54220423086968
3.10266009E9	0.0
3.1026619475E9	10.265116279069767
3.1026638035E9	0.0
3.1026656585E9	59.210972850678736
3.1026675105E9	34.39982382304003
3.10266936E9	39.050929098311094
3.102671209E9	58.95973154362416
3.102673057E9	48.523081580142275
3.1026749E9	45.14055779103649
3.1026767365E9	58.787425149700596
3.102678564E9	59.34984520123839
3.102680382E9	12.073147256977864
3.102682195E9	59.55817751286029
3.1026840045E9	58.071483782313706
3.1026858125E9	59.93782383419689
3.10268762E9	0.0
3.102689427E9	58.414136874361596
3.1026912315E9	59.583654587509635
3.102693033E9	55.65725918386231
3.1026948335E9	46.172788172788174
3.102696631E9	49.82051920950586
3.1026984255E9	59.28038189762123
3.1027002185E9	0.0
3.1027020085E9	0.0
3.1027037955E9	0.0
3.1027055795E9	0.0
3.1027073615E9	48.6303664921466
3.102709143E9	50.411119239209945
3.102710924E9	56.85636767244923
3.102712704E9	54.207655568630166
3.102714482E9	0.0
3.1027162525E9	0.0
3.1027180155E9	58.84356414327619
3.102719774E9	45.806662949540005
3.102721526E9	0.9823529411764705
3.102723274E9	25.46555709662506
3.1027250205E9	45.90599862100667
3.102726766E9	0.0
3.1027285105E9	44.32880084398077
3.1027302535E9	47.311256509547334
3.1027319945E9	0.0
3.1027337345E9	0.0
3.1027354725E9	0.0
3.102737208E9	59.746608651138985
3.1027389415E9	0.0
3.1027406735E9	0.0
3.1027424045E9	58.65844536540988
3.102744133E9	59.95837669094693
3.1027458575E9	0.0
3.1027475775E9	0.0
3.1027492945E9	60.0
3.1027510075E9	26.711659884944577
3.1027527165E9	23.247016706443915
3.102754424E9	59.966613672496024
3.1027561305E9	59.37128292268479
3.102757836E9	0.0
3.1027595405E9	58.75233644859813
3.102761242E9	0.0
3.1027629405E9	59.807383627608345
3.102764638E9	60.0
3.102766335E9	59.10868668196148
3.102768031E9	51.403837703237144
3.102769726E9	0.0
3.10277142E9	0.0
3.10277311E9	0.0
3.1027747965E9	56.27651986867429
3.1027764795E9	43.0461981416045
3.102778159E9	45.14307704771935
3.102779838E9	47.95200783545543
3.1027815165E9	57.80285690064429
3.1027831925E9	35.295902883156295
3.1027848665E9	0.0
3.102786539E9	0.0
3.102788209E9	0.0
3.102789876E9	55.416543719878035
3.10279154E9	33.76212614287928
3.1027932E9	59.9496721061461
3.102794855E9	0.0
3.1027965075E9	0.0
3.1027981585E9	50.95418326693227
3.102799808E9	58.470326880355444
3.102801457E9	54.03450862715679
3.1028031015E9	59.150239744272774
3.1028047405E9	0.0
3.1028063775E9	57.90547956425588
3.1028080115E9	60.0
3.102809643E9	59.9347471451876
3.1028112735E9	0.0
3.102812902E9	59.55500618046972
3.1028145275E9	59.44206008583691
3.102816148E9	58.894184938036226
3.1028177645E9	59.96670366259711
3.10281938E9	0.0
3.102820993E9	56.50259067357513
3.102822604E9	60.0
3.1028242125E9	0.0
3.102825818E9	0.0
3.102827423E9	0.0
3.1028290255E9	57.47383881035432
3.1028306245E9	21.89593188268685
3.1028322225E9	48.3957086391869
3.10283382E9	46.7565932736511
3.1028354165E9	51.4645170325246
3.102837012E9	0.0
3.1028386055E9	13.463556851311953
3.102840196E9	0.0
3.102841783E9	0.0
3.102843365E9	0.0
3.1028449435E9	41.8856526429342
3.102846521E9	0.0
3.102848098E9	0.0
3.102849675E9	38.0
3.1028512515E9	47.77306733167082
3.102852827E9	0.0
3.1028544015E9	0.0
3.1028559745E9	56.853331744356296
3.102857546E9	0.0
3.102859113E9	0.0
3.102860675E9	0.0
3.102862236E9	58.976069803787574
3.1028637965E9	51.63853067604533
3.1028653565E9	59.71082089552239
3.1028669135E9	58.84325029914065
3.1028684665E9	0.0
3.1028700165E9	0.0
3.1028715635E9	0.0
3.102873107E9	28.040644171779142
3.1028746455E9	59.22077922077922
3.10287618E9	57.11964658240275
3.1028777125E9	43.79188336222607
3.1028792445E9	0.0
3.1028807755E9	0.0
3.102882304E9	36.70737479882609
3.1028838305E9	59.69416126042632
3.1028853555E9	38.01525381345336
3.102886879E9	51.488756961227274
3.102888402E9	0.0
3.1028899245E9	42.8975487115022
3.1028914465E9	55.93598809080759
3.102892967E9	58.64764458062045
3.102894483E9	0.0
3.1028959935E9	0.0
3.1028975015E9	0.0
3.102899008E9	4.855662472242783
3.102900512E9	0.0
3.1029020115E9	59.871837002957605
3.102903505E9	57.50379075056861
3.1029049955E9	49.93781634128706
3.1029064855E9	60.0
3.102907974E9	59.04486251808972
3.1029094605E9	56.28194518814195
3.102910946E9	59.094960525344945
3.1029124305E9	31.111042238554855
3.102913914E9	48.23279965382951
3.102915395E9	59.92861392028554
3.102916874E9	50.064308681672024
3.1029183515E9	0.0
3.102919827E9	44.393175277511304
3.1029213005E9	0.0
3.102922771E9	56.201475807958154
3.1029242395E9	0.0
3.102925707E9	60.0
3.102927173E9	42.857390146471374
3.1029286375E9	59.23192771084337
3.102930101E9	0.0
3.102931564E9	0.0
3.102933025E9	55.30368844785621
3.102934484E9	59.84597548857238
3.1029359425E9	54.16774316109422
3.1029374005E9	56.748140276301804
3.1029388565E9	54.5382894082546
3.102940308E9	0.0
3.102941757E9	0.0
3.1029432055E9	54.91703980099503
3.1029446525E9	0.0
3.1029460965E9	48.3396597778715
3.102947538E9	58.68168085690744
3.1029489785E9	55.2251886898727
3.102950418E9	4.64451313755796
3.102951856E9	0.0
3.1029532925E9	0.0
3.102954725E9	36.40822597801678
3.102956154E9	59.469026548672566
3.102957582E9	0.0
3.1029590085E9	0.0
3.102960434E9	58.97093197482769
3.1029618585E9	59.75757575757576
3.1029632825E9	59.45142857142857
3.102964706E9	0.0
3.102966129E9	0.0
3.102967552E9	49.571148628278564
3.1029689705E9	0.0
3.1029703845E9	0.0
3.102971798E9	0.0
3.102973211E9	0.0
3.1029746225E9	59.526253454401896
3.102976032E9	0.0
3.102977441E9	0.0
3.1029788485E9	53.84113900337205
3.102980254E9	55.41350804184006
3.102981659E9	58.84032114183764
3.1029830635E9	60.0
3.1029844675E9	40.60318361630042
3.1029858705E9	31.801233853865433
3.1029872725E9	55.76454520622781
3.1029886745E9	55.5526796589525
3.1029900765E9	10.664634146341463
3.1029914775E9	0.9858356940509915
3.1029928765E9	59.54554061730733
3.1029942735E9	50.640040132746776
3.102995669E9	0.0
3.1029970635E9	59.19893750873759
3.102998457E9	0.0
3.102999849E9	60.0
3.103001239E9	7.61763085399449
3.103002628E9	53.51485148514851
3.1030040165E9	58.009678776827045
3.103005404E9	0.0
3.1030067895E9	52.862987946477936
3.103008172E9	36.79213483146067
3.103009553E9	55.30054644808743
3.103010933E9	56.87737097485664
3.103012311E9	0.0
3.1030136875E9	0.0
3.1030150635E9	58.59583952451709
3.103016439E9	0.0
3.1030178135E9	55.51063829787234
3.1030191865E9	59.612642127577566
3.103020558E9	53.64050184976677
3.1030219285E9	0.0
3.1030232985E9	52.76554660179413
3.1030246665E9	0.0
3.103026031E9	0.0
3.1030273925E9	0.0
3.1030287505E9	0.0
3.103030106E9	53.16333725029377
3.103031461E9	1.0
3.1030328145E9	42.60175660705808
3.103034163E9	58.659322130231324
3.1030355075E9	0.0
3.1030368515E9	59.696969696969695
3.1030381945E9	59.978813559322035
3.1030395365E9	59.146059420032024
3.1030408755E9	58.89196675900277
3.1030422105E9	0.0
3.1030435445E9	0.0
3.103044878E9	31.698775510204083
3.1030462105E9	53.762505254308536
3.1030475405E9	58.8132213237026
3.1030488685E9	59.446579554189086
3.1030501965E9	59.699659992444275
3.103051524E9	57.61766509916173
3.10305285E9	58.690344062153166
3.1030541735E9	0.0
3.1030554945E9	36.29532654876
3.103056814E9	0.0
3.1030581325E9	0.0
3.103059449E9	57.03289057558507
3.1030607635E9	0.0
3.103062077E9	42.39173967459324
3.10306339E9	58.47913446676971
3.1030647025E9	60.0
3.1030660135E9	32.94117647058823
3.103067323E9	54.14795918367347
3.103068632E9	56.99359811863078
3.10306994E9	59.986376021798364
3.103071247E9	53.010687702780075
3.103072553E9	0.0
3.1030738575E9	0.0
3.103075161E9	48.799283154121866
3.1030764635E9	54.08295783714194
3.1030777655E9	0.0
3.103079067E9	59.26702720509512
3.103080368E9	0.0
3.1030816685E9	39.78382899628253
3.103082968E9	58.11534610983982
3.103084266E9	0.0
3.103085562E9	15.7
3.1030868565E9	0.0
3.10308815E9	50.563745249337785
3.103089442E9	0.0
3.103090733E9	43.1380136217349
3.103092023E9	59.859320046893316
3.1030933115E9	0.0
3.1030945995E9	15.539259259259259
3.103095887E9	0.0
3.103097174E9	36.21856725146199
3.103098461E9	0.0
3.1030997475E9	0.0
3.103101032E9	0.0
3.103102314E9	52.38838869916175
3.103103593E9	0.0
3.1031048685E9	0.0
3.1031061405E9	0.0
3.103107409E9	59.41466983720505
3.1031086755E9	44.63009612197547
3.1031099385E9	0.0
3.103111198E9	23.01466275659824
3.1031124565E9	0.0
3.1031137145E9	0.0
3.1031149725E9	56.20335652885796
3.1031162295E9	33.0
3.103117485E9	0.0
3.1031187395E9	59.57885501206405
3.1031199935E9	0.0
3.103121247E9	0.0
3.1031224985E9	0.0
3.103123748E9	0.0
3.1031249965E9	0.0
3.1031262445E9	58.604651162790695
3.103127492E9	60.0
3.1031287365E9	58.8610662358643
3.1031299785E9	48.967102488401515
3.10313122E9	57.871134020618555
3.103132461E9	0.0
3.103133702E9	59.4140625
3.103134942E9	58.619589977220954
3.1031361805E9	0.0
3.103137418E9	58.6870897155361
3.1031386545E9	0.0
3.10313989E9	0.0
3.1031411245E9	0.0
3.1031423585E9	0.0
3.1031435925E9	53.68679245283019
3.103144826E9	42.91417165668663
3.1031460585E9	41.009756097560974
3.1031472905E9	36.588998763906055
3.103148522E9	0.0
3.1031497525E9	49.69636852723605
3.1031509815E9	21.035714285714285
3.103152209E9	59.96866022460172
3.103153436E9	50.00753282653766
3.1031546625E9	52.89996156063809
3.1031558875E9	0.0
3.1031571115E9	0.0
3.1031583335E9	0.0
3.1031595535E9	0.0
3.103160773E9	59.81981981981982
3.103161991E9	5.540094339622642
3.1031632075E9	60.0
3.103164423E9	0.0
3.1031656375E9	41.20742783003568
3.1031668515E9	56.476183544994726
3.1031680655E9	45.700289575289574
3.103169279E9	0.0
3.1031704915E9	57.240414217744195
3.103171702E9	56.294286534596615
3.1031729105E9	54.11974480615083
3.103174118E9	9.6875
3.103175325E9	47.85710251341429
3.103176532E9	58.7488908606921
3.1031777385E9	0.0
3.1031789445E9	0.0
3.10318015E9	0.0
3.103181355E9	57.50330788804071
3.1031825595E9	36.07438353372733
3.1031837635E9	0.0
3.1031849675E9	0.0
3.103186171E9	45.21295255228244
3.103187373E9	39.874303343949045
3.103188574E9	0.0
3.1031897745E9	0.0
3.1031909745E9	0.0
3.103192174E9	59.37793427230047
3.1031933725E9	0.0
3.10319457E9	59.89988876529477
3.1031957665E9	0.0
3.103196962E9	0.0
3.1031981565E9	58.55740698470669
3.1031993505E9	0.0
3.103200543E9	59.87473903966597
3.103201733E9	35.35282502070196
3.1032029205E9	0.0
3.1032041065E9	0.0
3.1032052915E9	57.51240560949299
3.103206475E9	58.68387096774194
3.103207658E9	59.5368782161235
3.1032088405E9	0.0
3.103210022E9	0.0
3.103211203E9	3.3245246085011186
3.103212384E9	48.142988084326305
3.103213565E9	0.0
3.103214745E9	0.0
3.1032159235E9	0.0
3.1032171015E9	0.0
3.103218279E9	0.0
3.103219456E9	0.0
3.10322063E9	59.85550872968091
3.103221801E9	43.67000476871721
3.103222972E9	58.19390148553558
3.1032241425E9	0.0
3.1032253125E9	54.173591472699584
3.103226481E9	23.3751367116296
3.103227648E9	39.971035837015215
3.103228815E9	0.0
3.103229981E9	0.0
3.103231146E9	0.0
3.1032323095E9	11.977294228949859
3.103233469E9	59.37570604673286
3.1032346255E9	0.0
3.1032357815E9	39.6707258834766
3.1032369365E9	59.4702842377261
3.1032380905E9	0.0
3.103239243E9	0.0
3.103240394E9	0.0
3.1032415445E9	37.19789303079416
3.1032426945E9	0.0
3.103243843E9	58.328055731475615
3.10324499E9	35.544696618805006
3.1032461365E9	59.438202247191015
3.1032472815E9	47.74019287348807
3.1032484255E9	41.65757997218359
3.103249569E9	0.0
3.1032507115E9	0.0
3.103251853E9	0.0
3.103252994E9	50.79550735863672
3.1032541345E9	0.0
3.1032552735E9	52.64232403260994
3.1032564095E9	53.00857632933105
3.1032575435E9	56.71537141456239
3.1032586765E9	59.43514644351465
3.103259808E9	59.22
3.103260939E9	48.39281828073994
3.1032620695E9	0.0
3.103263198E9	0.0
3.1032643245E9	39.6638783269962
3.1032654495E9	58.42394624312767
3.1032665725E9	0.0
3.1032676945E9	0.0
3.103268816E9	48.388598574821856
3.103269936E9	58.24942791762014
3.103271055E9	0.0
3.103272174E9	60.0
3.103273293E9	59.673649393605295
3.1032744115E9	59.84575835475579
3.1032755285E9	0.0
3.1032766445E9	30.978339350180505
3.10327776E9	0.0
3.103278875E9	0.0
3.10327999E9	58.415959252971135
3.1032811045E9	0.0
3.103282218E9	0.0
3.103283331E9	59.153065725628586
3.1032844425E9	59.21568627450981
3.1032855525E9	59.76717644373431
3.103286662E9	59.42505720823799
3.1032877705E9	45.652218517568606
3.103288878E9	58.91180654338549
3.103289985E9	0.0
3.103291092E9	0.0
3.103292199E9	38.72331310246341
3.1032933055E9	0.0
3.10329441E9	42.60105757931845
3.103295513E9	44.097016678412025
3.103296616E9	57.68888123924268
3.1032977175E9	48.10743472194539
3.103298817E9	0.0
3.1032999155E9	56.045012787723785
3.103301013E9	0.0
3.1033021095E9	12.611497450162263
3.1033032055E9	0.9919871794871795
3.1033043005E9	15.154761904761905
3.103305394E9	0.0
3.1033064855E9	50.40983606557377
3.1033075745E9	59.54010695187166
3.103308662E9	0.0
3.1033097485E9	0.0
3.103310834E9	0.0
3.1033119185E9	0.0
3.1033130025E9	40.81899205963377
3.1033140865E9	0.0
3.1033151705E9	43.2090395480226
3.103316254E9	0.0
3.103317337E9	58.35518474374255
3.1033184195E9	0.0
3.1033195015E9	57.04809494066209
3.103320583E9	6.892307692307693
3.103321664E9	51.96234657790722
3.103322744E9	58.77022653721683
3.1033238215E9	47.56291189293319
3.1033248965E9	59.73377703826955
3.10332597E9	19.736479321314953
3.103327043E9	0.0
3.103328115E9	59.56666016006246
3.103329185E9	0.0
3.103330253E9	0.0
3.10333132E9	0.0
3.103332387E9	55.83892617449664
3.1033334535E9	47.53747645951036
3.103334519E9	36.51269487750557
3.103335584E9	0.0
3.103336649E9	57.92947860962567
3.103337714E9	0.0
3.103338779E9	0.0
3.1033398435E9	52.62751631264751
3.1033409075E9	16.03401049988587
3.1033419715E9	0.0
3.103343035E9	0.0
3.1033440975E9	0.0
3.1033451595E9	47.7210953346856
3.1033462215E9	40.923540381580835
3.103347283E9	58.270167772785356
3.1033483435E9	49.60436432637571
3.103349402E9	59.91537376586742
3.103350459E9	0.0
3.1033515155E9	51.618580060422964
3.103352571E9	0.0
3.103353626E9	59.87041036717063
3.103354681E9	54.56050985098277
3.103355736E9	34.17738359201774
3.1033567905E9	0.0
3.103357843E9	52.51737385073596
3.1033588935E9	51.69258446687144
3.1033599435E9	0.0
3.103360993E9	0.0
3.1033620415E9	59.53155497722837
3.103363089E9	0.0
3.1033641355E9	0.0
3.1033651815E9	0.0
3.1033662275E9	48.40444200712915
3.103367273E9	59.9277108433735
3.103368318E9	0.0
3.103369363E9	51.26165177493359
3.1033704075E9	0.0
3.1033714505E9	0.0
3.103372492E9	0.0
3.103373532E9	0.0
3.103374571E9	43.342818119735945
3.1033756095E9	0.0
3.1033766465E9	0.0
3.1033776825E9	0.0
3.103378718E9	48.755432269995374
3.103379753E9	1.243276283618582
3.103380787E9	0.0
3.1033818195E9	49.24731182795699
3.103382851E9	0.0
3.103383882E9	40.98375
3.103384913E9	15.0
3.103385942E9	25.364936753753398
3.103386969E9	0.0
3.1033879955E9	0.0
3.1033890215E9	0.0
3.1033900465E9	0.0
3.1033910705E9	0.0
3.1033920935E9	35.34117647058824
3.1033931155E9	59.43396226415094
3.103394137E9	51.105035971223025
3.1033951575E9	0.0
3.103396177E9	0.0
3.1033971955E9	0.0
3.1033982135E9	13.993975903614459
3.1033992315E9	59.87068965517241
3.1034002485E9	0.0
3.1034012615E9	59.84605516356639
3.1034022715E9	59.844777406489165
3.103403281E9	57.833086053412465
3.1034042895E9	0.0
3.103405297E9	0.0
3.1034063035E9	0.0
3.103407309E9	0.0
3.103408314E9	0.0
3.1034093185E9	0.0
3.1034103225E9	0.0
3.103411326E9	0.0
3.103412329E9	58.35443037974684
3.103413332E9	59.83169705469846
3.103414335E9	53.69330357142857
3.1034153375E9	49.21162672106068
3.1034163395E9	0.0
3.1034173405E9	57.94561933534743
3.1034183405E9	52.7044776119403
3.1034230195E9	59.98667972575906
3.1034311645E9	54.189484942155445
3.1034385535E9	49.36098200452866
3.103444272E9	36.944371641986635
3.103448588E9	59.989014510001375
3.103452529E9	9.620591039084843
3.1034563265E9	59.20982902407051
3.103460075E9	50.69979140108935
3.1034637975E9	59.74143874971271
3.103467461E9	51.94183111867911
3.103471038E9	57.155168034809776
3.1034745565E9	46.229555867929996
3.10347799E9	50.46341624695549
3.1034813295E9	56.26488297243448
3.103484605E9	57.256752348643005
3.1034878305E9	44.882802752847425
3.1034910465E9	54.27374524659642
3.1034942485E9	58.91662932638125
3.1034973905E9	56.89797580269893
3.10350048E9	55.9702703067435
3.1035035475E9	58.9051357953729
3.103506574E9	58.73698457836596
3.1035095785E9	57.719286302891334
3.10351256E9	52.54336668116572
3.1035155065E9	54.06233749349974
3.10351844E9	53.030270048259574
3.10352132E9	43.25556170448257
3.1035241305E9	59.23606029562418
3.103526902E9	0.0
3.103529649E9	23.030861205364356
3.103532388E9	48.95179161978794
3.1035351035E9	57.69981309052249
3.103537785E9	6.767073624194348
3.1035404345E9	50.32841965471447
3.1035429975E9	59.05273863141072
3.103545488E9	20.19205108926345
3.1035479665E9	54.23852531832988
3.1035504075E9	58.084963913392144
3.103552812E9	35.42783656672545
3.1035551875E9	58.798335987519906
3.103557535E9	55.84682492499551
3.1035598595E9	23.647676496872208
3.1035621585E9	48.64273653741784
3.103564445E9	30.66581186618487
3.103566722E9	45.24420900236905
3.103568983E9	40.22428092465149
3.103571211E9	55.933964042064
3.1035734005E9	57.09792930930653
3.103575568E9	0.0
3.103577725E9	0.0
3.103579877E9	55.99320305862362
3.103582016E9	59.083191850594226
3.1035841385E9	47.60305792413996
3.103586253E9	30.613824884792628
3.1035883585E9	52.52366099558916
3.1035904405E9	59.854000935891435
3.1035925065E9	55.00419512195122
3.103594569E9	6.900943396226415
3.103596622E9	49.669198480911454
3.1035986655E9	58.5729537366548
3.1036007005E9	25.65203432734457
3.1036027275E9	40.38989784335982
3.10360474E9	0.0
3.1036067365E9	39.826629680998614
3.103608723E9	0.0
3.103610703E9	0.0
3.103612671E9	56.02645051194539
3.103614626E9	59.15216024588732
3.1036165745E9	46.936630602782074
3.1036185145E9	51.937729678702674
3.1036204485E9	49.317012858555884
3.1036223555E9	53.355984555984556
3.1036242355E9	40.304303677137796
3.1036261095E9	41.09337016574586
3.103627955E9	0.9649122807017544
3.103629772E9	14.02415458937198
3.103631583E9	20.787738039944262
3.1036333895E9	50.02623499860452
3.10363519E9	59.47620804131317
3.103636984E9	0.0
3.10363877E9	39.26075504828797
3.1036405435E9	57.963116996826095
3.1036423085E9	1.0
3.103644062E9	0.0
3.103645804E9	53.935239852398524
3.103647529E9	48.8348882620959
3.1036492365E9	57.81818181818182
3.10365094E9	35.675248253034205
3.103652635E9	53.808280292665515
3.1036543025E9	0.0
3.103655946E9	57.28244840132659
3.103657586E9	0.0
3.1036592235E9	57.40719921885309
3.1036608575E9	50.08
3.103662488E9	32.51809651474531
3.103664114E9	58.84422110552764
3.1036657365E9	54.061361981063364
3.1036673585E9	53.90310663308144
3.103668979E9	58.566094100074686
3.1036705915E9	8.133333333333333
3.103672191E9	0.0
3.1036737835E9	53.51336221770637
3.1036753585E9	0.0
3.10367691E9	56.43041882942545
3.1036784535E9	38.636107193229904
3.1036799945E9	41.65123201587564
3.103681529E9	57.45566828407587
3.1036830525E9	51.0792735042735
3.103684569E9	0.0
3.103686083E9	0.0
3.103687593E9	56.19649122807017
3.1036890985E9	59.57253672223139
3.1036906E9	41.028387096774196
3.103692097E9	55.99532615322089
3.103693592E9	0.0
3.1036950855E9	43.24050632911393
3.1036965775E9	57.91935273391622
3.103698068E9	1.0
3.103699555E9	4.411082474226804
3.103701039E9	57.24570337364736
3.103702517E9	0.0
3.1037039885E9	0.0
3.103705455E9	59.6855128699998
3.1037069165E9	37.23464687819857
3.1037083755E9	1.9901574803149606
3.1037098325E9	17.735262593783496
3.103711287E9	59.64705882352941
3.103712735E9	53.041180356749614
3.103714177E9	59.29961089494164
3.1037156105E9	0.0
3.103717036E9	30.190059545509783
3.1037184575E9	57.586992589315344
3.103719873E9	0.0
3.103721286E9	0.0
3.1037226985E9	0.0
3.103724108E9	0.0
3.1037255145E9	57.52582883577487
3.1037269155E9	55.56099369670004
3.1037283085E9	58.262606090863706
3.1037296945E9	44.76092862435169
3.1037310735E9	44.77828054298642
3.103732449E9	15.98443579766537
3.103733822E9	51.92579053189545
3.103735191E9	0.0
3.1037365565E9	45.59673168160253
3.1037379165E9	7.021195172210774
3.103739272E9	0.0
3.1037406255E9	46.170779220779224
3.1037419765E9	0.0
3.1037433245E9	54.85214446952596
3.10374467E9	53.444735252667606
3.1037460125E9	41.53329994992489
3.1037473475E9	15.371621621621621
3.103748677E9	0.0
3.1037500035E9	1.0
3.1037513235E9	52.989595375722544
3.103752635E9	45.39857482185273
3.1037539405E9	59.033742331288344
3.1037552445E9	58.13671875
3.103756548E9	0.0
3.10375785E9	0.0
3.1037591505E9	56.744468134147745
3.103760449E9	21.703272727272726
3.1037617455E9	0.0
3.1037630385E9	55.59192173946272
3.1037643255E9	0.0
3.1037656085E9	0.0
3.10376689E9	55.60776622867229
3.1037681705E9	0.9644970414201184
3.10376945E9	0.0
3.1037707255E9	0.0
3.103771995E9	0.0
3.103773262E9	0.0
3.1037745285E9	0.0
3.1037757935E9	0.9830508474576272
3.1037770575E9	2.6983024691358026
3.1037783215E9	0.0
3.103779585E9	0.0
3.103780841E9	49.623056994818654
3.1037820855E9	0.0
3.103783325E9	48.18691409986608
3.103784562E9	50.41277192982456
3.103785797E9	55.83438162421378
3.103787031E9	0.0
3.1037882635E9	56.68210361067504
3.1037894945E9	58.18493150684932
3.1037907225E9	8.822985468956407
3.103791947E9	0.0
3.1037931655E9	45.10081190798376
3.103794379E9	17.32434456928839
3.103795591E9	42.30112137203166
3.103796801E9	16.339731285988485
3.1037980065E9	0.0
3.103799207E9	53.4773631840796
3.103800405E9	26.35276073619632
3.1038016E9	43.43813747228381
3.103802792E9	0.0
3.103803981E9	0.0
3.1038051675E9	23.225226586102718
3.1038063525E9	0.0
3.1038075365E9	0.0
3.1038087195E9	26.485148514851485
3.1038099E9	0.0
3.103811076E9	0.0
3.103812247E9	42.90260869565218
3.103813415E9	27.21165790731008
3.1038145815E9	22.28589613034623
3.103815747E9	0.0
3.1038169115E9	0.0
3.103818075E9	59.58291956305859
3.1038192355E9	56.49009177087535
3.1038203935E9	0.0
3.103821551E9	0.0
3.103822708E9	31.0
3.103823865E9	44.26683895978033
3.103825021E9	0.0
3.1038261755E9	15.083333333333334
3.103827327E9	0.0
3.1038284755E9	0.0
3.1038296235E9	30.859642067162678
3.1038307705E9	5.416581371545548
3.1038319155E9	0.0
3.1038330575E9	53.6545842217484
3.1038341955E9	54.75247524752475
3.1038353305E9	0.0
3.103836464E9	37.536773900193246
3.103837595E9	41.92747358309318
3.103838723E9	31.01284403669725
3.10383985E9	0.0
3.1038409725E9	47.411821839877895
3.1038420865E9	29.700147710487446
3.1038431935E9	30.84452423698384
3.1038442975E9	55.18951988296316
3.1038454E9	58.3775719765955
3.1038464995E9	46.584070796460175
3.1038475965E9	0.0
3.1038486915E9	0.0
3.103849784E9	28.146963475253944
3.103850874E9	0.0
3.1038519615E9	0.0
3.103853047E9	1.5703296703296703
3.1038541315E9	41.69455362156092
3.103855215E9	55.75207795930066
3.103856298E9	34.385363357215965
3.103857379E9	57.73248605083695
3.1038584565E9	0.0
3.103859529E9	17.770922419059254
3.1038605975E9	0.0
3.103861665E9	35.9626218851571
3.103862732E9	0.0
3.103863799E9	54.69030633655056
3.103864864E9	0.0
3.1038659265E9	23.839479392624728
3.103866987E9	27.221558079298664
3.1038680455E9	43.41821178409559
3.1038691035E9	59.89371124889283
3.10387016E9	45.37949400798935
3.1038712145E9	0.0
3.1038722685E9	0.0
3.103873322E9	0.0
3.103874375E9	0.0
3.1038754275E9	54.79374349485371
3.103876479E9	0.0
3.103877529E9	29.09627727856226
3.103878577E9	0.0
3.1038796225E9	0.0
3.103880666E9	49.19298245614035
3.103881709E9	54.6893295350037
3.1038827515E9	16.39446366782007
3.1038837935E9	0.0
3.103884835E9	0.0
3.1038858755E9	43.92741935483871
3.103886915E9	50.15743440233236
3.1038879535E9	0.0
3.103888991E9	60.0
3.103890028E9	6.888
3.103891064E9	43.18273020422787
3.103892095E9	59.255319148936174
3.103893119E9	0.0
3.10389414E9	55.25937807434022
3.10389516E9	39.58501164543088
3.103896179E9	51.98496675339693
3.1038971965E9	58.94428152492669
3.1038982115E9	0.0
3.103899225E9	0.0
3.103900236E9	0.0
3.1039012445E9	0.0
3.103902252E9	0.0
3.1039032575E9	0.0
3.1039042615E9	0.0
3.103905265E9	56.724300673516545
3.103906267E9	18.004878048780487
3.1039072675E9	0.0
3.1039082675E9	46.6875
3.1039092675E9	0.0
3.103918732E9	58.122284280879285
3.103932571E9	0.0
3.103941472E9	59.82382733081615
3.1039494115E9	59.442266913383484
3.1039572085E9	0.0
3.103963938E9	42.051964512040556
3.1039695055E9	58.16245361641829
3.103974766E9	0.0
3.1039797995E9	59.95186890005157
3.103984567E9	51.752350687793836
3.1039891115E9	0.0
3.1039934845E9	0.0
3.103997683E9	59.693813414743644
3.104001684E9	54.65352971051295
3.104005458E9	44.74653446861852
3.104009178E9	0.0
3.1040128475E9	0.0
3.104016433E9	59.286775631500745
3.104019926E9	59.362864077669904
3.104023359E9	0.0
3.104026758E9	0.0
3.1040301305E9	41.42148362235067
3.104033452E9	0.0
3.104036731E9	31.727497221879243
3.1040399985E9	0.0
3.104043259E9	59.155630401626844
3.1040464995E9	0.0
3.104049674E9	58.66548902195609
3.1040527925E9	0.0
3.1040558995E9	0.0
3.104058987E9	0.0
3.104062054E9	59.06932175475371
3.104065115E9	58.90119828170925
3.1040681395E9	59.791053148226055
3.1040711275E9	51.34119179866968
3.1040740845E9	0.0
3.1040770095E9	0.0
3.104079908E9	59.99040153575428
3.104082775E9	59.80321506740974
3.1040856295E9	59.71383554060384
3.104088461E9	53.27853736276015
3.10409126E9	59.50034153501824
3.1040940205E9	0.0
3.1040967325E9	59.37971086123811
3.1040994055E9	57.83071017932264
3.104102056E9	0.0
3.1041046865E9	0.0
3.104107298E9	59.59209758098875
3.104109892E9	51.71514048646058
3.1041124505E9	0.0
3.1041149735E9	0.0
3.1041174795E9	0.0
3.10411997E9	53.645833333333336
3.1041224495E9	0.9608610567514677
3.104124925E9	0.0
3.104127395E9	58.21721234798878
3.1041298495E9	37.552784796221026
3.1041322855E9	0.0
3.104134709E9	0.0
3.1041371215E9	49.188575958924794
3.104139523E9	27.37997015574968
3.1041418965E9	54.68518271539077
3.104144241E9	16.380251908119277
3.1041465705E9	53.68852219626168
3.104148885E9	57.61928184948352
3.1041511915E9	0.0
3.1041534905E9	59.12521854078717
3.104155772E9	0.0
3.10415804E9	59.40416823180446
3.1041603025E9	0.0
3.1041625525E9	58.90431012817291
3.1041647915E9	55.92606878817101
3.1041670245E9	57.68513965983292
3.104169246E9	0.0
3.104171456E9	0.0
3.104173654E9	20.566847686614732
3.104175845E9	53.9720692368214
3.1041780355E9	0.0
3.1041802225E9	59.48802642444261
3.1041823975E9	34.16759407939713
3.104184563E9	36.70356366027619
3.1041867265E9	0.0
3.1041888805E9	57.37902559867878
3.1041910115E9	58.41027518457502
3.1041931255E9	0.0
3.1041952355E9	0.0
3.1041973425E9	36.01152898517038
3.1041994485E9	59.54603854389722
3.1042015545E9	41.57322368048877
3.104203656E9	0.0
3.104205745E9	59.81749049429658
3.1042078145E9	59.69855711791195
3.104209871E9	54.05516132084398
3.1042119255E9	59.272624753312655
3.104213971E9	59.82623246235037
3.1042160055E9	0.0
3.1042180375E9	53.5675787347351
3.1042200635E9	0.0
3.1042220825E9	0.0
3.1042240985E9	47.7356620250177
3.104226106E9	0.0
3.104228107E9	56.5358858434586
3.104230103E9	0.0
3.1042320935E9	0.0
3.10423408E9	17.947128378378377
3.104236062E9	58.859995803021825
3.104238043E9	0.0
3.104240023E9	41.57452966714906
3.104241994E9	56.36096293256736
3.1042439415E9	0.0
3.104245872E9	59.40902021772939
3.104247777E9	58.86960832920178
3.1042496545E9	59.793415106520335
3.104251516E9	0.0
3.104253365E9	56.05269230769231
3.104255206E9	59.48958498966449
3.1042570385E9	51.98327701239061
3.1042588675E9	49.58764023126022
3.1042606875E9	25.119898591334515
3.1042625015E9	58.29923179199291
3.104264304E9	54.449623506302174
3.104266094E9	0.0
3.1042678815E9	0.0
3.1042696635E9	0.0
3.1042714405E9	27.092797319933
3.1042732095E9	57.668962877918105
3.1042749695E9	0.0
3.104276727E9	0.0
3.1042784825E9	0.0
3.1042802355E9	58.373767625816804
3.104281987E9	44.7145002060026
3.104283737E9	0.0
3.1042854805E9	0.0
3.104287214E9	30.42276993410817
3.1042889415E9	54.44153631717516
3.1042906625E9	59.6139705882353
3.1042923765E9	59.952574525745256
3.104294088E9	36.00114826468167
3.104295795E9	0.0
3.1042974975E9	57.0142879696874
3.104299198E9	0.9208333333333333
3.1043008905E9	53.26464571322299
3.1043025755E9	34.077530543038975
3.1043042575E9	59.82918789331735
3.1043059365E9	0.0
3.1043076145E9	0.0
3.104309292E9	58.99768670372544
3.1043109685E9	58.88741721854305
3.1043126425E9	38.81970188119895
3.104314313E9	0.0
3.1043159815E9	54.71674092934437
3.104317647E9	24.66296038915914
3.1043193085E9	0.0
3.1043209685E9	54.89054542770684
3.1043226275E9	59.734259661311334
3.1043242845E9	0.0
3.1043259405E9	60.0
3.1043275945E9	0.0
3.104329244E9	0.0
3.10433089E9	0.0
3.104332533E9	59.97214484679666
3.1043341725E9	51.29494382022472
3.104335808E9	59.84644913627639
3.1043374375E9	54.57037492317148
3.1043390575E9	0.0
3.1043406705E9	0.0
3.104342279E9	0.0
3.104343883E9	48.87531893626535
3.104345484E9	0.0
3.104347078E9	0.0
3.1043486665E9	55.18735362997658
3.104350253E9	0.0
3.1043518375E9	58.89705882352941
3.1043534215E9	51.21129908366414
3.1043550035E9	0.0
3.1043565795E9	0.0
3.1043581505E9	52.24727479087275
3.10435972E9	59.47241151901517
3.1043612885E9	56.66627266621894
3.104362856E9	58.90506838294449
3.104364422E9	46.9998495788207
3.104365984E9	34.737115544472154
3.104367543E9	51.390721073225265
3.1043691005E9	0.0
3.1043706555E9	36.586115527291994
3.104372207E9	0.0
3.1043737525E9	57.93103448275862
3.104375294E9	58.94117647058823
3.1043768335E9	0.9413793103448276
3.104378371E9	49.340839286027695
3.104379907E9	0.0
3.1043814395E9	59.84168865435356
3.1043829685E9	0.0
3.1043844935E9	59.4566550325441
3.1043860115E9	3.8563734290843805
3.104387523E9	59.98953792502179
3.104389031E9	30.338652482269502
3.1043905345E9	34.45531997289186
3.104392034E9	0.0
3.104393533E9	0.0
3.104395031E9	57.94626150355622
3.1043965275E9	0.0
3.1043980195E9	59.47253066260251
3.1043995065E9	0.0
3.104400992E9	0.0
3.104402475E9	0.0
3.104403955E9	58.925438596491226
3.1044054305E9	58.756065284516986
3.1044069025E9	49.13035982078389
3.1044083735E9	49.91389512344419
3.1044098415E9	58.18043547870637
3.104411307E9	0.0
3.10441277E9	0.0
3.1044142295E9	59.951884522854854
3.104415687E9	30.96978759765625
3.1044171395E9	56.83796120197794
3.104418587E9	0.0
3.1044200325E9	20.246828561072853
3.104421476E9	57.129396984924625
3.104422919E9	0.0
3.1044243595E9	0.96875
3.1044257945E9	13.670926517571885
3.1044272255E9	2.857794676806084
3.1044286555E9	0.0
3.104430085E9	0.0
3.104431514E9	0.0
3.104432943E9	57.40909090909091
3.1044343705E9	0.0
3.1044357965E9	0.0
3.1044372195E9	50.83772762819797
3.1044386375E9	48.69908995971953
3.1044400535E9	0.0
3.104441469E9	53.15604119173021
3.104442884E9	34.124404162470626
3.1044442985E9	0.0
3.104445712E9	0.0
3.1044471235E9	0.0
3.104448531E9	49.92492711370262
3.1044499345E9	58.809112281771085
3.1044513345E9	0.0
3.104452732E9	0.0
3.104454128E9	0.0
3.1044555215E9	0.0
3.1044569115E9	39.09225822409102
3.1044582985E9	0.0
3.1044596825E9	0.0
3.104461064E9	60.0
3.104462444E9	0.0
3.1044638215E9	46.1752830446051
3.1044651965E9	51.657250643014066
3.1044665705E9	43.993126824216176
3.104467944E9	0.0
3.104469317E9	0.0
3.1044706895E9	55.2455636551064
3.1044720605E9	0.0
3.104473429E9	3.925233644859813
3.104474795E9	0.0
3.1044761595E9	56.593143976493636
3.104477522E9	41.3531799729364
3.104478883E9	59.17741935483871
3.104480241E9	0.0
3.104481596E9	0.0
3.1044829505E9	0.0
3.104484304E9	49.49964862965566
3.104485655E9	13.90026714158504
3.104487002E9	0.0
3.1044883465E9	51.0085135757018
3.10448969E9	0.0
3.1044910305E9	0.0
3.1044923685E9	59.024896265560166
3.1044937065E9	0.0
3.1044950435E9	0.0
3.104496378E9	35.48334833483349
3.104497711E9	0.0
3.1044990435E9	0.0
3.1045003715E9	28.49253205934121
3.104501695E9	59.64414319000212
3.104503018E9	51.125238397965674
3.1045043395E9	58.37415621986499
3.1045056595E9	0.0
3.104506978E9	0.0
3.1045082945E9	0.0
3.1045096045E9	49.24077547079778
3.1045109085E9	0.0
3.104512212E9	52.8870636550308
3.1045135145E9	0.0
3.104514816E9	0.0
3.1045161165E9	59.13846153846154
3.1045174155E9	38.50016140865738
3.104518713E9	0.0
3.104520009E9	2.0
3.1045212985E9	0.0
3.104522582E9	41.20328046794911
3.104523865E9	25.776153846153846
3.104525146E9	58.28789710893701
3.1045264245E9	0.0
3.104527699E9	30.75113422595994
3.10452897E9	16.48155737704918
3.1045302395E9	0.0
3.1045315055E9	53.09973631698974
3.104532769E9	57.843455382591536
3.1045340315E9	59.891196834817016
3.104535293E9	0.0
3.1045365535E9	59.275683665927566
3.104537813E9	0.0
3.104539072E9	0.0
3.1045403305E9	0.0
3.1045415875E9	56.56507007546588
3.104542842E9	0.0
3.1045440925E9	0.0
3.1045453405E9	0.0
3.1045465875E9	0.0
3.1045478335E9	0.0
3.1045490785E9	0.0
3.1045503195E9	54.947121034077554
3.1045515575E9	32.007733204446595
3.1045527945E9	58.24880797572605
3.1045540295E9	4.0
3.1045552635E9	0.0
3.104556496E9	55.588235294117645
3.104557727E9	0.0
3.1045589575E9	59.85291301183591
3.1045601875E9	0.0
3.1045614165E9	44.12316335350043
3.104562644E9	59.84575835475579
3.1045638685E9	0.0
3.1045650905E9	0.9583866837387964
3.104566312E9	0.0
3.104567533E9	59.94219653179191
3.1045687535E9	0.0
3.1045699725E9	45.36931818181818
3.1045711905E9	59.23076923076923
3.1045724075E9	0.0
3.1045736235E9	5.982954545454546
3.1045748375E9	55.22301562661699
3.1045760485E9	9.92734225621415
3.104577258E9	0.0
3.1045784665E9	59.928358208955224
3.1045796745E9	0.0
3.1045808815E9	22.66176470588235
3.104582087E9	0.0
3.104583292E9	0.0
3.1045844955E9	0.0
3.1045856965E9	0.0
3.104586896E9	0.0
3.1045880945E9	52.60742601460083
3.1045892925E9	53.965186074429774
3.1045904905E9	17.53859568609454
3.104591687E9	59.851551956815115
3.1045928815E9	59.453106260494124
3.104594074E9	10.902654867256636
3.104595264E9	31.29856235372785
3.1045964525E9	56.29976045296167
3.1045976365E9	30.781882145998242
3.1045988165E9	59.06994328922495
3.104599996E9	0.0
3.1046011715E9	43.10002626740216
3.1046023415E9	0.0
3.1046035085E9	35.467149508535954
3.10460467E9	0.0
3.1046058265E9	58.24740526188752
3.1046069825E9	59.24095847596369
3.104608138E9	60.0
3.1046092925E9	60.0
3.1046104465E9	58.58191449110859
3.104611598E9	56.94778204680405
3.104612744E9	0.0
3.104613887E9	59.8901769371568
3.1046150285E9	0.0
3.104616167E9	5.233273056057866
3.104617303E9	0.0
3.104618438E9	28.470623145400594
3.104619573E9	0.0
3.104620704E9	52.21167822237073
3.104621831E9	58.26952789699571
3.1046229575E9	56.36588913128601
3.104624082E9	35.20699032232264
3.104625205E9	42.05936794582393
3.104626328E9	0.0
3.1046274505E9	38.11489008710079
3.1046285725E9	59.04337642448538
3.104629694E9	59.70742685671418
3.104630815E9	12.064962726304579
3.104631935E9	0.0
3.104633054E9	47.255116959064324
3.104634173E9	59.69899665551839
3.1046352915E9	32.47651821862348
3.104636408E9	0.0
3.1046375185E9	40.022701475595916
3.1046386245E9	53.22311616954474
3.1046397295E9	0.0
3.1046408325E9	0.0
3.104641934E9	58.136886954945155
3.1046430335E9	4.300924214417745
3.1046441315E9	0.0
3.1046452285E9	15.349557522123893
3.1046463245E9	0.0
3.10464742E9	0.0
3.104648514E9	59.8024756386621
3.1046496055E9	5.530339805825243
3.104650695E9	0.0
3.104651783E9	0.9683168316831683
3.10465287E9	0.0
3.104653956E9	59.96627318718381
3.104655041E9	59.44203347799132
3.104656126E9	0.9438877755511023
3.10465721E9	0.0
3.1046582915E9	48.51082802547771
3.1046593715E9	4.716748768472907
3.104660451E9	0.9368131868131868
3.10466153E9	0.0
3.104662609E9	0.0
3.104663686E9	36.20942281227232
3.1046647605E9	58.38306063522618
3.104665834E9	0.0
3.1046669055E9	8.1268758526603
3.1046679745E9	43.87007633587786
3.104669042E9	2.975476839237057
3.1046701085E9	0.0
3.1046711745E9	0.0
3.1046722405E9	49.763863594228816
3.104673305E9	59.19847328244275
3.104674368E9	35.07530910453353
3.104675431E9	24.933554402419734
3.1046764935E9	0.0
3.1046775535E9	0.0
3.1046786105E9	55.826530612244895
3.1046796645E9	48.38748984565394
3.104680716E9	47.27773641102011
3.104681767E9	0.0
3.1046828175E9	0.0
3.1046838665E9	46.31407018694654
3.1046849135E9	0.0
3.1046859595E9	2.265104067818055
3.104687005E9	0.0
3.104688049E9	0.9622641509433962
3.1046890895E9	39.181559611282296
3.1046901265E9	58.82142857142857
3.104691162E9	40.03534482758621
3.104692197E9	59.86302080630934
3.104693232E9	47.61560283687943
3.104694266E9	59.72303206997085
3.1046952985E9	0.0
3.10469633E9	3.7359660574412534
3.1046973585E9	38.059449866903286
3.1046983845E9	59.76190476190476
3.1046994105E9	0.0
3.104700435E9	52.959608323133416
3.1047014575E9	56.59810314167161
3.1047024785E9	0.0
3.1047034985E9	0.0
3.1047045185E9	59.03508771929825
3.104705538E9	0.0
3.1047065565E9	56.706648522550545
3.1047075745E9	0.0
3.104708592E9	0.0
3.104709608E9	53.58309591642925
3.104710623E9	6.0
3.104711638E9	59.80487804878049
3.1047126525E9	0.0
3.1047136665E9	0.0
3.10471468E9	0.0
3.104715693E9	29.061315103248997
3.104716706E9	59.85865724381625
3.1047177185E9	59.70232794809821
3.10471873E9	0.9403726708074535
3.104719741E9	0.0
3.104720751E9	32.56437168702901
3.1047217595E9	0.0
3.1047227675E9	0.0
3.104723775E9	0.0
3.104724782E9	59.40119760479042
3.104725789E9	57.91388798964066
3.1047267955E9	0.0
3.104727801E9	0.0
3.104728805E9	0.0
3.104729807E9	53.13843594009983
3.1047308075E9	0.0
3.104740963E9	0.0
3.104756475E9	53.941525016512685
3.104767963E9	56.936947444540344
3.104778484E9	59.81541810953436
3.1047881575E9	45.88444984019425
3.1047976135E9	57.166395096213535
3.1048068795E9	45.9137830576506
3.1048160235E9	59.845967258604176
3.104824959E9	43.28299901115977
3.1048336895E9	53.10082873840261
3.1048423175E9	26.93032959537804
3.1048506295E9	58.17496834975757
3.104858538E9	56.06018600288688
3.10486621E9	24.858249730993695
3.104873738E9	0.0
3.104881204E9	53.31811439458844
3.1048886055E9	57.62382754218889
3.104895888E9	56.51645750054228
3.1049030315E9	56.905942350698545
3.1049100215E9	28.585579954502617
3.104916928E9	40.70007817250065
3.1049238165E9	51.865321730238705
3.104930685E9	50.373450053891695
3.1049375335E9	56.514240323315896
3.1049443175E9	9.84633068081344
3.1049510255E9	58.20007615876446
3.104957646E9	57.10057785540556
3.1049641205E9	23.80277662356708
3.104970491E9	30.331589958158997
3.104976811E9	58.53855525914116
3.1049830915E9	48.722650307094156
3.104989311E9	51.40941221869464
3.104995483E9	41.08397264239705
3.1050016285E9	55.00969445414758
3.105007741E9	55.140887526550756
3.105013843E9	56.32185122344229
3.105019839E9	59.35294237433097
3.1050257E9	44.52315829659368
3.105031511E9	46.56757855291138
3.1050372955E9	1.9094635069097787
3.105043063E9	59.97866590812118
3.1050488005E9	59.61293681959268
3.1050545125E9	59.61272087226881
3.1050601615E9	43.925996657913586
3.1050657395E9	58.33930191599509
3.1050713015E9	46.160349822415476
3.1050767895E9	19.726194498747347
3.105082186E9	40.693850690516406
3.1050875235E9	59.32391895490627
3.105092801E9	56.158297554601454
3.105098007E9	56.36675459758453
3.1051031505E9	58.688563560871714
3.1051082045E9	56.40467277224413
3.105113172E9	41.217268292682924
3.105118124E9	55.160197037756916
3.105123046E9	56.88527510348356
3.105127928E9	0.9896999552171966
3.105132784E9	59.50075118614347
3.1051375455E9	57.26949891346577
3.105142205E9	59.33446808045594
3.1051468215E9	49.011002244238874
3.105151389E9	59.489619695021126
3.1051559265E9	53.34096145954989
3.105160444E9	58.98285742474944
3.105164943E9	58.15929721940728
3.1051694125E9	0.9971280873061459
3.1051738415E9	52.41056479517803
3.105178253E9	36.6992207266471
3.1051826085E9	12.346194317783233
3.1051869095E9	55.7904113457375
3.105191198E9	59.527994262491035
3.105195423E9	5.950684931506849
3.105199594E9	49.74380896122133
3.1052037465E9	4.925801867641088
3.105207865E9	38.31699065621308
3.10521196E9	28.51109139307897
3.105216012E9	54.601336118979
3.1052200195E9	5.988825214899713
3.105224006E9	52.20413191076624
3.1052278585E9	57.095055787636824
3.105231579E9	59.45507692307692
3.1052352765E9	50.180942891369334
3.1052389575E9	57.805213172055375
3.105242632E9	0.9440124416796267
3.1052463045E9	51.950410088655005
3.105249957E9	56.99145498420396
3.10525359E9	58.05677218771715
3.105257213E9	16.11683676581291
3.105260822E9	12.081329776529376
3.1052644205E9	55.416208548918156
3.1052680095E9	42.794869643056956
3.1052715945E9	0.9923142613151152
3.105275175E9	58.99155052851276
3.105278732E9	0.0
3.1052822555E9	39.274944158691774
3.105285765E9	56.37831205632322
3.1052892635E9	53.46433122580013
3.105292744E9	1.408930669800235
3.105296203E9	0.0
3.105299639E9	58.1234352809063
3.10530305E9	52.569038574450175
3.105306431E9	59.029597271933035
3.105309783E9	50.62408295239157
3.1053131135E9	55.84265247462499
3.105316433E9	52.19584547504363
3.105319747E9	51.44102222087489
3.105323045E9	50.792466240227434
3.1053263115E9	0.9802631578947368
3.10532956E9	0.9849397590361446
3.105332802E9	57.861521466971055
3.105336038E9	0.0
3.1053392555E9	59.35472739820566
3.105342453E9	59.18507627952756
3.105345638E9	15.960213686491846
3.1053488045E9	58.34632415840588
3.105351955E9	42.570258017796384
3.105355096E9	57.78447430364849
3.1053582345E9	55.94899514533168
3.1053613715E9	0.0
3.1053645055E9	0.0
3.1053676375E9	48.23727984344423
3.105370751E9	40.875830066405314
3.1053738455E9	57.82870445927135
3.105376939E9	54.946735220410766
3.105380015E9	1.0
3.105383037E9	57.15622249235025
3.105386017E9	0.9618528610354223
3.105388988E9	49.65688195913837
3.105391952E9	23.06144278606965
3.10539491E9	56.96324544748425
3.105397855E9	47.8754547851305
3.105400789E9	20.61766756982314
3.10540371E9	26.5995670995671
3.1054066165E9	54.772519317573256
3.1054095145E9	57.74873434359709
3.1054124035E9	32.302451738414725
3.105415289E9	14.727876503320768
3.1054181705E9	19.302402260951485
3.105421047E9	32.10252544289484
3.105423915E9	59.597551232911144
3.1054267735E9	39.71887159533074
3.1054296205E9	48.647961386022054
3.10543244E9	54.2483244543736
3.105435239E9	48.1497894158579
3.1054380315E9	55.403602912993485
3.105440812E9	55.49694041022139
3.105443576E9	58.38644105813579
3.1054463305E9	0.9515325670498084
3.105449079E9	59.87538159909043
3.105451813E9	36.79827404893808
3.1054545365E9	55.78428222001617
3.1054572385E9	56.47683473609691
3.105459914E9	32.961722488038276
3.10546258E9	29.812483533328543
3.1054652375E9	27.018286759243384
3.105467887E9	58.66283800782504
3.105470528E9	55.38498897969533
3.105473162E9	0.9966009517335146
3.105475793E9	43.0890411869794
3.1054784135E9	41.90086635421105
3.105481019E9	45.7276332094176
3.1054836015E9	57.26302089458623
3.1054861625E9	24.06673331667083
3.105488716E9	58.98963464696223
3.105491267E9	27.74151521465827
3.1054938115E9	54.323783094577365
3.1054963495E9	54.25222551928783
3.105498881E9	0.0
3.1055013925E9	0.16970458830923948
3.1055038895E9	0.0
3.105506379E9	49.313857739893244
3.105508858E9	50.051138648943706
3.10551133E9	59.110060914796
3.105513792E9	48.59204180064309
3.1055162415E9	0.0
3.105518682E9	58.399246162280704
3.105521118E9	53.96537764200382
3.105523549E9	44.50394587303105
3.105525972E9	59.92671552298468
3.105528388E9	41.309891911789315
3.1055308005E9	40.07286767440334
3.1055332065E9	55.321076375507246
3.105535606E9	53.20369529277111
3.1055380035E9	44.66785011313257
3.105540398E9	27.683170578493517
3.1055427875E9	59.00722993297799
3.1055451725E9	21.39802678957223
3.1055475555E9	59.62736046999581
3.1055499375E9	31.510877960865088
3.105552312E9	0.968609865470852
3.1055546785E9	19.844559585492227
3.1055570425E9	50.027940533449936
3.105559404E9	55.98475860383479
3.105561761E9	49.98081335295569
3.105564112E9	22.124039806760656
3.1055664605E9	58.68936154924011
3.1055688045E9	36.754459404045924
3.105571144E9	34.725051975051976
3.1055734815E9	40.612919071595236
3.105575816E9	43.33958887209161
3.1055781475E9	0.0
3.105580476E9	35.9612127599603
3.1055827985E9	53.14321920428462
3.105585104E9	44.956838342380514
3.1055873965E9	58.86225716327724
3.105589686E9	50.55457059287433
3.1055919665E9	46.01455230914232
3.1055942405E9	21.826923076923077
3.105596511E9	59.25801109547073
3.1055987745E9	40.83501302230778
3.105601033E9	41.59026598754952
3.1056032815E9	58.1757886649191
3.105605521E9	47.446010310433714
3.1056077565E9	37.69381564650489
3.1056099875E9	46.938835484756936
3.1056122175E9	0.0
3.1056144435E9	21.941592920353983
3.1056166625E9	0.0
3.1056188775E9	19.56653404067197
3.1056210895E9	9.894538979026514
3.105623296E9	25.66921675774135
3.105625496E9	43.43476326660311
3.1056276925E9	45.91933633395111
3.1056298885E9	58.48300731653583
3.105632076E9	41.92791683268736
3.1056342545E9	47.10300744670651
3.1056364325E9	21.922562204046493
3.1056386075E9	0.967391304347826
3.1056407785E9	51.68853174949777
3.105642947E9	54.67063361785949
3.105645114E9	2.8101571946795647
3.105647276E9	47.23826750419311
3.105649431E9	0.0
3.105651583E9	0.0
3.105653732E9	45.66181445128376
3.105655878E9	44.62428735716558
3.1056580215E9	43.418201997780244
3.1056601635E9	49.9662382193907
3.1056623025E9	19.081028362495672
3.1056644355E9	29.125029282940645
3.1056665645E9	54.03012563812552
3.1056686915E9	59.438413361169104
3.1056708175E9	0.0
3.10567294E9	52.53394579931929
3.105675053E9	34.184092612933036
3.105677152E9	57.959086044573326
3.105679241E9	38.87075227752266
3.1056813275E9	18.760153130981678
3.105683412E9	57.897430470304364
3.105685491E9	21.044488349911433
3.105687566E9	48.27229560400219
3.1056896395E9	32.48604436229205
3.1056917095E9	36.754693963310245
3.105693777E9	0.0
3.105695838E9	0.0
3.105697891E9	53.81696276631951
3.1056999415E9	52.66856736505261
3.105701983E9	49.94636579848019
3.1057040115E9	52.3115338882283
3.1057060315E9	12.656054087277198
3.105708045E9	39.868324687213914
3.105710055E9	30.834036192814818
3.105712061E9	44.83788303002022
3.105714063E9	20.402416234072675
