#Position (bp)	mapping quality
3882144.5	54.63509898682529
1.16464325E7	56.63042787545282
1.94107205E7	57.18806345948742
2.71750085E7	58.128863677110026
3.49392965E7	58.16270373900004
4.27035845E7	58.19247658794895
5.04678725E7	58.17187477474361
5.82321605E7	58.10603374516792
6.59964485E7	58.076833458205726
7.37607365E7	58.0956459629432
8.15250245E7	58.067781861064404
8.92893125E7	58.09511905251617
9.70536005E7	58.13135392833172
1.048178885E8	56.534104573529376
1.125821765E8	58.06827268386338
1.203464645E8	23.041042840352837
1.281107525E8	11.515931343880423
1.358750405E8	0.0
1.436393285E8	30.625585822079948
1.514036165E8	52.35867737383026
1.591679045E8	57.38128884135409
1.669321925E8	58.05894505501829
1.746964805E8	58.1264304215314
1.824607685E8	58.14723717202194
1.902250565E8	58.1340762753742
1.979893445E8	58.11083799085866
2.057536325E8	57.5080780444749
2.135179205E8	58.1344673467711
2.212822085E8	58.039454434316255
2.290464965E8	57.1663689196486
2.368107845E8	58.04324256671643
2.445750725E8	57.97503810017212
2.487068195E8	51.36371866015596
2.525889635E8	57.98006366893466
2.601036485E8	58.102072664084986
2.678679365E8	58.055265017232166
2.756322245E8	58.19944486666867
2.833965125E8	57.63234555617998
2.911608005E8	58.1107709562976
2.989250885E8	58.147046949826375
3.066893765E8	58.16547890965106
3.144536645E8	58.11923961012413
3.222179525E8	58.094871521424324
3.299822405E8	58.0959241389764
3.377465285E8	40.40311301278957
3.455108165E8	53.17418640205727
3.532751045E8	57.664494708903604
3.610393925E8	52.00354905086584
3.688036805E8	58.103101248603544
3.765679685E8	56.33945075767014
3.843322565E8	57.910677070408845
3.920965445E8	58.11389868070224
3.998608325E8	58.043812759266636
4.076251205E8	58.11675637483048
4.153894085E8	58.027800371769246
4.231536965E8	58.077348868372646
4.309179845E8	58.17212672705243
4.386822725E8	58.085294399940594
4.464465605E8	58.09056390648149
4.542108485E8	58.12801346100024
4.619751365E8	58.135092458860484
4.697394245E8	58.078124463674584
4.775037125E8	58.11421648251588
4.852680005E8	57.993948732085805
4.90150048E8	57.10627638861235
4.94032192E8	58.000423069503896
5.007965765E8	58.10970801228571
5.085608645E8	58.1119181743703
5.163251525E8	58.11768251805772
5.240894405E8	58.09667158228836
5.318537285E8	58.0927748373713
5.396180165E8	58.20283827804898
5.473823045E8	58.11353772641729
5.551465925E8	58.09598809924008
5.629108805E8	58.060512049335244
5.706751685E8	57.94909598951597
5.784394565E8	54.37037437814451
5.862037445E8	43.821613850403416
5.939680325E8	58.07360413282914
6.017323205E8	58.1325919779556
6.094966085E8	58.110939832634834
6.172608965E8	58.06213677830012
6.250251845E8	58.03114267728881
6.327894725E8	58.04334301818801
6.405537605E8	58.073044043397424
6.483180485E8	58.10114585314905
6.560823365E8	58.17517452330199
6.638466245E8	58.16415671005635
6.716109125E8	58.17324465915893
6.793752005E8	57.91316460357487
6.863514275E8	57.26030647228222
6.902335715E8	55.808105052129584
6.949037765E8	56.5841876234118
7.026680645E8	57.430883795017785
7.104323525E8	58.00640362481137
7.181966405E8	58.08870159963126
7.259609285E8	58.17348071795343
7.337252165E8	58.122190397719656
7.414895045E8	31.21955226537714
7.492537925E8	58.02692157138269
7.570180805E8	58.03457416366436
7.647823685E8	58.086790564255644
7.725466565E8	58.110454994203046
7.803109445E8	58.11930538111261
7.880752325E8	58.12952848618754
7.958395205E8	58.10228908231724
8.036038085E8	58.086482095898326
8.113680965E8	58.052696777804826
8.191323845E8	57.965057520604525
8.268966725E8	58.02080181887345
8.346609605E8	58.023351788456004
8.424252485E8	58.1338855955082
8.501895365E8	58.07333530563515
8.579538245E8	58.03063757256739
8.657181125E8	58.10534771125985
8.734824005E8	58.04974800346502
8.78512305E8	54.16729019355975
8.82394449E8	57.709930202673206
8.890109765E8	58.03801492152275
8.967752645E8	57.5330626835732
9.045395525E8	57.9755807835606
9.123038405E8	57.95412411703768
9.200681285E8	58.115397316077164
9.278324165E8	43.72892120520944
9.355967045E8	58.164587500650626
9.433609925E8	58.11422279009551
9.511252805E8	48.992693005220346
9.588895685E8	58.10914079135293
9.666538565E8	58.12893170448359
9.744181445E8	58.07839114736556
9.821824325E8	57.90717036301107
9.899467205E8	58.02950933003267
9.977110085E8	58.06851384727514
1.0054752965E9	58.09238411016859
1.0132395845E9	58.09309132685892
1.0210038725E9	58.13683312119409
1.0287681605E9	58.03828749551808
1.0365324485E9	58.09593682445601
1.0442967365E9	58.103539788058974
1.0520610245E9	57.29987492858037
1.0585707465E9	55.94335355075128
1.0624528905E9	57.561753634655375
1.0675896005E9	58.096545836668085
1.0753538885E9	58.1873413003335
1.0831181765E9	58.09412617187431
1.0908824645E9	56.50132441714946
1.0986467525E9	58.13798847562347
1.1064110405E9	58.14383886479235
1.1141753285E9	58.15749463026459
1.1219396165E9	40.30761012387888
1.1297039045E9	58.126653890776744
1.1374681925E9	58.157244887609224
1.1452324805E9	58.045730648779035
1.1529967685E9	58.12116413731275
1.1607610565E9	58.118584770002506
1.1685253445E9	58.1413508118122
1.1762896325E9	58.14028817941861
1.1840539205E9	58.1455473945961
1.1918182085E9	58.14342122855155
1.1995824965E9	58.16019537876699
1.2073467845E9	58.16370055317921
1.2151110725E9	58.08890280220309
1.2228753605E9	57.713519214437554
1.229380904E9	57.16087000620384
1.233263048E9	57.450770900730284
1.2384039365E9	57.366196188917854
1.2461682245E9	58.107597658031665
1.2539325125E9	58.07286147394241
1.2616968005E9	57.989337609944165
1.2694610885E9	58.07422003732032
1.2772253765E9	58.09711241386212
1.2849896645E9	57.395246882094234
1.2927539525E9	27.90290327350552
1.3005182405E9	57.21386967789003
1.3082825285E9	53.23529774943396
1.3160468165E9	58.16773030242565
1.3238111045E9	58.11838891598261
1.3315753925E9	54.87119995641763
1.3393396805E9	58.17824980188572
1.3471039685E9	58.130754527798665
1.3548682565E9	58.10847096396352
1.3626325445E9	58.03598063275169
1.3703968325E9	58.13480333320236
1.3781611205E9	55.39389948678355
1.3859254085E9	57.80433222681748
1.3905789145E9	57.319828378246655
1.3944610585E9	56.18692200429523
1.4014539845E9	50.77883028019409
1.4092182725E9	58.07595042821002
1.4169825605E9	58.11631960868153
1.4247468485E9	58.109410543025525
1.4325111365E9	49.47472764512147
1.4402754245E9	54.06819111408454
1.4480397125E9	58.096690703443215
1.4558040005E9	58.164597646550035
1.4635682885E9	58.091277045542235
1.4713325765E9	58.16908709125682
1.4790968645E9	52.08954254787266
1.4868611525E9	58.15059631760387
1.4946254405E9	58.116662903644425
1.5023897285E9	58.13652741550645
1.5101540165E9	58.157066670203406
1.5179183045E9	58.091223065383254
1.5256825925E9	58.073618987815614
1.5330268245E9	57.95653329478657
1.5369089685E9	56.51440879321007
1.5412111685E9	58.13780866069284
1.5489754565E9	58.14056929077216
1.5567397445E9	58.06697100689797
1.5645040325E9	58.114454141899024
1.5722683205E9	55.415582764192116
1.5800326085E9	25.837954406768706
1.5877968965E9	0.0
1.5955611845E9	18.630786107625948
1.6033254725E9	37.17183800650913
1.6110897605E9	58.105682919018854
1.6188540485E9	57.97305343248983
1.6266183365E9	58.06078598129467
1.6343826245E9	58.00751506963308
1.6421469125E9	58.147486664385156
1.6499112005E9	58.02166097876297
1.6576754885E9	58.1077384826742
1.6654397765E9	58.120810501428764
1.672102775E9	57.09486926316848
1.675984919E9	56.7502995001974
1.6809683525E9	58.005903300308574
1.6887326405E9	58.154656317086435
1.6964969285E9	58.099939179720884
1.7042612165E9	58.04951517641077
1.7120255045E9	43.25749995539978
1.7197897925E9	42.79332718992114
1.7275540805E9	57.79890273678618
1.7353183685E9	58.084549497451114
1.7430826565E9	58.132517185505655
1.7508469445E9	58.05347275534973
1.7586112325E9	57.35309078828776
1.7663755205E9	58.11884168313333
1.7741398085E9	58.15250605118178
1.7819040965E9	58.03877060106935
1.7896683845E9	58.10563538248065
1.7974326725E9	58.04555085465822
1.804997934E9	56.06101522024159
1.808880078E9	43.607590651731314
1.8129612485E9	57.36683794868451
1.8207255365E9	58.113058690563676
1.8284898245E9	58.0879806863757
1.8362541125E9	58.03893604601308
1.8440184005E9	58.14689519229617
1.8517826885E9	58.109648411946566
1.8595469765E9	34.415792173335724
1.8673112645E9	58.02716337311996
1.8750755525E9	58.08764381657652
1.8828398405E9	58.080692503475404
1.8906041285E9	58.130929259833785
1.8983684165E9	56.70037272777923
1.9061327045E9	58.06314639510596
1.9138969925E9	58.09052016178949
1.9216612805E9	58.13170170244588
1.9294255685E9	58.100184552774344
1.9371898565E9	58.11337968212913
1.942419837E9	57.9917078494582
1.946301981E9	57.86577170700309
1.9527184325E9	57.87458335624526
1.9604827205E9	58.12714586071186
1.9682470085E9	58.12095230390508
1.9760112965E9	44.00796736232464
1.9837755845E9	52.34742919005017
1.9915398725E9	58.1173315861435
1.9993041605E9	58.15343272068247
2.0070684485E9	58.10544624530271
2.0148327365E9	58.08226516440967
2.0225970245E9	58.15299229053642
2.0303613125E9	58.0819953615008
2.0381256005E9	58.11517541687239
2.0458898885E9	58.119773913260055
2.0536541765E9	58.18496237429237
2.0614184645E9	58.18760865157757
2.0691827525E9	58.08626826240766
2.0750539395E9	57.86653517101107
2.0789360835E9	0.0
2.0847113285E9	0.0
2.0924756165E9	11.846167170069803
2.1002399045E9	58.094559052918804
2.1080041925E9	58.154887591618895
2.1157684805E9	58.11751063008514
2.1235327685E9	58.107327908831905
2.1312970565E9	57.54760893274418
2.1390613445E9	57.949915344237446
2.1468256325E9	58.14824955931866
2.1545899205E9	58.10251664659005
2.1623542085E9	58.090463400250336
2.1701184965E9	58.181174276499355
2.1778827845E9	58.10709568072323
2.1856470725E9	57.93560652266939
2.1904682635E9	57.85822575043685
2.1943504075E9	0.0
2.2011756485E9	0.0
2.2089399365E9	39.476310190665906
2.2167042245E9	58.13028021122026
2.2244685125E9	58.17034603234881
2.2322328005E9	58.042779970602176
2.2399970885E9	58.14417989796643
2.2477613765E9	58.16185662546029
2.2555256645E9	58.12178934834965
2.2632899525E9	58.134965111897344
2.2710542405E9	58.08049338995648
2.2788185285E9	58.08741873837784
2.2865828165E9	58.113945136083544
2.2943471045E9	57.89008693613673
2.2983401385E9	58.038583412506476
2.3022222825E9	0.0
2.3098756805E9	0.0
2.3176399685E9	25.726746465941325
2.3254042565E9	52.948295745020594
2.3331685445E9	55.68284694737196
2.3409328325E9	57.867284096259716
2.3486971205E9	58.13324407393275
2.3564614085E9	58.08793390241677
2.3642256965E9	58.12118774961234
2.3719899845E9	57.62855305939619
2.3797542725E9	56.2806770047821
2.3875185605E9	57.82589328565421
2.3952828485E9	58.03596243696281
2.399803605E9	54.84930806943193
2.403685749E9	57.83169814373373
2.4108114245E9	58.16246634232588
2.4185757125E9	50.1936797234916
2.4263400005E9	54.290729377180966
2.4341042885E9	39.2187045165783
2.4418685765E9	1.9470479326286134
2.4496328645E9	48.584459606491684
2.4573971525E9	58.08582784342536
2.4651614405E9	58.17035532351982
2.4729257285E9	57.2318036092124
2.4806900165E9	58.040679381281436
2.4876763615E9	57.15262883626887
2.4915585055E9	57.05271162792947
2.4962185925E9	58.052178997834616
2.5039828805E9	58.034737553713285
2.5117471685E9	42.56628653211544
2.5195114565E9	48.851174473314224
2.5272757445E9	55.75009023915819
2.5350400325E9	55.39281554074696
2.5428043205E9	58.208981371721826
2.5505686085E9	58.04337363318713
2.5583328965E9	57.869840108534554
2.5660971845E9	58.13246046512321
2.572008666E9	57.710713344885015
2.57589081E9	56.29590969160837
2.5816257605E9	58.05527741205709
2.5893900485E9	30.061533369079136
2.5971543365E9	54.17180782646661
2.6049186245E9	58.07865754529389
2.6126829125E9	58.053674355249726
2.6204472005E9	58.0256266436678
2.6282114885E9	58.057320161330416
2.6359757765E9	58.151517444716916
2.6437400645E9	58.121389261134055
2.6510167485E9	57.828509898154024
2.6548988925E9	49.07322654022889
2.6592686405E9	57.999044170174756
2.6670329285E9	57.74881613943419
2.6747972165E9	58.19663845846165
2.6825615045E9	57.000568040524726
2.6903257925E9	56.22065498941246
2.6980900805E9	58.198691574997284
2.7058543685E9	56.474208520079046
2.7113827085E9	58.02979139259184
2.7152648525E9	57.9511098452592
2.7213829445E9	58.09785814998993
2.7291472325E9	58.168574538323085
2.7369115205E9	41.7600689789488
2.7446758085E9	46.40154519896668
2.7524400965E9	58.154396782832926
2.7602043845E9	58.04114862019022
2.7679686725E9	58.09825590938924
2.774661944E9	57.78613801273445
2.778544088E9	0.0
2.7834972485E9	24.068924153978486
2.7912615365E9	53.258563131220754
2.7990258245E9	58.14876625489512
2.8067901125E9	58.13611089890094
2.8145544005E9	57.88584669481166
2.8213097995E9	56.08285623405757
2.8251919435E9	0.0
2.8300829765E9	0.0
2.8378472645E9	38.24132439740503
2.8456115525E9	54.188157006303946
2.8533758405E9	58.184910218186324
2.8611401285E9	58.108235074738595
2.8689044165E9	58.1277833543321
2.8738940415E9	57.50490669712484
2.8777761855E9	56.43081112528656
2.8844329925E9	57.99067255529106
2.8921972805E9	58.13200960264893
2.8999615685E9	58.18036066005643
2.9077258565E9	58.12069916811022
2.9154901445E9	58.02706110266448
2.9232544325E9	56.2675746199103
2.9310187205E9	44.03185294681298
2.9387830085E9	46.53013954602629
2.9465472965E9	55.8776062157346
2.9543115845E9	58.07531309561405
2.9620758725E9	57.7077151160951
2.9698401605E9	57.85341454921481
2.9776044485E9	56.17257202622972
2.9853687365E9	58.12812364953196
2.9931330245E9	56.57511847681418
3.0008973125E9	58.08715132197537
3.0086616005E9	56.85161548549533
3.0164258885E9	56.27941895396663
3.0241901765E9	57.07276708546961
3.029557369E9	53.52623422001803
3.033439513E9	57.55515424275321
3.0397187525E9	39.88638627664368
3.0474830405E9	46.447323262514864
3.0552473285E9	20.081985810708638
3.0630116165E9	0.0
3.0707759045E9	0.0
3.0785401925E9	0.0
3.0853460845E9	5.005964538925448
3.088278117E9	57.99613360651645
3.088373929E9	49.03220575729519
3.0884774725E9	44.383986370418846
3.0885573295E9	55.11908257082446
3.0886546005E9	25.835544828947434
3.0887081185E9	43.84651344451264
3.0887493115E9	38.47700017992037
3.088858438E9	27.95951138675291
3.088966832E9	51.85268395774575
3.089008063E9	41.29520082334024
3.089109657E9	10.254824010662382
3.089267292E9	7.005265067755287
3.08942189E9	10.481665103019308
3.089604443E9	37.89996711508735
3.089755642E9	46.593065969100344
3.0898220175E9	8.507167380352278
3.0898610755E9	19.37851483905812
3.089968525E9	36.559353880983636
3.0900764725E9	43.56898183508783
3.090141311E9	2.221195628604883
3.090191469E9	0.48266988339364697
3.090297168E9	36.84273790041013
3.090503609E9	33.324458798286216
3.0907062205E9	51.38277416567044
3.09089898E9	41.83840198813086
3.091013772E9	47.44640869957356
3.091052607E9	53.529545924708884
3.0911587895E9	44.50482013708543
3.091267064E9	0.9810281517747858
3.0915130575E9	9.873995219675436
3.092673561E9	24.100892516042197
3.093702736E9	47.39815688603986
3.093935951E9	33.26577296306883
3.094132646E9	32.97138915388225
3.0942642985E9	16.429045724669713
3.094360447E9	49.04546501198045
3.0944711045E9	19.972225823364372
3.0946435155E9	13.543775943508756
3.094747446E9	41.23027723389892
3.0948598115E9	8.625595564525845
3.0950026905E9	35.28567683594703
3.095104297E9	37.44690543768693
3.095190977E9	16.7340610500108
3.0952465895E9	49.48923573735199
3.0952663465E9	0.9812680115273775
3.095268566E9	0.0
3.0952706195E9	16.769021739130434
3.0952723265E9	0.0
3.0952838005E9	34.64933444259567
3.0952967465E9	12.437039779505533
3.095299555E9	0.0
3.0953008775E9	0.0
3.0953027375E9	0.0
3.0953043745E9	0.0
3.095311073E9	11.618162393162393
3.0953361175E9	0.9857949683381825
3.095355552E9	0.9560439560439561
3.0953574645E9	6.175724637681159
3.095360032E9	0.0
3.095361791E9	33.26740867579909
3.095363378E9	23.30864654693575
3.095365611E9	59.95226730310262
3.0953678415E9	0.0
3.095369933E9	30.19924337957125
3.095371677E9	0.0
3.09537289E9	1.9959225280326198
3.0953743225E9	0.0
3.095375945E9	34.70596727622714
3.095572656E9	45.00089875328118
3.095769303E9	50.56322003123935
3.0957708065E9	23.968433956481764
3.0957736535E9	50.98300541194914
3.095822105E9	45.44142163005603
3.095924849E9	22.529676432206738
3.095983129E9	55.57241595275907
3.095986364E9	23.042750820096177
3.0959887305E9	37.06783187682064
3.0959909825E9	23.322078607227645
3.095993051E9	41.398206411336275
3.0959946765E9	49.03444847350568
3.096006671E9	39.13357840903337
3.0960870785E9	40.29334068481063
3.0961589785E9	52.423767281789594
3.096165879E9	50.10641580594009
3.096173123E9	50.52979000449821
3.09617898E9	52.297762927771544
3.096183283E9	55.6325048869031
3.096185859E9	27.73475369180476
3.0961883E9	25.55528910205169
3.0961908755E9	0.0
3.096192456E9	0.9777365491651205
3.096238607E9	46.326065939674365
3.0962848625E9	4.412133072407045
3.096286263E9	0.0
3.0962877625E9	49.95932304038005
3.096289947E9	43.617031561562165
3.096292208E9	59.648208469055376
3.0962965075E9	19.92212467076383
3.096315547E9	17.901972932138488
3.0963533005E9	34.93542656108943
3.09637788E9	47.54870907332648
3.096382479E9	55.223167786986885
3.0963879875E9	27.86572874244107
3.0963943185E9	17.489324036272986
3.096398918E9	26.28226501868353
3.0964033365E9	30.316196333009596
3.0964070605E9	37.52747108307045
3.0964084065E9	50.339069471000634
3.0964096105E9	26.76446522501461
3.096411644E9	22.5369593703394
3.0964135175E9	0.0
3.0964147555E9	0.9943977591036415
3.0964161835E9	40.869972666926984
3.0964174105E9	22.958384837247632
3.096418484E9	26.097197670037964
3.096419946E9	0.0
3.096422275E9	27.100300628587046
3.0964254675E9	7.215579710144928
3.0964313925E9	2.7693643814796722
3.0964360765E9	0.0
3.096437123E9	0.0
3.0964382945E9	0.0
3.096440137E9	12.636729994242948
3.096442099E9	0.0
3.096443439E9	0.0
3.0964449505E9	3.0956166738289643
3.0964464985E9	0.0
3.0964475915E9	0.0
3.0964489705E9	0.0
3.0964506065E9	0.0
3.0964522235E9	0.0
3.0964537525E9	23.632075471698112
3.0964552355E9	55.90443686006826
3.09645655E9	0.0
3.0964580005E9	0.9949579831932773
3.0964594605E9	0.0
3.096462063E9	0.0
3.0964647385E9	0.0
3.0964666345E9	0.0
3.0964687875E9	7.3290170688640375
3.096470338E9	59.54514128187457
3.0964722525E9	0.986905281536447
3.096474844E9	0.20624048706240486
3.0964802425E9	55.26087594992474
3.0964880595E9	54.3828115275784
3.0965833285E9	34.108574165452765
3.0967643755E9	52.01487732277548
3.0969348755E9	22.271105373376425
3.097105623E9	38.805731246776645
3.0972741855E9	11.0242730396162
3.0973604055E9	2.7354961202047217
3.097450029E9	4.61826179961358
3.0976374775E9	40.80694788991759
3.0978270425E9	33.88380189656743
3.0979310955E9	36.21427741437174
3.097952041E9	11.0
3.0979864125E9	54.824093203050495
3.098119023E9	20.222156383606322
3.098265051E9	8.23141192998714
3.098391091E9	51.317605992225964
3.0985448955E9	41.019084779559364
3.0986946915E9	35.17855795093901
3.098783935E9	0.0
3.0988292795E9	32.69180149969312
3.098880847E9	21.238292961248966
3.098919304E9	35.20668368530982
3.0989774605E9	26.52800935902065
3.099052881E9	37.994579541214925
3.0991573655E9	28.77619173946138
3.099319594E9	27.7355318266264
3.0995012675E9	23.704292353227068
3.099670145E9	42.241253538141606
3.09983663E9	0.0
3.0999236415E9	0.0
3.099926258E9	51.02660663119116
3.0999293305E9	54.10075179717939
3.0999317075E9	48.06660823838738
3.099933225E9	37.71785421785422
3.099934473E9	0.0
3.099935544E9	0.0
3.099936873E9	55.64416513165023
3.0999392435E9	57.26317619591674
3.0999417715E9	57.237917692578264
3.099944294E9	58.07799442896936
3.099947122E9	59.25
3.099949542E9	2.028325564718537
3.099951465E9	0.0
3.0999532635E9	58.676081200353046
3.0999548975E9	39.79437465865647
3.099956276E9	0.0
3.0999589355E9	58.86662119662006
3.099961492E9	0.0
3.0999627755E9	22.785046728971963
3.099966206E9	44.27974693492612
3.099971928E9	59.19765664798777
3.0999763185E9	56.68483647175421
3.0999787225E9	0.0
3.099980804E9	0.0
3.099982934E9	53.46244343891403
3.0999846185E9	33.73141263940521
3.0999859675E9	58.3868169991327
3.099987108E9	0.0
3.0999883185E9	53.725190839694655
3.099989888E9	58.675862068965515
3.0999934275E9	56.904679914192165
3.099997199E9	46.57709759286318
3.0999989405E9	0.0
3.100000503E9	56.31058080364976
3.100002242E9	39.4906191369606
3.100004537E9	54.30111473626971
3.100007437E9	55.88371420306624
3.1000093805E9	0.0
3.1000104305E9	50.35514018691589
3.100011833E9	59.465648854961835
3.1000136915E9	54.26673086181993
3.1000154645E9	52.37280385078219
3.100017134E9	32.68585131894484
3.1000187915E9	0.0
3.100020568E9	51.16686893203884
3.1000221625E9	0.0
3.1000236955E9	54.574095682613766
3.1000264625E9	16.654114365411438
3.100029677E9	58.23083843631193
3.100031578E9	54.05172413793103
3.1000326205E9	0.0
3.100033658E9	0.0
3.100035464E9	42.69878148661975
3.1000409715E9	42.1859768418607
3.1000479435E9	8.400470998855342
3.100051797E9	50.99026621320511
3.100053416E9	48.48554913294798
3.10005829E9	55.674301225770876
3.1000639665E9	31.62833173696205
3.1000665115E9	43.16494478090488
3.100068816E9	0.0
3.100070957E9	54.330550918197
3.1000725955E9	29.985587113183552
3.10007379E9	31.48484743170918
3.1000757855E9	58.04542459047261
3.1000785755E9	58.11057153530071
3.1000897445E9	57.36637944442716
3.1001009405E9	58.14469264807805
3.1001076425E9	57.2874546142739
3.1001174535E9	0.0
3.10012562E9	58.01127930341594
3.1001304845E9	58.04711326112104
3.1001326025E9	49.55108740254411
3.100134138E9	25.190396891479324
3.100136976E9	58.830327407984086
3.1001412695E9	58.02285169813149
3.1001454075E9	0.0
3.1001489115E9	0.0
3.1001523505E9	57.19855954302744
3.1001553555E9	46.8128
3.1001569595E9	56.0155465199713
3.1001596515E9	57.867673698357976
3.100164687E9	56.00906817702528
3.100169456E9	58.185222166749874
3.100173756E9	58.40665471610707
3.100178605E9	0.0
3.100182461E9	56.41503159294978
3.1001845245E9	18.99343765774861
3.100186698E9	58.110803043110735
3.1001901715E9	54.9077198604958
3.1001926785E9	45.31091578086672
3.1001942255E9	0.0
3.100196577E9	57.595884003741816
3.100199826E9	56.850159404888416
3.1002050385E9	58.35995131765232
3.1002116325E9	58.854990479102675
3.100215983E9	57.90665646518745
3.100218536E9	0.0
3.1002222875E9	0.0
3.100226716E9	0.0
3.100230998E9	57.79486830463486
3.10023432E9	58.908098271155595
3.100237109E9	33.30836644297854
3.100241596E9	57.73929535341746
3.1002465235E9	0.0
3.100249222E9	0.0
3.1002504975E9	57.15871496924129
3.1002526125E9	57.670353468945784
3.1002555955E9	58.83891891891892
3.1002585615E9	57.23721458828391
3.1002608765E9	59.35984481086324
3.100264232E9	0.0
3.1002683515E9	0.0
3.1002730005E9	57.65978475730288
3.100276567E9	0.0
3.1002785615E9	57.14853508971156
3.1002805655E9	35.80265994373196
3.1002818545E9	0.0
3.100283864E9	0.0
3.100286221E9	0.0
3.1002886105E9	52.011498364677024
3.100297238E9	0.0
3.100308266E9	0.0
3.1003148695E9	5.377634068012846
3.1003201675E9	58.31319997097312
3.100323191E9	54.04336734693877
3.100327556E9	58.73519473972132
3.1003361335E9	57.827284666389055
3.100341505E9	32.81017909541637
3.100343284E9	58.52617732175743
3.1003451525E9	58.81312319073657
3.10034797E9	56.92732130928524
3.1003522945E9	57.61887375368628
3.1003595775E9	55.377469742422676
3.100367519E9	58.338780641106226
3.1003726985E9	59.13656764265869
3.1003758895E9	59.02089552238806
3.1003787135E9	54.25664909915431
3.1003813635E9	0.0
3.100384543E9	59.083047883680265
3.100388122E9	10.315824468085106
3.100390936E9	59.07222274128749
3.1003962175E9	58.69540702887958
3.1004020815E9	57.88872159868601
3.1004062135E9	40.46744622491699
3.100409423E9	58.748551564310546
3.1004119315E9	58.734481784806555
3.100414125E9	0.0
3.100417918E9	58.412290467254046
3.100423028E9	56.53570374741812
3.1004269835E9	57.33129648241206
3.1004299135E9	58.46553543882439
3.100431937E9	0.0
3.100433132E9	0.0
3.100434876E9	0.0
3.1004377605E9	55.521426270003225
3.1004408225E9	59.37594363361852
3.1004441155E9	0.0
3.1004490815E9	58.241954474097334
3.100453243E9	58.91315136476427
3.1004556705E9	58.637064446500155
3.1004587745E9	0.0
3.100461398E9	56.70436187399031
3.100462798E9	42.48561310314298
3.1004649905E9	59.0234914785813
3.100471036E9	0.0
3.1004779445E9	57.145307431298704
3.1004820575E9	42.78570442941907
3.100486718E9	58.889207395728825
3.1004910255E9	0.0
3.10049749E9	0.0
3.1005038655E9	0.0
3.1005113075E9	0.0
3.100520375E9	59.147869674185465
3.100524579E9	53.84868202327238
3.100528576E9	58.9628632712285
3.100533401E9	57.233016112315084
3.1005371995E9	59.1145718901454
3.100540127E9	59.3842645381984
3.100544135E9	0.0
3.1005486665E9	56.4058409800177
3.1005512115E9	59.10156584238898
3.100552639E9	59.49367088607595
3.1005539095E9	0.0
3.1005560785E9	59.422047805922226
3.100558656E9	57.161649842415386
3.100561947E9	56.04312402271418
3.10056789E9	0.0
3.100573138E9	0.0
3.100576513E9	57.89708265802269
3.100580371E9	58.61114490813968
3.100591292E9	11.840265322007513
3.100602639E9	0.0
3.100606305E9	59.13735221135601
3.100608874E9	58.19651662994439
3.1006116575E9	58.69998327799145
3.1006156585E9	56.670421266050916
3.100620518E9	58.321084435734114
3.1006254325E9	57.79733213765273
3.1006312815E9	0.0
3.1006367155E9	41.81065904437552
3.100640534E9	58.32973537604457
3.100643878E9	43.18975927864101
3.100647993E9	0.0
3.1006508345E9	59.83425414364641
3.100653317E9	57.118377753401916
3.1006563755E9	59.411075300322295
3.1006598935E9	59.1369150779896
3.1006649805E9	59.44547134935305
3.1006712605E9	59.1178302944719
3.1006757165E9	0.0
3.100677201E9	22.685570952646383
3.10067847E9	58.75060532687651
3.100683289E9	56.57340854149879
3.1006885805E9	58.41844732282815
3.100691006E9	59.50256937307297
3.1006942785E9	0.0
3.1006969395E9	0.0
3.1006991355E9	40.09374707479172
3.1007016905E9	58.99769585253456
3.100704182E9	0.0
3.100706833E9	41.056233252449886
3.100708945E9	0.0
3.100712266E9	0.0
3.10071577E9	59.11047345767575
3.100717503E9	58.63013698630137
3.100719116E9	58.67970533305665
3.1007206285E9	0.0
3.1007221265E9	49.958757364756295
3.100724699E9	58.0749483115093
3.1007268945E9	59.261146496815286
3.1007289465E9	51.85973811489914
3.1007309285E9	0.0
3.1007330965E9	58.13969770602529
3.1007392415E9	0.0
3.1007470865E9	58.762181493071076
3.1007528755E9	0.0
3.1007561985E9	0.0
3.1007588475E9	59.4705386867755
3.100761762E9	20.48643006263048
3.1007635275E9	0.0
3.100764747E9	1.725
3.1007667445E9	38.53162545539106
3.1007691425E9	53.67086146920401
3.100772442E9	59.31230435829521
3.100775528E9	53.40388701736201
3.100781116E9	58.71937305520341
3.10079114E9	57.63529336693998
3.100797975E9	56.5223095561728
3.1008007345E9	57.52278820375335
3.100804877E9	58.93676242773839
3.100809349E9	0.0
3.1008114985E9	0.0
3.1008137425E9	4.435877756070332
3.1008164375E9	1.1036943365549634
3.100825815E9	19.655535645385402
3.100837982E9	6.39827215452522
3.100842972E9	59.169837426496024
3.1008451085E9	47.20992684507825
3.10084822E9	53.030615009482524
3.1008510465E9	58.03493449781659
3.100852321E9	0.0
3.1008571395E9	0.0
3.1008619615E9	51.53982300884956
3.1008648315E9	59.266912031517286
3.100868278E9	59.4536366549183
3.100873156E9	56.24335491260905
3.1008795525E9	45.485031672114076
3.100884274E9	37.795014543231375
3.10088846E9	18.60836694970239
3.1008916615E9	13.345842810209755
3.10089384E9	39.76121749071163
3.1008970555E9	57.80674540507796
3.1008998325E9	42.211009174311926
3.100902708E9	44.182892542292116
3.1009063655E9	46.36741321731671
3.1009089965E9	50.40501806666396
3.1009125255E9	34.55465143704303
3.1009156975E9	51.443299616761955
3.100917935E9	45.696572892906424
3.1009210515E9	47.63507645303196
3.1009240305E9	55.263292152253285
3.100926116E9	42.53360080240722
3.1009275335E9	22.83670374115268
3.100928649E9	36.545041596488545
3.1009304855E9	47.5193814223217
3.100935775E9	58.588173085397024
3.1009404825E9	49.18454935622318
3.1009433075E9	14.938807232737654
3.100962012E9	9.979826039000775
3.100979643E9	3.3199565209768753
3.1009826315E9	55.746627502175805
3.100986095E9	56.81341954022989
3.100988659E9	47.46107290233838
3.1009913515E9	53.42185917595011
3.100994484E9	56.02050011263798
3.100999235E9	52.21512105984468
3.1010045095E9	54.39274756958563
3.101007663E9	21.239664955417453
3.101009454E9	0.0
3.1010139635E9	58.31421212830719
3.10102777E9	58.299506116821696
3.101038557E9	52.689578713968956
3.1010399745E9	0.0
3.10104147E9	58.50244167118828
3.101043057E9	0.0
3.101044461E9	0.0
3.101046252E9	0.0
3.101048543E9	58.856962922144376
3.101051444E9	59.111673521037645
3.101053714E9	0.0
3.101055658E9	0.0
3.1010593945E9	56.546498277841565
3.1010636115E9	59.13127537539473
3.101066684E9	0.0
3.101069485E9	0.0
3.10107171E9	0.0
3.1010747125E9	58.49248886540349
3.101082788E9	58.360950289478936
3.1010891985E9	58.54299363057325
3.101090371E9	0.0
3.101091454E9	0.0
3.1010926105E9	0.0
3.101093789E9	0.0
3.101094954E9	0.0
3.1010960955E9	0.0
3.1010976565E9	52.03640500568828
3.1010992105E9	20.176194939081537
3.1011004015E9	0.0
3.101103073E9	58.31049734864668
3.101108811E9	56.9791633325865
3.1011134185E9	16.180922827846736
3.1011171035E9	58.88946968256985
3.1011208445E9	40.491379310344826
3.1011223705E9	57.62600367611493
3.1011236055E9	57.98192137902039
3.101126918E9	58.957846215512056
3.101130602E9	24.017686467172844
3.1011321595E9	0.0
3.101133927E9	59.37552039966695
3.1011356635E9	0.0
3.1011368845E9	0.0
3.1011381815E9	0.0
3.10113931E9	40.74763135228252
3.1011404165E9	0.0
3.101141667E9	58.65654648956357
3.101143503E9	59.259684361549496
3.1011454715E9	57.34475877450405
3.101147397E9	59.10220994475138
3.1011501335E9	0.0
3.101157518E9	55.58051981976099
3.1011645045E9	56.179597701149426
3.1011668885E9	28.348908857509628
3.1011686545E9	0.0
3.1011709785E9	55.72178477690289
3.101173445E9	0.0
3.101205684E9	37.85986766719651
3.1012403025E9	44.462535723564564
3.1012453615E9	54.45580404685836
3.1012505225E9	54.54577193380186
3.1012614495E9	36.12824334254458
3.1012739195E9	40.49785873417137
3.101281912E9	51.866390576328634
3.1012871705E9	47.516281481853234
3.101295694E9	48.368296544834216
3.1013044905E9	51.02596609133955
3.1013083555E9	50.007053457195305
3.1013114625E9	48.50363237907888
3.101316135E9	54.80865504358655
3.1013198035E9	57.971677559912855
3.101320917E9	0.0
3.101322018E9	59.65084226646248
3.1013238925E9	20.416313047897344
3.101326703E9	31.64145213418032
3.1013294495E9	7.559978885320899
3.1013318685E9	6.28798411122145
3.1013343305E9	5.269043576683645
3.101336736E9	20.85063752276867
3.101339303E9	10.890040196516303
3.101342702E9	39.837246439361245
3.101345195E9	58.732394366197184
3.1013472335E9	59.36274509803921
3.101349218E9	55.815555555555555
3.1013517465E9	58.36065573770492
3.101354867E9	50.0743950884796
3.1013568785E9	57.76066350710901
3.101370363E9	57.335228176667115
3.1013921985E9	58.48706373272931
3.1014090845E9	57.99409274492841
3.101423574E9	58.037803037781885
3.101436092E9	57.85258645618929
3.1014467775E9	0.0
3.10145676E9	57.270057451221525
3.1014665925E9	57.700904828850476
3.101476343E9	58.125642399697796
3.1014858855E9	55.34965252567161
3.1014950245E9	0.0
3.101503724E9	0.0
3.1015121195E9	39.87499300060733
3.101520406E9	0.0
3.101528602E9	58.44114770812093
3.101536693E9	58.06811709761932
3.1015446345E9	58.249855741488744
3.1015524055E9	57.34247382584612
3.1015601115E9	0.0
3.101567702E9	57.60684648721069
3.1015751255E9	0.0
3.1015823905E9	57.75261035691018
3.101589504E9	36.85535833518807
3.101596546E9	0.0
3.101603554E9	0.0
3.1016105495E9	56.43103448275862
3.101617536E9	18.963920434506594
3.101624424E9	0.0
3.101631085E9	55.57881470023775
3.1016374705E9	56.003364220525235
3.1016435565E9	58.311714141703106
3.1016494765E9	0.0
3.1016553825E9	58.54737688904212
3.101661271E9	0.0
3.1016671275E9	0.0
3.101672916E9	0.0
3.101678576E9	0.0
3.101684071E9	0.0
3.1016894025E9	58.26158357771261
3.1016946505E9	58.12977181421019
3.1016998325E9	59.25871288954453
3.1017049205E9	0.0
3.101709929E9	0.0
3.101714835E9	54.25345507778577
3.1017196755E9	58.023113799794544
3.101724499E9	58.872448428556
3.101729313E9	0.0
3.1017340725E9	57.59443984027725
3.1017387675E9	0.0
3.10174343E9	53.58010133301164
3.1017480095E9	0.0
3.101752486E9	46.40019152084965
3.1017569135E9	57.53985261067266
3.101761326E9	58.14220470423321
3.1017657265E9	0.0
3.101770102E9	0.0
3.101774441E9	0.0
3.1017787455E9	44.3433578968333
3.1017830115E9	57.82646169000211
3.1017872465E9	58.27784847298356
3.1017914715E9	57.96759941089838
3.1017956905E9	0.0
3.1017999035E9	56.08241489453541
3.1018041115E9	57.199790870935416
3.1018082655E9	0.0
3.101812367E9	58.38666420780863
3.101816459E9	0.0
3.101820484E9	55.58008260670032
3.101824445E9	0.0
3.101828395E9	48.91304347826087
3.1018323325E9	57.272199995611565
3.101836262E9	56.84275720164609
3.1018401885E9	0.0
3.10184411E9	49.84355208602281
3.1018480235E9	0.0
3.1018519235E9	0.0
3.1018558145E9	51.82653426664496
3.101859689E9	0.0
3.1018635415E9	58.29702060637879
3.101867382E9	0.0
3.1018712145E9	58.80755018475981
3.1018750435E9	0.0
3.10187887E9	59.12781421733735
3.101882693E9	0.0
3.101886508E9	0.0
3.101890313E9	0.0
3.101894113E9	49.33020989505248
3.101897881E9	0.0
3.1019016E9	53.491083676268865
3.1019052995E9	50.99167440950658
3.1019089945E9	0.0
3.1019126835E9	56.96339240137096
3.101916365E9	57.78306027315105
3.1019200355E9	0.0
3.101923674E9	31.62808842652796
3.101927286E9	56.042518662771826
3.1019308945E9	58.540238038937495
3.1019344895E9	55.9915631231784
3.101938072E9	54.42614096678369
3.101941634E9	0.0
3.1019451695E9	56.69709769723396
3.101948697E9	58.68600682593857
3.1019522085E9	58.68081298734501
3.101955703E9	58.56304767562751
3.1019591915E9	57.60021587263515
3.101962651E9	59.48739854762922
3.101966064E9	56.019828385899814
3.1019694465E9	56.81708577333793
3.101972819E9	57.88822278089344
3.101976185E9	59.082324777231015
3.101979541E9	57.09400032695766
3.1019828865E9	53.25715480393979
3.1019862165E9	57.957613302901855
3.1019895175E9	59.128540305010894
3.1019927975E9	58.389540388957684
3.1019960665E9	50.208386388583975
3.1019993255E9	59.16040277974756
3.102002581E9	44.261757450766304
3.102005831E9	58.59217877094972
3.1020090695E9	0.0
3.1020122965E9	0.0
3.1020155165E9	0.0
3.1020187305E9	55.698639881629866
3.1020219335E9	57.979063558218286
3.102025125E9	58.16356839765609
3.102028308E9	57.83199079401611
3.1020314845E9	26.836541244573084
3.102034659E9	0.0
3.1020378305E9	43.519056359317645
3.1020409985E9	0.0
3.102044163E9	0.0
3.102047316E9	50.037111738604274
3.102050456E9	51.53877580534365
3.1020535825E9	57.69112080672657
3.1020566935E9	53.35242296349029
3.102059793E9	54.72419337257467
3.102062879E9	59.03236351748937
3.102065945E9	0.0
3.102068997E9	0.0
3.10207203E9	49.78996273532401
3.1020750435E9	57.47726606042828
3.102078054E9	0.0
3.102081057E9	0.0
3.102084054E9	48.85753759739083
3.102087044E9	55.57130429379233
3.102090025E9	58.245115452930726
3.102092998E9	0.0
3.102095965E9	28.558029866387216
3.1020989315E9	0.0
3.1021018915E9	56.34308809986698
3.1021048445E9	49.38174120431141
3.1021077875E9	58.11498285623156
3.1021107135E9	46.12860298475297
3.10211362E9	58.06456721252474
3.102116511E9	57.69263821254655
3.102119394E9	55.48350346336128
3.1021222725E9	58.50891549659747
3.1021251475E9	41.189836119847705
3.1021280175E9	58.51464435146443
3.1021308845E9	0.0
3.10213375E9	58.20863259186947
3.1021366145E9	58.205579822460194
3.102139476E9	57.67119329673505
3.1021423325E9	47.06087106993584
3.1021451745E9	58.183153494152876
3.1021480035E9	0.0
3.1021508295E9	58.3295077786279
3.102153651E9	58.22196261682243
3.102156467E9	38.77984699013489
3.102159278E9	0.0
3.1021620835E9	0.0
3.10216488E9	0.0
3.102167667E9	57.691869841571005
3.1021704475E9	51.88666091229002
3.102173225E9	57.364061937342456
3.1021759985E9	0.0
3.102178768E9	0.0
3.102181536E9	42.748179827911
3.102184301E9	48.07626265616673
3.102187055E9	56.22201138519924
3.1021897985E9	55.90140116990886
3.1021925375E9	56.626878597992764
3.10219527E9	50.88846956003575
3.1021979975E9	0.0
3.10220072E9	54.742805755395686
3.102203437E9	59.29229635090306
3.1022061485E9	57.75098149186764
3.1022088545E9	54.24203821656051
3.1022115525E9	0.0
3.102214244E9	57.998804175689216
3.1022169345E9	51.232016210739616
3.102219623E9	51.313776846516504
3.102222305E9	0.0
3.1022249775E9	53.187312338523846
3.1022276455E9	58.170027186225646
3.102230311E9	58.11742127422204
3.10223297E9	0.0
3.1022356195E9	0.0
3.1022382625E9	58.14818062253398
3.1022408995E9	58.01278638901936
3.1022435315E9	0.0
3.1022461615E9	41.832499621039865
3.102248787E9	58.77386934673367
3.1022514095E9	58.60865996306177
3.10225403E9	58.150887573964496
3.102256642E9	57.172494857478696
3.102259246E9	51.929740791268756
3.102261848E9	55.909852859005404
3.1022644475E9	0.0
3.102267045E9	59.123831775700936
3.1022696415E9	0.0
3.1022722365E9	55.08471946375372
3.1022748265E9	0.0
3.102277412E9	0.0
3.102279996E9	58.1684295086357
3.1022825765E9	59.01758348120665
3.10228515E9	57.66707168894289
3.102287719E9	52.4875792614696
3.102290279E9	0.0
3.1022928285E9	0.0
3.1022953765E9	58.02197802197802
3.1022979235E9	52.80485818971366
3.102300469E9	56.12919837500715
3.1023030085E9	0.0
3.102305542E9	53.140263410472436
3.1023080695E9	57.62833675564682
3.1023105915E9	37.73015944256814
3.10231311E9	58.1619880686601
3.102315624E9	0.0
3.102318134E9	37.24533161622666
3.1023206395E9	12.486995515695067
3.10232314E9	58.445767195767196
3.102325624E9	0.0
3.102328092E9	57.65103914934751
3.1023305565E9	0.0
3.102333018E9	0.0
3.102335476E9	58.35003607792832
3.1023379295E9	0.0
3.102340372E9	57.421875
3.1023428065E9	0.0
3.1023452395E9	56.98091640989961
3.102347669E9	9.471698113207546
3.102350093E9	43.26101919258769
3.1023525135E9	58.46525679758308
3.1023549305E9	58.694115270670615
3.1023573395E9	58.52333588370314
3.102359743E9	0.0
3.1023621455E9	58.60554576053855
3.102364545E9	56.89922480620155
3.102366941E9	0.0
3.1023693355E9	57.63283095723014
3.1023717265E9	0.0
3.1023741115E9	58.566481994459835
3.102376493E9	57.29853742472039
3.1023788735E9	0.0
3.1023812475E9	59.568527918781726
3.1023836135E9	50.5198900811306
3.102385977E9	58.077842788094635
3.1023883325E9	0.0
3.102390676E9	58.66618601297765
3.102393013E9	0.0
3.1023953465E9	35.897632311977716
3.102397678E9	33.14830419212134
3.1024000085E9	58.3728813559322
3.102402335E9	0.0
3.102404656E9	56.35274422808315
3.1024069725E9	57.18622769540085
3.1024092835E9	56.11013608037645
3.1024115905E9	39.79632518634079
3.1024138915E9	59.22935779816514
3.102416183E9	57.72578954265496
3.102418466E9	0.0
3.1024207435E9	36.200746451297114
3.102423018E9	57.424087547351334
3.1024252855E9	0.0
3.1024275435E9	0.0
3.1024297965E9	52.56962349526167
3.102432045E9	0.0
3.102434287E9	41.68817204301075
3.102436518E9	43.435732243871776
3.1024387395E9	58.23291201374402
3.1024409585E9	0.0
3.102443175E9	0.0
3.102445389E9	57.772567409144195
3.102447597E9	43.203804347826086
3.1024497985E9	0.0
3.102451997E9	0.0
3.1024541925E9	58.49945632475534
3.102456381E9	0.0
3.102458562E9	57.52009184845006
3.10246074E9	57.93837123991196
3.102462917E9	57.114611694541686
3.102465094E9	58.70463941203491
3.1024672665E9	57.22035719081509
3.1024694305E9	55.917749068496015
3.102471588E9	0.0
3.1024737375E9	0.0
3.102475881E9	56.166432404804496
3.1024780205E9	57.79464055655759
3.1024801555E9	0.0
3.102482287E9	0.0
3.1024844155E9	56.115906118796886
3.102486542E9	57.51203852327448
3.102488667E9	0.0
3.1024907905E9	58.71347785108388
3.102492907E9	59.60712414876899
3.1024950155E9	58.48058525604952
3.1024971155E9	56.94983478522079
3.102499209E9	58.25131390348782
3.1025012995E9	0.0
3.1025033865E9	0.0
3.1025054725E9	58.55791429697618
3.1025075575E9	57.77396083819993
3.1025096395E9	0.0
3.102511719E9	57.22128060263653
3.1025137965E9	59.262828234160445
3.10251587E9	54.51527460149504
3.1025179385E9	56.21265943497437
3.102520002E9	58.66521602198872
3.10252206E9	59.371789806400635
3.102524114E9	52.41183749226645
3.1025261605E9	58.329315332690456
3.1025281985E9	58.332430969139146
3.102530234E9	37.91087207068767
3.1025322685E9	58.531955283695424
3.1025343015E9	0.8736730360934183
3.102536332E9	0.0
3.102538359E9	0.0
3.102540382E9	49.064693446088796
3.1025424015E9	0.0
3.102544418E9	0.0
3.10254643E9	54.214646464646464
3.102548438E9	0.0
3.102550444E9	59.05042477391066
3.102552448E9	0.0
3.10255445E9	58.81132075471698
3.102556451E9	58.79396984924623
3.1025584515E9	0.0
3.1025604495E9	0.0
3.1025624435E9	56.8623253717891
3.102564432E9	58.62595419847328
3.102566415E9	0.0
3.102568394E9	41.80487444608567
3.102570368E9	58.6849905685799
3.1025723375E9	58.33095577746077
3.1025743025E9	56.716630785791175
3.102576264E9	45.63598929380276
3.1025782245E9	56.864573827340756
3.1025801845E9	57.93314934069304
3.1025821415E9	56.77985219758849
3.1025840945E9	0.0
3.102586044E9	57.46150860395912
3.1025879895E9	58.62595419847328
3.102589933E9	59.08300395256917
3.102591875E9	0.0
3.102593814E9	0.0
3.1025957495E9	57.166666666666664
3.102597681E9	51.00537840952747
3.1025996075E9	0.0
3.1026015315E9	56.851564284083125
3.102603455E9	51.829726897231986
3.102605377E9	0.0
3.1026072965E9	0.0
3.102609213E9	0.0
3.102611128E9	58.24862637362637
3.1026130425E9	47.19456034615979
3.1026149555E9	0.0
3.1026168665E9	57.47947362501406
3.102618775E9	58.708414872798436
3.1026206805E9	0.0
3.102622581E9	59.083895853423336
3.102624475E9	0.0
3.1026263655E9	3.795309168443497
3.1026282545E9	0.0
3.1026301425E9	0.0
3.102632029E9	58.63512218495448
3.102633912E9	0.0
3.102635792E9	59.406392694063925
3.10263767E9	59.55223880597015
3.1026395465E9	58.488088935944944
3.1026414225E9	58.78975950349108
3.1026432975E9	0.0
3.1026451705E9	34.29402261712439
3.102647041E9	0.0
3.1026489085E9	0.0
3.102650774E9	56.04584527220631
3.102652639E9	0.0
3.102654504E9	0.0
3.1026563675E9	0.0
3.1026582295E9	57.66269062358448
3.10266009E9	0.0
3.1026619475E9	0.0
3.1026638035E9	0.0
3.1026656585E9	58.45153816449994
3.1026675105E9	54.19190628328008
3.10266936E9	40.93305665824612
3.102671209E9	40.33005780346821
3.102673057E9	58.3765596523202
3.1026749E9	12.71872
3.1026767365E9	0.0
3.102678564E9	55.20230483271376
3.102680382E9	57.99377916018663
3.102682195E9	56.761895979343414
3.1026840045E9	56.85626441199078
3.1026858125E9	58.36168307967771
3.10268762E9	0.0
3.102689427E9	57.70418006430868
3.1026912315E9	0.0
3.102693033E9	59.13658881811748
3.1026948335E9	0.0
3.102696631E9	47.912191048461025
3.1026984255E9	57.26211531659003
3.1027002185E9	0.0
3.1027020085E9	0.0
3.1027037955E9	56.97648376259799
3.1027055795E9	0.0
3.1027073615E9	26.90049085229808
3.102709143E9	41.829468499897395
3.102710924E9	21.968095712861416
3.102712704E9	56.521948549534756
3.102714482E9	0.0
3.1027162525E9	0.0
3.1027180155E9	56.45062543702898
3.102719774E9	55.50301272037492
3.102721526E9	52.45217391304348
3.102723274E9	59.18786692759296
3.1027250205E9	14.394409937888199
3.102726766E9	0.0
3.1027285105E9	58.19381800977764
3.1027302535E9	56.03603603603604
3.1027319945E9	0.0
3.1027337345E9	0.0
3.1027354725E9	12.412613981762918
3.102737208E9	58.16764839148165
3.1027389415E9	0.0
3.1027406735E9	0.0
3.1027424045E9	54.87317487266554
3.102744133E9	57.66550522648084
3.1027458575E9	0.0
3.1027475775E9	0.0
3.1027492945E9	57.53144469260609
3.1027510075E9	22.064855759107182
3.1027527165E9	41.05948717948718
3.102754424E9	58.94726041452904
3.1027561305E9	58.5184585492228
3.102757836E9	0.0
3.1027595405E9	57.988542329726286
3.102761242E9	0.0
3.1027629405E9	58.68641339343207
3.102764638E9	59.2930086410055
3.102766335E9	58.886137085391674
3.102768031E9	58.146028839551384
3.102769726E9	0.0
3.10277142E9	55.69625614094528
3.10277311E9	56.57754010695187
3.1027747965E9	43.025816485225505
3.1027764795E9	57.83203125
3.102778159E9	53.598971722365036
3.102779838E9	59.01803607214429
3.1027815165E9	56.799495586380836
3.1027831925E9	39.9066772655008
3.1027848665E9	0.0
3.102786539E9	0.0
3.102788209E9	0.0
3.102789876E9	53.00539083557951
3.10279154E9	43.022284996861266
3.1027932E9	59.172413793103445
3.102794855E9	0.0
3.1027965075E9	0.0
3.1027981585E9	0.0
3.102799808E9	47.24886420999495
3.102801457E9	0.0
3.1028031015E9	58.232280102476516
3.1028047405E9	0.0
3.1028063775E9	56.93069306930693
3.1028080115E9	59.3823648923202
3.102809643E9	58.61677887105127
3.1028112735E9	0.0
3.102812902E9	0.0
3.1028145275E9	57.29577464788732
3.102816148E9	46.5032981530343
3.1028177645E9	59.03072033898305
3.10281938E9	0.0
3.102820993E9	0.0
3.102822604E9	59.53407290015848
3.1028242125E9	0.0
3.102825818E9	48.96551724137931
3.102827423E9	0.0
3.1028290255E9	57.89778206364513
3.1028306245E9	0.0
3.1028322225E9	58.51433536055604
3.10283382E9	0.9387755102040817
3.1028354165E9	35.144372693726936
3.102837012E9	0.0
3.1028386055E9	56.030134294136914
3.102840196E9	0.0
3.102841783E9	0.0
3.102843365E9	56.04339718596372
3.1028449435E9	3.952270081490105
3.102846521E9	0.0
3.102848098E9	0.0
3.102849675E9	55.83952451708767
3.1028512515E9	0.0
3.102852827E9	0.0
3.1028544015E9	0.0
3.1028559745E9	54.837107346556564
3.102857546E9	0.0
3.102859113E9	0.0
3.102860675E9	0.0
3.102862236E9	57.23056816177296
3.1028637965E9	0.0
3.1028653565E9	57.07971014492754
3.1028669135E9	57.1563665003938
3.1028684665E9	0.0
3.1028700165E9	55.75
3.1028715635E9	0.0
3.102873107E9	58.75081327260898
3.1028746455E9	59.205298013245034
3.10287618E9	58.11912225705329
3.1028777125E9	43.359914336104815
3.1028792445E9	0.0
3.1028807755E9	0.0
3.102882304E9	48.477936606587946
3.1028838305E9	57.03125
3.1028853555E9	48.72727272727273
3.102886879E9	56.049451233169904
3.102888402E9	0.0
3.1028899245E9	55.33793103448276
3.1028914465E9	59.16111850865513
3.102892967E9	58.322784810126585
3.102894483E9	0.0
3.1028959935E9	0.0
3.1028975015E9	0.0
3.102899008E9	0.0
3.102900512E9	0.0
3.1029020115E9	57.82888196699582
3.102903505E9	54.43811496633869
3.1029049955E9	52.13939393939394
3.1029064855E9	58.5228363736113
3.102907974E9	46.16701244813278
3.1029094605E9	57.36677115987461
3.102910946E9	58.17906901393239
3.1029124305E9	25.63465553235908
3.102913914E9	44.02929898731688
3.102915395E9	57.858337981037366
3.102916874E9	0.0
3.1029183515E9	59.08113917248791
3.102919827E9	45.09806057964698
3.1029213005E9	0.0
3.102922771E9	53.94869419190457
3.1029242395E9	0.0
3.102925707E9	58.46153846153846
3.102927173E9	57.826384142173616
3.1029286375E9	58.50445918134004
3.102930101E9	0.0
3.102931564E9	56.149068322981364
3.102933025E9	57.157665633761255
3.102934484E9	58.17854386416259
3.1029359425E9	39.8873417721519
3.1029374005E9	0.0
3.1029388565E9	58.308615419449794
3.102940308E9	0.0
3.102941757E9	0.0
3.1029432055E9	54.99270535997463
3.1029446525E9	0.0
3.1029460965E9	58.154282765737875
3.102947538E9	56.89441469013007
3.1029489785E9	53.975754158443756
3.102950418E9	0.0
3.102951856E9	0.0
3.1029532925E9	59.063136456211815
3.102954725E9	57.84431137724551
3.102956154E9	0.0
3.102957582E9	0.0
3.1029590085E9	0.0
3.102960434E9	57.97894736842105
3.1029618585E9	59.743276283618584
3.1029632825E9	0.0
3.102964706E9	0.0
3.102966129E9	0.0
3.102967552E9	0.0
3.1029689705E9	0.0
3.1029703845E9	0.0
3.102971798E9	0.0
3.102973211E9	3.579088471849866
3.1029746225E9	0.0
3.102976032E9	0.0
3.102977441E9	0.0
3.1029788485E9	48.50762052877138
3.102980254E9	52.7143701951508
3.102981659E9	59.12663755458515
3.1029830635E9	58.26923076923077
3.1029844675E9	31.17428896473265
3.1029858705E9	58.8313539192399
3.1029872725E9	0.0
3.1029886745E9	53.230643402399124
3.1029900765E9	0.0
3.1029914775E9	0.0
3.1029928765E9	0.0
3.1029942735E9	0.0
3.102995669E9	0.0
3.1029970635E9	56.378058302967204
3.102998457E9	0.0
3.102999849E9	58.40082462082167
3.103001239E9	47.92490118577075
3.103002628E9	59.348813730439176
3.1030040165E9	58.01009372746936
3.103005404E9	0.0
3.1030067895E9	58.61940831785051
3.103008172E9	58.23654390934844
3.103009553E9	0.0
3.103010933E9	59.23444976076555
3.103012311E9	0.0
3.1030136875E9	58.034201694102606
3.1030150635E9	58.83620689655172
3.103016439E9	0.0
3.1030178135E9	7.754601226993865
3.1030191865E9	57.9707960433349
3.103020558E9	37.94604504976427
3.1030219285E9	0.0
3.1030232985E9	0.0
3.1030246665E9	0.0
3.103026031E9	55.352112676056336
3.1030273925E9	0.0
3.1030287505E9	0.0
3.103030106E9	58.53874538745387
3.103031461E9	0.0
3.1030328145E9	3.8784530386740332
3.103034163E9	52.049278163010115
3.1030355075E9	0.0
3.1030368515E9	59.125506072874494
3.1030381945E9	42.52150170648464
3.1030395365E9	58.68525896414343
3.1030408755E9	57.113884555382214
3.1030422105E9	0.0
3.1030435445E9	0.0
3.103044878E9	55.77726723095526
3.1030462105E9	56.329305135951664
3.1030475405E9	56.96457823635784
3.1030488685E9	59.10077519379845
3.1030501965E9	57.4076983503535
3.103051524E9	55.71806167400881
3.10305285E9	59.30682070650966
3.1030541735E9	0.0
3.1030554945E9	58.26152832674572
3.103056814E9	0.0
3.1030581325E9	54.78346456692913
3.103059449E9	57.883796217413526
3.1030607635E9	0.0
3.103062077E9	55.89602091199535
3.10306339E9	57.21424109931293
3.1030647025E9	57.30769230769231
3.1030660135E9	51.04995602462621
3.103067323E9	0.0
3.103068632E9	58.03469610578673
3.10306994E9	59.241950821899195
3.103071247E9	53.71003200222624
3.103072553E9	0.0
3.1030738575E9	0.0
3.103075161E9	58.140845070422536
3.1030764635E9	58.93648449039882
3.1030777655E9	0.0
3.103079067E9	55.48750165322048
3.103080368E9	0.0
3.1030816685E9	58.424821002386636
3.103082968E9	34.63229461756374
3.103084266E9	0.0
3.103085562E9	0.0
3.1030868565E9	0.0
3.10308815E9	58.719937936384795
3.103089442E9	0.0
3.103090733E9	21.558163797600418
3.103092023E9	58.666666666666664
3.1030933115E9	0.0
3.1030945995E9	40.429277218664225
3.103095887E9	0.0
3.103097174E9	43.36780797740911
3.103098461E9	0.0
3.1030997475E9	0.0
3.103101032E9	0.0
3.103102314E9	56.1651376146789
3.103103593E9	56.758893280632414
3.1031048685E9	0.0
3.1031061405E9	0.0
3.103107409E9	59.14609831557236
3.1031086755E9	58.71515975526852
3.1031099385E9	0.0
3.103111198E9	4.655361050328228
3.1031124565E9	0.0
3.1031137145E9	0.0
3.1031149725E9	58.90346766635427
3.1031162295E9	0.98046875
3.103117485E9	59.16955017301038
3.1031187395E9	59.06608410704533
3.1031199935E9	0.0
3.103121247E9	0.0
3.1031224985E9	0.0
3.103123748E9	0.0
3.1031249965E9	0.0
3.1031262445E9	58.13953488372093
3.103127492E9	49.991980753809145
3.1031287365E9	58.02575107296137
3.1031299785E9	57.840616966580974
3.10313122E9	0.0
3.103132461E9	0.0
3.103133702E9	58.90295358649789
3.103134942E9	58.96
3.1031361805E9	0.0
3.103137418E9	0.0
3.1031386545E9	0.0
3.10313989E9	0.0
3.1031411245E9	0.0
3.1031423585E9	0.0
3.1031435925E9	57.879563288979874
3.103144826E9	2.3603411513859274
3.1031460585E9	50.762866946244756
3.1031472905E9	49.4269340974212
3.103148522E9	0.0
3.1031497525E9	58.079019073569484
3.1031509815E9	0.0
3.103152209E9	52.79393521709166
3.103153436E9	59.26405924554501
3.1031546625E9	51.39813559322034
3.1031558875E9	0.0
3.1031571115E9	0.0
3.1031583335E9	0.0
3.1031595535E9	0.0
3.103160773E9	57.86646491393985
3.103161991E9	44.09397715472482
3.1031632075E9	58.66776315789474
3.103164423E9	0.0
3.1031656375E9	59.178082191780824
3.1031668515E9	58.8502360410223
3.1031680655E9	31.61955132755928
3.103169279E9	56.225352112676056
3.1031704915E9	58.98756660746004
3.103171702E9	56.60710571923744
3.1031729105E9	57.31744312026002
3.103174118E9	0.0
3.103175325E9	0.0
3.103176532E9	0.0
3.1031777385E9	0.0
3.1031789445E9	0.0
3.10318015E9	0.0
3.103181355E9	0.0
3.1031825595E9	27.00581395348837
3.1031837635E9	0.0
3.1031849675E9	0.0
3.103186171E9	55.75757575757576
3.103187373E9	48.05383637134379
3.103188574E9	59.299719887955185
3.1031897745E9	57.34765662135184
3.1031909745E9	0.0
3.103192174E9	56.188436830835116
3.1031933725E9	0.0
3.10319457E9	47.49280177187154
3.1031957665E9	57.4830852503383
3.103196962E9	0.0
3.1031981565E9	58.840104849279165
3.1031993505E9	0.0
3.103200543E9	58.17993989481593
3.103201733E9	46.23903634136382
3.1032029205E9	0.0
3.1032041065E9	0.0
3.1032052915E9	49.44792655903767
3.103206475E9	58.16129032258065
3.103207658E9	0.0
3.1032088405E9	0.0
3.103210022E9	0.0
3.103211203E9	32.43649373881932
3.103212384E9	59.43336831059811
3.103213565E9	60.0
3.103214745E9	0.0
3.1032159235E9	59.39467312348668
3.1032171015E9	0.0
3.103218279E9	0.0
3.103219456E9	0.0
3.10322063E9	0.0
3.103221801E9	34.61295296838859
3.103222972E9	0.0
3.1032241425E9	0.0
3.1032253125E9	58.79032258064516
3.103226481E9	56.192893401015226
3.103227648E9	26.763726255529534
3.103228815E9	0.0
3.103229981E9	0.0
3.103231146E9	0.0
3.1032323095E9	54.88542621448212
3.103233469E9	58.15461346633416
3.1032346255E9	0.0
3.1032357815E9	54.09700265587454
3.1032369365E9	59.08371040723982
3.1032380905E9	41.09138381201044
3.103239243E9	0.0
3.103240394E9	0.0
3.1032415445E9	59.28624535315985
3.1032426945E9	58.13186813186813
3.103243843E9	51.269327269876115
3.10324499E9	36.34653465346535
3.1032461365E9	55.07411630558723
3.1032472815E9	58.001638001638
3.1032484255E9	0.0
3.103249569E9	59.73753280839895
3.1032507115E9	0.0
3.103251853E9	0.0
3.103252994E9	0.0
3.1032541345E9	0.0
3.1032552735E9	51.91286462228871
3.1032564095E9	58.87307911212294
3.1032575435E9	59.735449735449734
3.1032586765E9	58.52044127190136
3.103259808E9	52.15880893300248
3.103260939E9	28.866793756702013
3.1032620695E9	0.0
3.103263198E9	18.54032258064516
3.1032643245E9	58.85
3.1032654495E9	0.0
3.1032665725E9	0.0
3.1032676945E9	0.0
3.103268816E9	44.38965373383396
3.103269936E9	0.0
3.103271055E9	0.0
3.103272174E9	58.45917976236106
3.103273293E9	0.0
3.1032744115E9	0.0
3.1032755285E9	59.30107526881721
3.1032766445E9	12.900804289544237
3.10327776E9	0.0
3.103278875E9	59.526938239159
3.10327999E9	59.11060433295325
3.1032811045E9	0.0
3.103282218E9	56.672661870503596
3.103283331E9	54.694667035092564
3.1032844425E9	9.333333333333334
3.1032855525E9	59.148387096774194
3.103286662E9	57.47487437185929
3.1032877705E9	52.96028880866426
3.103288878E9	58.62103422433175
3.103289985E9	48.94196567862714
3.103291092E9	0.0
3.103292199E9	41.468100890207715
3.1032933055E9	0.0
3.10329441E9	11.920481927710844
3.103295513E9	44.23520352035204
3.103296616E9	57.37511084835944
3.1032977175E9	32.870571684358616
3.103298817E9	0.0
3.1032999155E9	59.024899358878784
3.103301013E9	0.0
3.1033021095E9	0.0
3.1033032055E9	43.388858547241945
3.1033043005E9	31.798594847775174
3.103305394E9	0.0
3.1033064855E9	0.0
3.1033075745E9	59.3733681462141
3.103308662E9	0.0
3.1033097485E9	0.0
3.103310834E9	0.0
3.1033119185E9	0.0
3.1033130025E9	48.08132875143185
3.1033140865E9	0.0
3.1033151705E9	0.0
3.103316254E9	0.0
3.103317337E9	0.0
3.1033184195E9	0.0
3.1033195015E9	57.88220284924516
3.103320583E9	57.83533765032377
3.103321664E9	48.908554572271385
3.103322744E9	58.8328530259366
3.1033238215E9	58.66699950074888
3.1033248965E9	59.111424541607896
3.10332597E9	33.08247903075489
3.103327043E9	0.0
3.103328115E9	59.05759162303665
3.103329185E9	0.0
3.103330253E9	36.90474776106875
3.10333132E9	0.0
3.103332387E9	0.0
3.1033334535E9	3.4610526315789474
3.103334519E9	58.47358121330724
3.103335584E9	0.0
3.103336649E9	0.0
3.103337714E9	0.0
3.103338779E9	45.4112676056338
3.1033398435E9	58.61866889912097
3.1033409075E9	0.9402560455192034
3.1033419715E9	0.0
3.103343035E9	0.0
3.1033440975E9	0.0
3.1033451595E9	0.0
3.1033462215E9	59.83050847457627
3.103347283E9	58.801131008482564
3.1033483435E9	58.13462118925445
3.103349402E9	0.0
3.103350459E9	0.0
3.1033515155E9	33.56468871595331
3.103352571E9	0.0
3.103353626E9	58.59387071851661
3.103354681E9	48.856400406733705
3.103355736E9	0.0
3.1033567905E9	55.47277936962751
3.103357843E9	51.208076448828606
3.1033588935E9	0.0
3.1033599435E9	0.0
3.103360993E9	0.0
3.1033620415E9	57.51923076923077
3.103363089E9	0.0
3.1033641355E9	0.0
3.1033651815E9	52.051425377305755
3.1033662275E9	56.8927731092437
3.103367273E9	0.0
3.103368318E9	0.0
3.103369363E9	58.52021357742181
3.1033704075E9	0.0
3.1033714505E9	0.0
3.103372492E9	0.0
3.103373532E9	0.0
3.103374571E9	54.58180300500835
3.1033756095E9	0.0
3.1033766465E9	0.0
3.1033776825E9	0.0
3.103378718E9	0.0
3.103379753E9	21.406417112299465
3.103380787E9	0.0
3.1033818195E9	51.06428385529626
3.103382851E9	0.0
3.103383882E9	48.58904109589041
3.103384913E9	57.407407407407405
3.103385942E9	0.0
3.103386969E9	0.0
3.1033879955E9	0.0
3.1033890215E9	0.0
3.1033900465E9	0.8961038961038961
3.1033910705E9	55.65095003518649
3.1033920935E9	59.54716981132076
3.1033931155E9	57.57758360952094
3.103394137E9	57.241263440860216
3.1033951575E9	0.0
3.103396177E9	0.0
3.1033971955E9	0.0
3.1033982135E9	2.480952380952381
3.1033992315E9	58.77
3.1034002485E9	0.0
3.1034012615E9	59.361702127659576
3.1034022715E9	59.125716943109595
3.103403281E9	0.0
3.1034042895E9	0.0
3.103405297E9	0.0
3.1034063035E9	0.0
3.103407309E9	56.7686170212766
3.103408314E9	0.0
3.1034093185E9	0.0
3.1034103225E9	0.0
3.103411326E9	0.0
3.103412329E9	0.0
3.103413332E9	59.3419740777667
3.103414335E9	43.0249500998004
3.1034153375E9	56.20024125452352
3.1034163395E9	0.0
3.1034173405E9	0.0
3.1034183405E9	10.66796875
3.1034230195E9	59.23638539796529
3.1034311645E9	33.19830932108675
3.1034385535E9	54.223471539002105
3.103444272E9	54.27406017011446
3.103448588E9	57.80146068212437
3.103452529E9	13.041127189642042
3.1034563265E9	57.44392697466468
3.103460075E9	31.028514839949903
3.1034637975E9	57.864932083413045
3.103467461E9	46.92199500541865
3.103471038E9	55.076810332982184
3.1034745565E9	27.203331931889846
3.10347799E9	57.05359315589354
3.1034813295E9	34.01363244176014
3.103484605E9	52.46453494812244
3.1034878305E9	44.915440259416314
3.1034910465E9	45.15133504377087
3.1034942485E9	58.230854880613634
3.1034973905E9	53.74083129584352
3.10350048E9	58.15063068674779
3.1035035475E9	55.62732845147723
3.103506574E9	57.857142857142854
3.1035095785E9	54.805923344947736
3.10351256E9	31.776845637583893
3.1035155065E9	41.73860381861575
3.10351844E9	57.27656844106464
3.10352132E9	18.038630377524143
3.1035241305E9	57.23118279569893
3.103526902E9	58.74776009275851
3.103529649E9	47.32480985355886
3.103532388E9	41.252384462462864
3.1035351035E9	55.742089134634604
3.103537785E9	25.22418597245442
3.1035404345E9	46.47639309385484
3.1035429975E9	39.367263499224585
3.103545488E9	18.94038215552596
3.1035479665E9	55.537467071935154
3.1035504075E9	55.80843867343136
3.103552812E9	12.138490926456543
3.1035551875E9	56.76802284082798
3.103557535E9	53.58928193179411
3.1035598595E9	59.58423559982676
3.1035621585E9	32.20840734162226
3.103564445E9	54.924256780765134
3.103566722E9	42.76809297411516
3.103568983E9	58.993288590604024
3.103571211E9	49.97315436241611
3.1035734005E9	43.86131136285616
3.103575568E9	58.61567241737684
3.103577725E9	0.0
3.103579877E9	53.88675096206707
3.103582016E9	0.0
3.1035841385E9	41.72284031413613
3.103586253E9	28.76358695652174
3.1035883585E9	53.72551793374099
3.1035904405E9	57.78983719782931
3.1035925065E9	56.77971519907004
3.103594569E9	0.0
3.103596622E9	42.21080791867309
3.1035986655E9	54.65937658940638
3.1036007005E9	25.69519712625837
3.1036027275E9	50.8910411622276
3.10360474E9	0.0
3.1036067365E9	35.49373854612095
3.103608723E9	7.626326963906582
3.103610703E9	0.0
3.103612671E9	56.75519287833828
3.103614626E9	58.792918454935624
3.1036165745E9	0.0
3.1036185145E9	46.01389058866724
3.1036204485E9	44.170740347148424
3.1036223555E9	57.81818181818182
3.1036242355E9	37.94638028515241
3.1036261095E9	0.0
3.103627955E9	0.0
3.103629772E9	0.0
3.103631583E9	0.0
3.1036333895E9	0.0
3.10363519E9	55.72055427251732
3.103636984E9	0.0
3.10363877E9	59.7
3.1036405435E9	56.808408429468074
3.1036423085E9	0.0
3.103644062E9	0.0
3.103645804E9	40.436677631578945
3.103647529E9	47.574707259953165
3.1036492365E9	48.9691440439104
3.10365094E9	56.584491259524874
3.103652635E9	53.01228183581125
3.1036543025E9	0.0
3.103655946E9	59.51189749847468
3.103657586E9	0.0
3.1036592235E9	56.63590410521925
3.1036608575E9	35.36741479634248
3.103662488E9	50.47680690399137
3.103664114E9	0.0
3.1036657365E9	57.81410164638511
3.1036673585E9	50.61764705882353
3.103668979E9	58.68437306979617
3.1036705915E9	37.19434628975265
3.103672191E9	0.0
3.1036737835E9	51.561373873873876
3.1036753585E9	0.0
3.10367691E9	49.70362190812721
3.1036784535E9	48.79370885149964
3.1036799945E9	50.59384796238245
3.103681529E9	0.0
3.1036830525E9	48.42099322799097
3.103684569E9	0.0
3.103686083E9	0.0
3.103687593E9	58.61940990907404
3.1036890985E9	58.881575483123584
3.1036906E9	32.440961732124876
3.103692097E9	53.583229813664595
3.103693592E9	0.0
3.1036950855E9	58.93587994542974
3.1036965775E9	50.41612543462573
3.103698068E9	0.0
3.103699555E9	0.0
3.103701039E9	58.92948173322005
3.103702517E9	0.0
3.1037039885E9	0.0
3.103705455E9	54.50550413494715
3.1037069165E9	38.185667752442995
3.1037083755E9	0.0
3.1037098325E9	4.872340425531915
3.103711287E9	2.7432432432432434
3.103712735E9	34.00575539568345
3.103714177E9	0.0
3.1037156105E9	0.0
3.103717036E9	50.79943767572634
3.1037184575E9	0.0
3.103719873E9	15.88748241912799
3.103721286E9	0.0
3.1037226985E9	56.00578871201158
3.103724108E9	0.0
3.1037255145E9	42.16524216524216
3.1037269155E9	33.61677419354839
3.1037283085E9	0.0
3.1037296945E9	44.243574488338886
3.1037310735E9	0.0
3.103732449E9	0.0
3.103733822E9	18.216324486730095
3.103735191E9	0.0
3.1037365565E9	45.16070266753416
3.1037379165E9	32.842237061769616
3.103739272E9	58.345588235294116
3.1037406255E9	58.624260355029584
3.1037419765E9	0.0
3.1037433245E9	57.70956641431521
3.10374467E9	41.18810408921933
3.1037460125E9	50.96174863387978
3.1037473475E9	13.814814814814815
3.103748677E9	0.0
3.1037500035E9	0.0
3.1037513235E9	40.05830388692579
3.103752635E9	58.64211737629459
3.1037539405E9	16.41237495368655
3.1037552445E9	58.53771760154739
3.103756548E9	0.0
3.10375785E9	0.0
3.1037591505E9	37.904186866460996
3.103760449E9	39.09906604402935
3.1037617455E9	57.824074074074076
3.1037630385E9	47.28626354421531
3.1037643255E9	0.9791425260718424
3.1037656085E9	59.16201117318436
3.10376689E9	30.08208296557811
3.1037681705E9	0.9811764705882353
3.10376945E9	0.0
3.1037707255E9	56.09179415855355
3.103771995E9	58.79194630872483
3.103773262E9	0.0
3.1037745285E9	0.0
3.1037757935E9	36.68973747016707
3.1037770575E9	0.0
3.1037783215E9	0.0
3.103779585E9	12.7984496124031
3.103780841E9	49.23580786026201
3.1037820855E9	0.0
3.103783325E9	31.098919475173656
3.103784562E9	54.2476708790702
3.103785797E9	58.265315967197296
3.103787031E9	0.0
3.1037882635E9	58.79873551106428
3.1037894945E9	59.073170731707314
3.1037907225E9	58.384991843393145
3.103791947E9	0.0
3.1037931655E9	0.0
3.103794379E9	0.0
3.103795591E9	56.69961323592609
3.103796801E9	0.0
3.1037980065E9	0.0
3.103799207E9	58.31649831649832
3.103800405E9	0.0
3.1038016E9	0.0
3.103802792E9	0.0
3.103803981E9	0.0
3.1038051675E9	39.89280649735723
3.1038063525E9	0.0
3.1038075365E9	0.0
3.1038087195E9	5.393544382371198
3.1038099E9	57.62993762993763
3.103811076E9	0.0
3.103812247E9	0.0
3.103813415E9	38.52639296187683
3.1038145815E9	59.5368782161235
3.103815747E9	0.0
3.1038169115E9	0.0
3.103818075E9	0.0
3.1038192355E9	47.295095594347465
3.1038203935E9	20.717488789237667
3.103821551E9	0.0
3.103822708E9	49.60526315789474
3.103823865E9	42.30621106286577
3.103825021E9	0.0
3.1038261755E9	0.0
3.103827327E9	43.957317073170735
3.1038284755E9	0.0
3.1038296235E9	9.068522483940043
3.1038307705E9	0.0
3.1038319155E9	0.0
3.1038330575E9	0.0
3.1038341955E9	0.0
3.1038353305E9	0.0
3.103836464E9	44.3
3.103837595E9	53.6907694768837
3.103838723E9	0.0
3.10383985E9	0.0
3.1038409725E9	40.93616066419836
3.1038420865E9	58.7027027027027
3.1038431935E9	57.19887955182073
3.1038442975E9	56.41672473867596
3.1038454E9	50.08880308880309
3.1038464995E9	0.0
3.1038475965E9	0.0
3.1038486915E9	0.0
3.103849784E9	0.0
3.103850874E9	0.0
3.1038519615E9	59.00184842883549
3.103853047E9	18.109375
3.1038541315E9	59.195402298850574
3.103855215E9	46.589182968929805
3.103856298E9	0.0
3.103857379E9	58.54545454545455
3.1038584565E9	0.0
3.103859529E9	0.9821763602251408
3.1038605975E9	0.9617447264926707
3.103861665E9	0.9289473684210526
3.103862732E9	0.0
3.103863799E9	59.268978444236176
3.103864864E9	0.0
3.1038659265E9	0.0
3.103866987E9	32.02007183604479
3.1038680455E9	9.85254691689008
3.1038691035E9	0.0
3.10387016E9	0.0
3.1038712145E9	0.0
3.1038722685E9	0.0
3.103873322E9	0.0
3.103874375E9	0.0
3.1038754275E9	41.559688791636276
3.103876479E9	0.0
3.103877529E9	0.0
3.103878577E9	0.0
3.1038796225E9	0.0
3.103880666E9	36.16804822908817
3.103881709E9	47.805805805805804
3.1038827515E9	8.922264875239923
3.1038837935E9	14.823785351704133
3.103884835E9	0.0
3.1038858755E9	0.0
3.103886915E9	0.0
3.1038879535E9	0.0
3.103888991E9	0.0
3.103890028E9	0.0
3.103891064E9	38.209822513980065
3.103892095E9	52.69378632096558
3.103893119E9	50.394101876675606
3.10389414E9	57.4868073878628
3.10389516E9	42.660095011876486
3.103896179E9	49.94643259059194
3.1038971965E9	0.0
3.1038982115E9	0.0
3.103899225E9	0.0
3.103900236E9	0.0
3.1039012445E9	0.0
3.103902252E9	0.0
3.1039032575E9	0.0
3.1039042615E9	0.0
3.103905265E9	50.94462320067739
3.103906267E9	0.0
3.1039072675E9	0.0
3.1039082675E9	52.95274798927614
3.1039092675E9	0.0
3.103918732E9	54.995559470072294
3.103932571E9	0.0
3.103941472E9	40.399252093771715
3.1039494115E9	57.62406744707952
3.1039572085E9	0.0
3.103963938E9	0.8672448749718406
3.1039695055E9	33.87124808883882
3.103974766E9	0.0
3.1039797995E9	58.52157286557486
3.103984567E9	57.650810523518466
3.1039891115E9	0.0
3.1039934845E9	0.0
3.103997683E9	57.56166965615785
3.104001684E9	56.66544252662504
3.104005458E9	40.575131724451964
3.104009178E9	0.0
3.1040128475E9	58.13664596273292
3.104016433E9	56.409948032665184
3.104019926E9	56.64586972797604
3.104023359E9	0.0
3.104026758E9	0.0
3.1040301305E9	2.5216836734693877
3.104033452E9	58.26338639652677
3.104036731E9	29.746212651563944
3.1040399985E9	13.486342943854325
3.104043259E9	51.60326504222734
3.1040464995E9	0.0
3.104049674E9	57.998978308707954
3.1040527925E9	0.0
3.1040558995E9	10.853155339805825
3.104058987E9	0.0
3.104062054E9	0.0
3.104065115E9	0.0
3.1040681395E9	57.79275741710297
3.1040711275E9	54.79955299043739
3.1040740845E9	0.0
3.1040770095E9	53.30073349633252
3.104079908E9	57.98506195892039
3.104082775E9	57.68157220165195
3.1040856295E9	58.51923414719831
3.104088461E9	46.992848071652965
3.10409126E9	58.29881268961384
3.1040940205E9	0.0
3.1040967325E9	0.0
3.1040994055E9	57.68669057425184
3.104102056E9	35.27594529364441
3.1041046865E9	0.0
3.104107298E9	57.73233238415739
3.104109892E9	38.874078047472175
3.1041124505E9	59.17122302158273
3.1041149735E9	0.0
3.1041174795E9	0.0
3.10411997E9	59.55807365439094
3.1041224495E9	59.18762088974855
3.104124925E9	0.0
3.104127395E9	58.10081087004164
3.1041298495E9	15.720739509060676
3.1041322855E9	0.0
3.104134709E9	52.56862979333413
3.1041371215E9	36.501047120418846
3.104139523E9	20.125752067739135
3.1041418965E9	56.937396315375885
3.104144241E9	18.82273082633513
3.1041465705E9	48.6805001330141
3.104148885E9	58.955570291777185
3.1041511915E9	0.0
3.1041534905E9	57.89230961506416
3.104155772E9	34.42622950819672
3.10415804E9	53.31263157894737
3.1041603025E9	54.59499263622975
3.1041625525E9	59.36597707992261
3.1041647915E9	54.136831962048774
3.1041670245E9	58.42281463112213
3.104169246E9	56.847308678139875
3.104171456E9	0.0
3.104173654E9	6.463693831174013
3.104175845E9	59.14776796371449
3.1041780355E9	0.0
3.1041802225E9	57.97234603838807
3.1041823975E9	25.565471273906876
3.104184563E9	27.480481155956035
3.1041867265E9	59.310344827586206
3.1041888805E9	16.586915887850466
3.1041910115E9	53.67873771339886
3.1041931255E9	0.0
3.1041952355E9	1.2492573588981906
3.1041973425E9	48.27553707553707
3.1041994485E9	59.41864041833282
3.1042015545E9	35.87212518330147
3.104203656E9	0.0
3.104205745E9	57.18840579710145
3.1042078145E9	53.963080290289135
3.104209871E9	57.81192151055165
3.1042119255E9	0.0
3.104213971E9	58.84403669724771
3.1042160055E9	0.0
3.1042180375E9	47.38417661349953
3.1042200635E9	0.0
3.1042220825E9	0.0
3.1042240985E9	58.76058849754793
3.104226106E9	0.0
3.104228107E9	55.00697017268446
3.104230103E9	0.0
3.1042320935E9	55.98868175765646
3.10423408E9	0.0
3.104236062E9	58.33399602385686
3.104238043E9	58.122699386503065
3.104240023E9	0.0
3.104241994E9	50.52826821581805
3.1042439415E9	0.0
3.104245872E9	0.0
3.104247777E9	49.12819134641226
3.1042496545E9	56.02421574023115
3.104251516E9	0.0
3.104253365E9	18.02059967956054
3.104255206E9	57.46642793196061
3.1042570385E9	50.19500780031201
3.1042588675E9	43.7847291313084
3.1042606875E9	15.7521519432073
3.1042625015E9	56.764397243820724
3.104264304E9	52.071281551294554
3.104266094E9	0.0
3.1042678815E9	0.0
3.1042696635E9	0.0
3.1042714405E9	15.145189168427118
3.1042732095E9	58.99002493765586
3.1042749695E9	0.0
3.104276727E9	0.0
3.1042784825E9	0.0
3.1042802355E9	58.16365419644108
3.104281987E9	38.33107280364018
3.104283737E9	0.0
3.1042854805E9	0.0
3.104287214E9	21.76732854391045
3.1042889415E9	44.422105461571086
3.1042906625E9	58.043782021425244
3.1042923765E9	58.98364485981308
3.104294088E9	31.769091230524445
3.104295795E9	58.67668444013572
3.1042974975E9	58.46560846560847
3.104299198E9	13.624631738800304
3.1043008905E9	53.29009665219218
3.1043025755E9	47.68171890679417
3.1043042575E9	58.055087127599776
3.1043059365E9	58.83428571428571
3.1043076145E9	0.0
3.104309292E9	55.97859948530408
3.1043109685E9	58.81828637147786
3.1043126425E9	23.008502427607354
3.104314313E9	0.0
3.1043159815E9	0.0
3.104317647E9	0.0
3.1043193085E9	0.0
3.1043209685E9	58.182958516261984
3.1043226275E9	58.87332908975175
3.1043242845E9	0.0
3.1043259405E9	43.91397345823575
3.1043275945E9	0.0
3.104329244E9	0.0
3.10433089E9	29.8406292749658
3.104332533E9	55.23809523809524
3.1043341725E9	31.341176470588234
3.104335808E9	0.0
3.1043374375E9	0.0
3.1043390575E9	0.0
3.1043406705E9	0.0
3.104342279E9	0.0
3.104343883E9	39.962828791935735
3.104345484E9	0.0
3.104347078E9	0.0
3.1043486665E9	56.08211034738993
3.104350253E9	0.0
3.1043518375E9	57.49702026221693
3.1043534215E9	51.0474705444352
3.1043550035E9	0.0
3.1043565795E9	59.06976744186046
3.1043581505E9	40.57269637140881
3.10435972E9	58.87189292543021
3.1043612885E9	46.28776150627615
3.104362856E9	0.0
3.104364422E9	44.92334155151654
3.104365984E9	57.96023091725465
3.104367543E9	51.81655172413793
3.1043691005E9	0.0
3.1043706555E9	58.57988165680474
3.104372207E9	0.0
3.1043737525E9	0.0
3.104375294E9	50.23929471032746
3.1043768335E9	0.9155370177267987
3.104378371E9	32.58574162679426
3.104379907E9	0.0
3.1043814395E9	50.91530460624071
3.1043829685E9	0.0
3.1043844935E9	36.77959927140255
3.1043860115E9	0.0
3.104387523E9	57.515965646333406
3.104389031E9	7.192762700069589
3.1043905345E9	48.764940239043824
3.104392034E9	0.0
3.104393533E9	59.55193482688391
3.104395031E9	56.01095716743639
3.1043965275E9	0.0
3.1043980195E9	0.0
3.1043995065E9	0.0
3.104400992E9	0.0
3.104402475E9	56.66254635352287
3.104403955E9	54.83415666901905
3.1044054305E9	50.19682397673898
3.1044069025E9	40.84942335674763
3.1044083735E9	56.855750190403654
3.1044098415E9	58.44398340248963
3.104411307E9	0.0
3.10441277E9	0.0
3.1044142295E9	57.142042213348546
3.104415687E9	21.97327652982184
3.1044171395E9	24.560344827586206
3.104418587E9	0.0
3.1044200325E9	49.24727431312691
3.104421476E9	23.48804841149773
3.104422919E9	0.0
3.1044243595E9	0.0
3.1044257945E9	29.91655669750978
3.1044272255E9	0.0
3.1044286555E9	4.485981308411215
3.104430085E9	0.0
3.104431514E9	0.0
3.104432943E9	59.11014911014911
3.1044343705E9	0.0
3.1044357965E9	0.0
3.1044372195E9	58.11080689321952
3.1044386375E9	59.30729266884741
3.1044400535E9	0.0
3.104441469E9	44.331574981160514
3.104442884E9	31.356030124832355
3.1044442985E9	0.0
3.104445712E9	0.0
3.1044471235E9	0.0
3.104448531E9	57.54110429447853
3.1044499345E9	58.79953289217595
3.1044513345E9	14.399125546533417
3.104452732E9	0.0
3.104454128E9	57.874750609620925
3.1044555215E9	0.0
3.1044569115E9	58.04913294797688
3.1044582985E9	55.14027149321267
3.1044596825E9	0.0
3.104461064E9	56.25998934469899
3.104462444E9	0.0
3.1044638215E9	27.558845900309315
3.1044651965E9	28.967909544622586
3.1044665705E9	59.75602126994057
3.104467944E9	19.689119170984455
3.104469317E9	0.0
3.1044706895E9	57.196928140427865
3.1044720605E9	59.43065693430657
3.104473429E9	38.891948894747514
3.104474795E9	58.570381231671554
3.1044761595E9	58.675862068965515
3.104477522E9	0.0
3.104478883E9	0.0
3.104480241E9	0.0
3.104481596E9	12.222222222222221
3.1044829505E9	0.0
3.104484304E9	51.08925714285714
3.104485655E9	45.01032110091743
3.104487002E9	46.812017640573316
3.1044883465E9	0.0
3.10448969E9	0.0
3.1044910305E9	58.660524450744155
3.1044923685E9	0.0
3.1044937065E9	0.0
3.1044950435E9	0.0
3.104496378E9	20.580575539568347
3.104497711E9	0.0
3.1044990435E9	57.81321184510251
3.1045003715E9	27.343493552168816
3.104501695E9	0.0
3.104503018E9	3.6854700854700853
3.1045043395E9	0.0
3.1045056595E9	0.0
3.104506978E9	0.0
3.1045082945E9	0.0
3.1045096045E9	46.10567402111837
3.1045109085E9	0.0
3.104512212E9	56.91878487290762
3.1045135145E9	0.0
3.104514816E9	0.0
3.1045161165E9	57.723970944309926
3.1045174155E9	33.25644081782342
3.104518713E9	0.0
3.104520009E9	0.0
3.1045212985E9	0.0
3.104522582E9	25.16543345949056
3.104523865E9	23.75350082372323
3.104525146E9	59.25
3.1045264245E9	0.0
3.104527699E9	18.456501069645828
3.10452897E9	0.0
3.1045302395E9	0.9404630650496141
3.1045315055E9	44.86102897693672
3.104532769E9	9.0
3.1045340315E9	57.692941499588024
3.104535293E9	4.635876840696118
3.1045365535E9	58.889916743755784
3.104537813E9	29.925892656635977
3.104539072E9	0.0
3.1045403305E9	59.70942040306202
3.1045415875E9	59.19977771603223
3.104542842E9	0.0
3.1045440925E9	0.0
3.1045453405E9	0.0
3.1045465875E9	0.0
3.1045478335E9	0.0
3.1045490785E9	0.0
3.1045503195E9	58.39155990957046
3.1045515575E9	59.27302100161551
3.1045527945E9	0.0
3.1045540295E9	40.29065743944636
3.1045552635E9	0.0
3.104556496E9	0.9060150375939849
3.104557727E9	0.0
3.1045589575E9	56.60183716627016
3.1045601875E9	38.83849648905411
3.1045614165E9	59.12052117263843
3.104562644E9	32.84686346863469
3.1045638685E9	0.0
3.1045650905E9	0.0
3.104566312E9	0.0
3.104567533E9	59.359190556492415
3.1045687535E9	52.14134574693187
3.1045699725E9	36.99957501062473
3.1045711905E9	0.0
3.1045724075E9	56.94040913133709
3.1045736235E9	59.0728476821192
3.1045748375E9	59.29752066115702
3.1045760485E9	0.0
3.104577258E9	0.0
3.1045784665E9	57.427345844504025
3.1045796745E9	0.0
3.1045808815E9	0.0
3.104582087E9	0.0
3.104583292E9	0.0
3.1045844955E9	0.0
3.1045856965E9	0.0
3.104586896E9	0.0
3.1045880945E9	59.45314998401023
3.1045892925E9	58.635554676685786
3.1045904905E9	1.1761113825109917
3.104591687E9	59.78698224852071
3.1045928815E9	0.0
3.104594074E9	0.0
3.104595264E9	1.7317339149400217
3.1045964525E9	59.25727253971529
3.1045976365E9	48.03592181722134
3.1045988165E9	56.85666387259011
3.104599996E9	0.0
3.1046011715E9	26.696423977360432
3.1046023415E9	0.0
3.1046035085E9	37.63334536268495
3.10460467E9	0.0
3.1046058265E9	59.536574284416176
3.1046069825E9	40.35452793834297
3.104608138E9	59.36794582392776
3.1046092925E9	58.54419410745234
3.1046104465E9	59.18890814558059
3.104611598E9	58.03693295865114
3.104612744E9	0.0
3.104613887E9	0.0
3.1046150285E9	53.47731133220092
3.104616167E9	56.933614330874605
3.104617303E9	0.9352226720647774
3.104618438E9	23.681343216933108
3.104619573E9	0.0
3.104620704E9	58.63343786103317
3.104621831E9	50.558222898109925
3.1046229575E9	54.205817782656425
3.104624082E9	7.829521086490351
3.104625205E9	58.49624060150376
3.104626328E9	0.0
3.1046274505E9	38.33481663342029
3.1046285725E9	59.21123394084255
3.104629694E9	51.84367321867322
3.104630815E9	0.0
3.104631935E9	53.85918367346939
3.104633054E9	2.0987387985396615
3.104634173E9	0.0
3.1046352915E9	59.34336525307798
3.104636408E9	0.0
3.1046375185E9	25.177419354838708
3.1046386245E9	59.30012610340479
3.1046397295E9	0.0
3.1046408325E9	0.0
3.104641934E9	58.69209809264305
3.1046430335E9	0.0
3.1046441315E9	0.0
3.1046452285E9	0.0
3.1046463245E9	58.8
3.10464742E9	0.0
3.104648514E9	58.05513676502262
3.1046496055E9	0.0
3.104650695E9	0.0
3.104651783E9	4.740061162079511
3.10465287E9	0.0
3.104653956E9	56.86349871884463
3.104655041E9	0.0
3.104656126E9	7.011514104778353
3.10465721E9	0.0
3.1046582915E9	58.375
3.1046593715E9	3.5460122699386503
3.104660451E9	0.0
3.10466153E9	0.0
3.104662609E9	41.6318407960199
3.104663686E9	26.74759465014447
3.1046647605E9	60.0
3.104665834E9	0.0
3.1046669055E9	32.77038425492034
3.1046679745E9	34.635544340302815
3.104669042E9	0.0
3.1046701085E9	0.0
3.1046711745E9	0.0
3.1046722405E9	36.78930714258417
3.104673305E9	0.9048493754592212
3.104674368E9	45.42097596504006
3.104675431E9	24.510118693708574
3.1046764935E9	16.949189189189187
3.1046775535E9	0.0
3.1046786105E9	50.518823951237
3.1046796645E9	59.45652173913044
3.104680716E9	36.36363636363637
3.104681767E9	2.7593406593406593
3.1046828175E9	0.0
3.1046838665E9	47.770992366412216
3.1046849135E9	0.0
3.1046859595E9	0.9055912007332723
3.104687005E9	0.0
3.104688049E9	0.9228295819935691
3.1046890895E9	0.9458661417322834
3.1046901265E9	56.36167922497309
3.104691162E9	18.68731848983543
3.104692197E9	58.65907828983898
3.104693232E9	58.087835211815005
3.104694266E9	58.24077669902913
3.1046952985E9	0.0
3.10469633E9	0.9303030303030303
3.1046973585E9	37.70510304219823
3.1046983845E9	58.18934911242604
3.1046994105E9	0.0
3.104700435E9	44.217486604968336
3.1047014575E9	58.62490450725745
3.1047024785E9	0.8861386138613861
3.1047034985E9	27.41578519121237
3.1047045185E9	57.42872512103281
3.104705538E9	0.0
3.1047065565E9	50.7101148301979
3.1047075745E9	0.0
3.104708592E9	0.0
3.104709608E9	58.3448275862069
3.104710623E9	0.0
3.104711638E9	0.0
3.1047126525E9	0.0
3.1047136665E9	0.0
3.10471468E9	0.0
3.104715693E9	0.0
3.104716706E9	59.526159921026654
3.1047177185E9	0.0
3.10471873E9	0.9574036511156186
3.104719741E9	0.0
3.104720751E9	20.24355718234108
3.1047217595E9	0.0
3.1047227675E9	0.0
3.104723775E9	0.0
3.104724782E9	59.10625620655412
3.104725789E9	21.21201091901729
3.1047267955E9	0.0
3.104727801E9	0.0
3.104728805E9	0.0
3.104729807E9	58.61726163578852
3.1047308075E9	0.0
3.104740963E9	0.0
3.104756475E9	31.27263604785797
3.104767963E9	49.483141963816465
3.104778484E9	55.763222284961415
3.1047881575E9	34.39962255879475
3.1047976135E9	51.76431825736689
3.1048068795E9	18.599009693256683
3.1048160235E9	58.479820949827655
3.104824959E9	51.66917636589307
3.1048336895E9	36.88732442337298
3.1048423175E9	22.73214832975789
3.1048506295E9	56.383884322916956
3.104858538E9	57.58682634730539
3.10486621E9	19.92016964040506
3.104873738E9	0.0
3.104881204E9	44.38721333183073
3.1048886055E9	59.12361990950226
3.104895888E9	53.36991309047978
3.1049030315E9	51.397181565259466
3.1049100215E9	49.564769537918465
3.104916928E9	22.330556589165898
3.1049238165E9	48.260720294471824
3.104930685E9	37.54415847056311
3.1049375335E9	43.63411986888662
3.1049443175E9	6.11759154397886
3.1049510255E9	54.60127931769723
3.104957646E9	59.414797693733966
3.1049641205E9	23.375513714995698
3.104970491E9	15.472522853840497
3.104976811E9	57.687171937011904
3.1049830915E9	11.548935928075567
3.104989311E9	39.29135342720819
3.104995483E9	52.74554782771419
3.1050016285E9	46.680297294673935
3.105007741E9	37.080148458842686
3.105013843E9	43.33076811031268
3.105019839E9	53.692665237224965
3.1050257E9	42.14145415306443
3.105031511E9	39.89982937284115
3.1050372955E9	0.9828962371721779
3.105043063E9	54.90825519396948
3.1050488005E9	58.01425211336485
3.1050545125E9	53.02277628309133
3.1050601615E9	49.98179530019311
3.1050657395E9	44.66870988678157
3.1050713015E9	33.04363470649109
3.1050767895E9	27.977203155200336
3.105082186E9	53.879841721005405
3.1050875235E9	57.835384693631035
3.105092801E9	57.26427929662431
3.105098007E9	44.87610574863278
3.1051031505E9	55.16333610303282
3.1051082045E9	56.223877011770355
3.105113172E9	0.0
3.105118124E9	53.260144291331066
3.105123046E9	54.21581530709756
3.105127928E9	0.9288294797687862
3.105132784E9	57.17314821545395
3.1051375455E9	44.71540089970892
3.105142205E9	42.32568946358218
3.1051468215E9	23.831397045945472
3.105151389E9	49.51429675425039
3.1051559265E9	37.837152327424704
3.105160444E9	58.35636992638481
3.105164943E9	53.451808446150736
3.1051694125E9	0.0
3.1051738415E9	44.70007544772267
3.105178253E9	42.17218308298994
3.1051826085E9	41.286426819296814
3.1051869095E9	57.994791666666664
3.105191198E9	55.23423740753787
3.105195423E9	18.763831967213115
3.105199594E9	45.37352606722465
3.1052037465E9	0.37980406932931426
3.105207865E9	59.327148896195396
3.10521196E9	3.0393905611296916
3.105216012E9	56.96698196605375
3.1052200195E9	0.0
3.105224006E9	37.962309069266624
3.1052278585E9	50.67127665147467
3.105231579E9	55.37423296225903
3.1052352765E9	38.92172822617419
3.1052389575E9	34.421807013053495
3.105242632E9	49.98630241423126
3.1052463045E9	44.273668793806884
3.105249957E9	46.87496254868671
3.10525359E9	54.17749050990048
3.105257213E9	12.653628734074813
3.105260822E9	36.08311731750146
3.1052644205E9	46.58218336483932
3.1052680095E9	35.65126865671642
3.1052715945E9	0.0
3.105275175E9	49.353757578068404
3.105278732E9	0.0
3.1052822555E9	40.42964083884618
3.105285765E9	56.593507501293324
3.1052892635E9	43.61189583799508
3.105292744E9	0.0
3.105296203E9	0.0
3.105299639E9	55.312949837920996
3.10530305E9	48.67347956960636
3.105306431E9	53.99092876694888
3.105309783E9	55.793908439405286
3.1053131135E9	51.437874550539355
3.105316433E9	52.87638136511376
3.105319747E9	38.82456747404844
3.105323045E9	0.0
3.1053263115E9	7.5911602209944755
3.10532956E9	0.0
3.105332802E9	58.92907512883103
3.105336038E9	0.0
3.1053392555E9	56.28106032803546
3.105342453E9	58.39251677852349
3.105345638E9	44.083435918479005
3.1053488045E9	52.85702762653761
3.105351955E9	46.83108338263504
3.105355096E9	46.53903701448393
3.1053582345E9	50.22299051487032
3.1053613715E9	3.9334975369458127
3.1053645055E9	0.0
3.1053676375E9	49.33305134929363
3.105370751E9	54.80347232104739
3.1053738455E9	56.57039165280508
3.105376939E9	47.68968663758569
3.105380015E9	0.0
3.105383037E9	49.964383063783394
3.105386017E9	0.0
3.105388988E9	47.583081452915735
3.105391952E9	1.8202614379084967
3.10539491E9	56.23864450738832
3.105397855E9	58.064069177350426
3.105400789E9	16.807011981065838
3.10540371E9	2.6445840472111173
3.1054066165E9	48.08278832349657
3.1054095145E9	43.804921339249695
3.1054124035E9	34.01793568936751
3.105415289E9	25.42639734366353
3.1054181705E9	0.0
3.105421047E9	38.1089354040063
3.105423915E9	56.875064822817635
3.1054267735E9	41.538088747539
3.1054296205E9	36.51120469243495
3.10543244E9	42.0586647818544
3.105435239E9	52.668393096487016
3.1054380315E9	58.236204228984015
3.105440812E9	39.33918845315904
3.105443576E9	54.68023255813954
3.1054463305E9	59.38325991189427
3.105449079E9	58.741315897016754
3.105451813E9	42.244584950544635
3.1054545365E9	45.24993668000608
3.1054572385E9	5.153046062407133
3.105459914E9	28.30524534686971
3.10546258E9	25.760818064038496
3.1054652375E9	38.7937693399409
3.105467887E9	54.11241184090582
3.105470528E9	57.567448031844314
3.105473162E9	0.9862068965517241
3.105475793E9	39.00947842388353
3.1054784135E9	33.21256459069894
3.105481019E9	36.662962005686225
3.1054836015E9	56.298611378235954
3.1054861625E9	53.65944075052373
3.105488716E9	57.138116880505166
3.105491267E9	24.525751970625247
3.1054938115E9	6.4007695895522385
3.1054963495E9	5.979381443298969
3.105498881E9	0.0
3.1055013925E9	0.0
3.1055038895E9	0.9155844155844156
3.105506379E9	58.12297734627832
3.105508858E9	50.95325536352801
3.10551133E9	55.3079170851977
3.105513792E9	59.09737417943107
3.1055162415E9	55.01591255015912
3.105518682E9	31.990268700072622
3.105521118E9	39.664651286131
3.105523549E9	55.66908293998652
3.105525972E9	44.740683505180755
3.105528388E9	40.14488843517573
3.1055308005E9	45.56230536062783
3.1055332065E9	44.99809693360754
3.105535606E9	52.46291012838802
3.1055380035E9	45.998328025477704
3.105540398E9	13.365987460815047
3.1055427875E9	53.27936436884512
3.1055451725E9	9.43962543124692
3.1055475555E9	56.992206105217576
3.1055499375E9	42.902472527472526
3.105552312E9	59.6139519133085
3.1055546785E9	58.588235294117645
3.1055570425E9	52.344734037399476
3.105559404E9	52.86921624173749
3.105561761E9	50.29833993586116
3.105564112E9	23.76050543784501
3.1055664605E9	47.23620263591433
3.1055688045E9	34.658385477975344
3.105571144E9	35.0
3.1055734815E9	31.817665289256198
3.105575816E9	45.54679430097952
3.1055781475E9	0.0
3.105580476E9	40.32612464640935
3.1055827985E9	44.95745458532841
3.105585104E9	42.065177398160316
3.1055873965E9	57.926181952845326
3.105589686E9	33.25866592241139
3.1055919665E9	38.426480156148344
3.1055942405E9	39.796909492273734
3.105596511E9	56.139827373612825
3.1055987745E9	46.27517691888949
3.105601033E9	57.65595134665508
3.1056032815E9	53.37508246637909
3.105605521E9	36.45863698599885
3.1056077565E9	34.98834628190899
3.1056099875E9	20.521459992866486
3.1056122175E9	0.0
3.1056144435E9	0.0
3.1056166625E9	0.0
3.1056188775E9	34.86597572858535
3.1056210895E9	24.34685343926406
3.105623296E9	25.43180487804878
3.105625496E9	26.219036697247706
3.1056276925E9	52.15370087891334
3.1056298885E9	59.70990566037736
3.105632076E9	34.020592991913745
3.1056342545E9	53.166138703473244
3.1056364325E9	22.875026642984015
3.1056386075E9	0.980806142034549
3.1056407785E9	51.64558924879393
3.105642947E9	35.11618839675608
3.105645114E9	0.0
3.105647276E9	32.440589609922704
3.105649431E9	59.371398638030385
3.105651583E9	0.9796186719263642
3.105653732E9	49.43447360199937
3.105655878E9	43.339318135969336
3.1056580215E9	55.06715506715507
3.1056601635E9	34.534243314022696
3.1056623025E9	17.356157021127828
3.1056644355E9	39.83205024827059
3.1056665645E9	36.801262191623636
3.1056686915E9	57.70221583687904
3.1056708175E9	0.0
3.10567294E9	52.16964247847661
3.105675053E9	39.298960556205685
3.105677152E9	56.93407177455398
3.105679241E9	30.32761713481314
3.1056813275E9	33.32460082225834
3.105683412E9	56.48501446242846
3.105685491E9	25.333407128625193
3.105687566E9	54.65385348497363
3.1056896395E9	24.713281569268492
3.1056917095E9	31.036100769844055
3.105693777E9	33.78616352201258
3.105695838E9	0.0
3.105697891E9	48.259873232569475
3.1056999415E9	49.67072874353366
3.105701983E9	47.3006552677383
3.1057040115E9	56.611016825874025
3.1057060315E9	5.505732484076433
3.105708045E9	47.81573575802561
3.105710055E9	45.113633098692716
3.105712061E9	42.23609896610257
3.105714063E9	19.071846835378583
