#Position (bp)	mapping quality
3882144.5	55.04144580410246
1.16464325E7	57.198506423820184
1.94107205E7	57.77756141991301
2.71750085E7	58.545309165331375
3.49392965E7	58.58939778041495
4.27035845E7	58.66860920338635
5.04678725E7	58.64879787533106
5.82321605E7	58.558646413358424
6.59964485E7	58.60682290476351
7.37607365E7	58.62656319625978
8.15250245E7	58.57962360267904
8.92893125E7	58.59864573884615
9.70536005E7	58.64545402201916
1.048178885E8	56.471186721379084
1.125821765E8	58.56355433082458
1.203464645E8	17.748708795530966
1.281107525E8	9.503197582122478
1.358750405E8	0.0
1.436393285E8	26.782126780768778
1.514036165E8	52.75291089475194
1.591679045E8	57.87004180103122
1.669321925E8	58.623392493083344
1.746964805E8	58.59911315387419
1.824607685E8	58.61704534337268
1.902250565E8	58.613834105275
1.979893445E8	58.53029745340491
2.057536325E8	58.09067488505247
2.135179205E8	58.63493385678821
2.212822085E8	58.43798100968781
2.290464965E8	57.43370380525841
2.368107845E8	58.519409876354715
2.445750725E8	58.49168912686749
2.487068195E8	53.63184340713314
2.525889635E8	58.38490707405846
2.601036485E8	58.58479839907257
2.678679365E8	58.55570702094388
2.756322245E8	58.630061942198374
2.833965125E8	58.03252832672455
2.911608005E8	58.59022154287216
2.989250885E8	58.62398506828769
3.066893765E8	58.616657792470356
3.144536645E8	58.58264631113276
3.222179525E8	58.514816325437195
3.299822405E8	58.570650182484826
3.377465285E8	40.676668894066665
3.455108165E8	53.31475885706211
3.532751045E8	58.16356657569237
3.610393925E8	52.560618688662856
3.688036805E8	58.55941445831632
3.765679685E8	56.68350527258407
3.843322565E8	58.36333416121151
3.920965445E8	58.601610885311715
3.998608325E8	58.55728202123922
4.076251205E8	58.57313487844187
4.153894085E8	58.52155013057238
4.231536965E8	58.64671972765074
4.309179845E8	58.64981331387887
4.386822725E8	58.643636084529035
4.464465605E8	58.60826059840817
4.542108485E8	58.62960982334771
4.619751365E8	58.57135299679492
4.697394245E8	58.596491557054144
4.775037125E8	58.55196685254674
4.852680005E8	58.51970981496964
4.90150048E8	57.87026872539181
4.94032192E8	58.53826594296396
5.007965765E8	58.56969712808281
5.085608645E8	58.58850041016452
5.163251525E8	58.614949302774704
5.240894405E8	58.618528859425666
5.318537285E8	58.56727846881424
5.396180165E8	58.63350457700937
5.473823045E8	58.61211862645413
5.551465925E8	58.61692925997468
5.629108805E8	58.544504117624015
5.706751685E8	58.479450416101606
5.784394565E8	55.139518790832085
5.862037445E8	41.57119500379948
5.939680325E8	58.57302864613582
6.017323205E8	58.62640285615888
6.094966085E8	58.627190218688625
6.172608965E8	58.48119564530113
6.250251845E8	58.5837039328165
6.327894725E8	58.600700532688805
6.405537605E8	58.58273895298776
6.483180485E8	58.67264265031941
6.560823365E8	58.63909631308888
6.638466245E8	58.679996033921846
6.716109125E8	58.62756790003035
6.793752005E8	58.3810975390855
6.863514275E8	57.89481219238001
6.902335715E8	56.998509582929415
6.949037765E8	56.536655627386224
7.026680645E8	58.21019094872727
7.104323525E8	58.50021136826716
7.181966405E8	58.61972474617696
7.259609285E8	58.67061914569771
7.337252165E8	58.603065776508735
7.414895045E8	30.79159139629062
7.492537925E8	58.55746389146468
7.570180805E8	58.62558765670549
7.647823685E8	58.57611476704393
7.725466565E8	58.6083164530543
7.803109445E8	58.60458523706755
7.880752325E8	58.64966679289128
7.958395205E8	58.604803076706084
8.036038085E8	58.63173551669959
8.113680965E8	58.4526308095645
8.191323845E8	58.47563839417427
8.268966725E8	58.54432085040821
8.346609605E8	58.57324763682533
8.424252485E8	58.624656400451634
8.501895365E8	58.61596468000299
8.579538245E8	58.52508453209284
8.657181125E8	58.596830385048484
8.734824005E8	58.485988389714514
8.78512305E8	55.13122529034412
8.82394449E8	58.24105137549967
8.890109765E8	58.49863061949399
8.967752645E8	58.091935450752274
9.045395525E8	58.5547841497848
9.123038405E8	58.50879902509892
9.200681285E8	58.636287250215695
9.278324165E8	44.74697889404306
9.355967045E8	58.59733849035143
9.433609925E8	58.58193989285967
9.511252805E8	48.7971874000409
9.588895685E8	58.623819175584316
9.666538565E8	58.64174994685828
9.744181445E8	58.6030570386641
9.821824325E8	58.49644361309032
9.899467205E8	58.55849926484048
9.977110085E8	58.62868220925699
1.0054752965E9	58.604305661824895
1.0132395845E9	58.59519210653243
1.0210038725E9	58.64521117492123
1.0287681605E9	58.569550470287076
1.0365324485E9	58.51755549921762
1.0442967365E9	58.6275936987525
1.0520610245E9	57.794341394428315
1.0585707465E9	56.40609559396668
1.0624528905E9	58.074733313731535
1.0675896005E9	58.55308119090808
1.0753538885E9	58.608335021740494
1.0831181765E9	58.59395555185202
1.0908824645E9	57.656495742285564
1.0986467525E9	58.55379974726322
1.1064110405E9	58.62345539193222
1.1141753285E9	58.575340260056024
1.1219396165E9	43.74386211675277
1.1297039045E9	58.616591101164026
1.1374681925E9	58.63219701690964
1.1452324805E9	58.584231971547204
1.1529967685E9	58.645953164291285
1.1607610565E9	58.634141340984335
1.1685253445E9	58.60006823132673
1.1762896325E9	58.611254880411856
1.1840539205E9	58.626888327992624
1.1918182085E9	58.57447920039311
1.1995824965E9	58.646044917560445
1.2073467845E9	58.649286867438015
1.2151110725E9	58.58523586676446
1.2228753605E9	58.11618651197769
1.229380904E9	57.80100955419199
1.233263048E9	57.68499813334194
1.2384039365E9	57.84494852610242
1.2461682245E9	58.61514428167876
1.2539325125E9	58.53414961039481
1.2616968005E9	58.52700314882627
1.2694610885E9	58.53416000193591
1.2772253765E9	58.56442758524555
1.2849896645E9	58.16933301955761
1.2927539525E9	30.154932951453365
1.3005182405E9	57.53987675566319
1.3082825285E9	54.10559933031801
1.3160468165E9	58.63110774611763
1.3238111045E9	58.607404670966055
1.3315753925E9	56.79694568272017
1.3393396805E9	58.62508057268188
1.3471039685E9	58.635971459364306
1.3548682565E9	58.62995098011964
1.3626325445E9	58.559886834081325
1.3703968325E9	58.62056089912281
1.3781611205E9	56.54145203898984
1.3859254085E9	58.23853577763044
1.3905789145E9	57.70008678309169
1.3944610585E9	56.67146833313767
1.4014539845E9	53.254049600627305
1.4092182725E9	58.593274431498365
1.4169825605E9	58.58094720564115
1.4247468485E9	58.58900153406424
1.4325111365E9	43.2852730844039
1.4402754245E9	53.1581088722487
1.4480397125E9	58.59749233520326
1.4558040005E9	58.615197466492766
1.4635682885E9	58.52637043361151
1.4713325765E9	58.67412524788607
1.4790968645E9	54.836782073351785
1.4868611525E9	58.62763369128261
1.4946254405E9	58.652382780646
1.5023897285E9	58.63637687629865
1.5101540165E9	58.63869989152163
1.5179183045E9	58.56965808843347
1.5256825925E9	58.54533199822356
1.5330268245E9	58.35377788540539
1.5369089685E9	56.848852758837495
1.5412111685E9	58.63045189079504
1.5489754565E9	58.655614594159715
1.5567397445E9	58.61685062936436
1.5645040325E9	58.646523077010144
1.5722683205E9	55.92529769912984
1.5800326085E9	20.70743326521785
1.5877968965E9	0.0
1.5955611845E9	17.366428346900506
1.6033254725E9	38.931369332857535
1.6110897605E9	58.634523062317456
1.6188540485E9	58.511289744335215
1.6266183365E9	58.52333475209154
1.6343826245E9	58.48728760627074
1.6421469125E9	58.559796399561804
1.6499112005E9	58.310839106243805
1.6576754885E9	58.60499247048996
1.6654397765E9	58.55168816019258
1.672102775E9	57.557218190050676
1.675984919E9	57.70719183926027
1.6809683525E9	58.50052710203581
1.6887326405E9	58.62660618061905
1.6964969285E9	58.54660449491903
1.7042612165E9	58.543286084357675
1.7120255045E9	44.16903493578385
1.7197897925E9	40.875669596383254
1.7275540805E9	58.363375599241955
1.7353183685E9	58.62439457726352
1.7430826565E9	58.619359849343226
1.7508469445E9	58.530270967318216
1.7586112325E9	58.019708061988986
1.7663755205E9	58.612084916292794
1.7741398085E9	58.59630275922926
1.7819040965E9	58.571877166334765
1.7896683845E9	58.612168180123014
1.7974326725E9	58.54315217522693
1.804997934E9	57.05098412880459
1.808880078E9	51.43487468810236
1.8129612485E9	57.86463537015143
1.8207255365E9	58.60194535432757
1.8284898245E9	58.589838167840135
1.8362541125E9	58.57601698416757
1.8440184005E9	58.637013098107936
1.8517826885E9	58.603730246679106
1.8595469765E9	31.717942580183134
1.8673112645E9	58.48803828363569
1.8750755525E9	58.52567651508099
1.8828398405E9	58.582639445386384
1.8906041285E9	58.60889890522663
1.8983684165E9	57.37668828299003
1.9061327045E9	58.557795817000205
1.9138969925E9	58.6157214023788
1.9216612805E9	58.59538979252265
1.9294255685E9	58.56343841246642
1.9371898565E9	58.55520105369811
1.942419837E9	58.46541231361217
1.946301981E9	58.41565453205925
1.9527184325E9	58.41668338115023
1.9604827205E9	58.6341907478261
1.9682470085E9	58.63724418270192
1.9760112965E9	45.97386394057827
1.9837755845E9	53.12601380123793
1.9915398725E9	58.64039256125049
1.9993041605E9	58.59901407770838
2.0070684485E9	58.61905381233493
2.0148327365E9	58.62152871232183
2.0225970245E9	58.66264775784035
2.0303613125E9	58.634027954306895
2.0381256005E9	58.622907810661445
2.0458898885E9	58.62934540836435
2.0536541765E9	58.63088806824578
2.0614184645E9	58.61578869956089
2.0691827525E9	58.52099052655198
2.0750539395E9	58.27170630364535
2.0789360835E9	0.0
2.0847113285E9	0.0
2.0924756165E9	11.155552663259469
2.1002399045E9	58.52919157517909
2.1080041925E9	58.55529653573067
2.1157684805E9	58.59884022441559
2.1235327685E9	58.58298809387875
2.1312970565E9	58.207177754499845
2.1390613445E9	58.53799493039032
2.1468256325E9	58.63057350619139
2.1545899205E9	58.624245510688404
2.1623542085E9	58.62563129686912
2.1701184965E9	58.639639773550925
2.1778827845E9	58.57872303110436
2.1856470725E9	58.40755715365468
2.1904682635E9	58.2052740971772
2.1943504075E9	0.0
2.2011756485E9	0.0
2.2089399365E9	39.45385581334947
2.2167042245E9	58.55694048323842
2.2244685125E9	58.6590340347163
2.2322328005E9	58.64474377534424
2.2399970885E9	58.63753459797931
2.2477613765E9	58.63838253094765
2.2555256645E9	58.58877145624396
2.2632899525E9	58.61288416650919
2.2710542405E9	58.567496058953026
2.2788185285E9	58.549488522397795
2.2865828165E9	58.57003268184336
2.2943471045E9	58.31525840437561
2.2983401385E9	58.626074793754874
2.3022222825E9	0.0
2.3098756805E9	0.0
2.3176399685E9	20.155035368804594
2.3254042565E9	54.11097139236432
2.3331685445E9	55.52254390347259
2.3409328325E9	58.29280910698093
2.3486971205E9	58.59108165778625
2.3564614085E9	58.611308263035774
2.3642256965E9	58.55335797955307
2.3719899845E9	58.18106349935898
2.3797542725E9	57.014397562496136
2.3875185605E9	58.43582741056668
2.3952828485E9	58.56952147919712
2.399803605E9	56.266076478800834
2.403685749E9	58.22816937855439
2.4108114245E9	58.603227331186964
2.4185757125E9	51.469788765693394
2.4263400005E9	54.644607231975534
2.4341042885E9	37.13697906948536
2.4418685765E9	2.0302029434694533
2.4496328645E9	48.29939054190432
2.4573971525E9	58.609339118595656
2.4651614405E9	58.64790452094453
2.4729257285E9	57.6971692758402
2.4806900165E9	58.5566831430174
2.4876763615E9	57.3342351627321
2.4915585055E9	57.51971584063086
2.4962185925E9	58.5317146177538
2.5039828805E9	58.42264406213379
2.5117471685E9	39.698740283444515
2.5195114565E9	44.95378596770839
2.5272757445E9	55.88262451767526
2.5350400325E9	56.42405254664133
2.5428043205E9	58.62364605099625
2.5505686085E9	58.52114354594581
2.5583328965E9	58.43637435827215
2.5660971845E9	58.56773548717282
2.572008666E9	58.15109318947881
2.57589081E9	57.5449357080511
2.5816257605E9	58.57911484395735
2.5893900485E9	29.49267482220032
2.5971543365E9	54.09967224895293
2.6049186245E9	58.64555373860105
2.6126829125E9	58.58281979057035
2.6204472005E9	58.384336206263086
2.6282114885E9	58.55638917267166
2.6359757765E9	58.62796518536581
2.6437400645E9	58.56785043645899
2.6510167485E9	58.32948978678758
2.6548988925E9	49.83412529775319
2.6592686405E9	58.393223250829074
2.6670329285E9	58.20580241228483
2.6747972165E9	58.56937767681742
2.6825615045E9	57.097790996691586
2.6903257925E9	56.6004024465576
2.6980900805E9	58.565979544546245
2.7058543685E9	57.013524782411174
2.7113827085E9	58.52693635064131
2.7152648525E9	58.49346182510476
2.7213829445E9	58.58094969841997
2.7291472325E9	58.583548358318254
2.7369115205E9	39.16924380275847
2.7446758085E9	44.50584043059538
2.7524400965E9	58.603958533858226
2.7602043845E9	58.56428959043574
2.7679686725E9	58.61675487676501
2.774661944E9	58.255035993911875
2.778544088E9	0.0
2.7834972485E9	21.87509441463017
2.7912615365E9	53.6466850875619
2.7990258245E9	58.62676717088796
2.8067901125E9	58.65274678737241
2.8145544005E9	58.284464594488085
2.8213097995E9	56.264646360163766
2.8251919435E9	0.0
2.8300829765E9	0.0
2.8378472645E9	38.70583427784735
2.8456115525E9	54.091693115496035
2.8533758405E9	58.61736403164199
2.8611401285E9	58.521738180448715
2.8689044165E9	58.485037401006416
2.8738940415E9	58.00263232157168
2.8777761855E9	57.096324044857454
2.8844329925E9	58.513241584552844
2.8921972805E9	58.63713485312808
2.8999615685E9	58.648798289979474
2.9077258565E9	58.60143732883435
2.9154901445E9	58.58231338054816
2.9232544325E9	56.71307412435794
2.9310187205E9	42.46082778274391
2.9387830085E9	45.51972833915845
2.9465472965E9	56.63961493149162
2.9543115845E9	58.63800838884379
2.9620758725E9	58.43720138501198
2.9698401605E9	58.46472397423135
2.9776044485E9	56.67170032476668
2.9853687365E9	58.62878265009033
2.9931330245E9	57.242626989726524
3.0008973125E9	58.6256154990901
3.0086616005E9	57.91590161629702
3.0164258885E9	56.750276131550585
3.0241901765E9	57.7434783780277
3.029557369E9	54.18421707859511
3.033439513E9	51.912690562193205
3.0397187525E9	23.16709494050043
3.0474830405E9	11.422540921299346
3.0552473285E9	10.937484768327371
3.0630116165E9	0.0
3.0707759045E9	0.0
3.0785401925E9	0.0
3.0853460845E9	46.96665410077217
3.088278117E9	58.12355385356106
3.088373929E9	46.18179593929852
3.0884774725E9	47.22583374989668
3.0885573295E9	54.20867818898248
3.0886546005E9	23.860890505549616
3.0887081185E9	41.947354499669856
3.0887493115E9	40.21879975837407
3.088858438E9	32.5355604722394
3.088966832E9	53.25953095721616
3.089008063E9	48.039824162010106
3.089109657E9	14.292927593193108
3.089267292E9	7.139785362636337
3.08942189E9	9.09810506287227
3.089604443E9	39.3875048148216
3.089755642E9	53.70005855135512
3.0898220175E9	33.2844661561159
3.0898610755E9	26.257172949166566
3.089968525E9	35.14428483742785
3.0900764725E9	39.7511504296124
3.090141311E9	8.84310680261255
3.090191469E9	0.20590571415222164
3.090297168E9	40.684480727470294
3.090503609E9	32.0234426611906
3.0907062205E9	49.32655256630331
3.09089898E9	42.77226644427334
3.091013772E9	51.992542177351815
3.091052607E9	56.259452061726776
3.0911587895E9	46.891405573035094
3.091267064E9	56.43999981673738
3.0915130575E9	11.972778304763487
3.092673561E9	9.8041945513676
3.093702736E9	49.55406722766469
3.093935951E9	32.55472993387681
3.094132646E9	30.19542429833646
3.0942642985E9	17.040227939240193
3.094360447E9	53.627059719383986
3.0944711045E9	12.958281857238312
3.0946435155E9	14.139148079135811
3.094747446E9	42.30755504514162
3.0948598115E9	7.356856743785675
3.0950026905E9	37.49409651957258
3.095104297E9	42.38900849215905
3.095190977E9	11.722820603495984
3.0952465895E9	0.0
3.0952663465E9	10.887372013651877
3.095268566E9	0.8787878787878788
3.0952706195E9	0.8860858664995299
3.0952723265E9	1.0
3.0952838005E9	10.179427911008379
3.0952967465E9	18.28765751972677
3.095299555E9	2.9402805006786306
3.0953008775E9	1.3065492570170611
3.0953027375E9	13.945505356311132
3.0953043745E9	0.0
3.095311073E9	4.027866673231254
3.0953361175E9	3.1753212462594615
3.095355552E9	7.830687830687831
3.0953574645E9	0.8888295029396045
3.095360032E9	0.0
3.095361791E9	17.75060373216246
3.095363378E9	21.737769414984605
3.095365611E9	18.90896259703599
3.0953678415E9	0.0
3.095369933E9	56.17094017094017
3.095371677E9	22.83129584352078
3.09537289E9	0.9963547995139733
3.0953743225E9	0.0
3.095375945E9	36.49184589931458
3.095572656E9	46.03009995491115
3.095769303E9	51.97845996060217
3.0957708065E9	29.601926163723917
3.0957736535E9	52.70486589625912
3.095822105E9	44.828139350678455
3.095924849E9	21.483006601641094
3.095983129E9	52.17458388375165
3.095986364E9	25.25500748168955
3.0959887305E9	56.22748755435125
3.0959909825E9	22.213210387655252
3.095993051E9	47.07230607230607
3.0959946765E9	52.17259223766172
3.096006671E9	41.454514725809005
3.0960870785E9	44.18035743821667
3.0961589785E9	50.89131837118667
3.096165879E9	51.5786673959498
3.096173123E9	56.04270211354374
3.09617898E9	45.92766085483079
3.096183283E9	54.35359725456551
3.096185859E9	25.160276436618386
3.0961883E9	16.736822030665955
3.0961908755E9	50.18633540372671
3.096192456E9	45.25806451612903
3.096238607E9	47.030376223463755
3.0962848625E9	17.923749658376607
3.096286263E9	0.0
3.0962877625E9	57.620764239365535
3.096289947E9	51.20024594058299
3.096292208E9	59.66548403446528
3.0962965075E9	1.3281870313189237
3.096315547E9	13.594485649414915
3.0963533005E9	33.24128644211718
3.09637788E9	52.170637647779934
3.096382479E9	53.1166392196605
3.0963879875E9	19.056629472471055
3.0963943185E9	22.26105405571613
3.096398918E9	38.96979034094715
3.0964033365E9	34.898952016632336
3.0964070605E9	45.07640731945803
3.0964084065E9	0.0
3.0964096105E9	0.0
3.096411644E9	25.940219683189362
3.0964135175E9	0.0
3.0964147555E9	0.0
3.0964161835E9	31.878634639696585
3.0964174105E9	19.419441048034933
3.096418484E9	23.145225689640178
3.096419946E9	0.0
3.096422275E9	2.50730124391563
3.0964254675E9	15.937888198757763
3.0964313925E9	0.7660838859702007
3.0964360765E9	16.345185185185183
3.096437123E9	0.0
3.0964382945E9	0.0
3.096440137E9	5.969556025369979
3.096442099E9	0.0
3.096443439E9	11.829508196721312
3.0964449505E9	0.0
3.0964464985E9	0.0
3.0964475915E9	0.0
3.0964489705E9	0.0
3.0964506065E9	0.0
3.0964522235E9	0.0
3.0964537525E9	0.0
3.0964552355E9	0.0
3.09645655E9	0.0
3.0964580005E9	0.0
3.0964594605E9	0.0
3.096462063E9	31.672
3.0964647385E9	0.0
3.0964666345E9	0.0
3.0964687875E9	0.0
3.096470338E9	0.0
3.0964722525E9	15.585106382978724
3.096474844E9	0.0
3.0964802425E9	58.71204155023268
3.0964880595E9	51.79066870969592
3.0965833285E9	30.783919556262056
3.0967643755E9	50.688753708196735
3.0969348755E9	17.0188279770815
3.097105623E9	42.95177474352731
3.0972741855E9	10.316028421607868
3.0973604055E9	3.391530393763219
3.097450029E9	2.133490857807358
3.0976374775E9	43.84324465729455
3.0978270425E9	34.32847784616906
3.0979310955E9	41.8211212806801
3.097952041E9	33.94009298998569
3.0979864125E9	56.100880665843704
3.098119023E9	19.793959011115323
3.098265051E9	18.683202038136223
3.098391091E9	53.25951806582192
3.0985448955E9	36.31765337174296
3.0986946915E9	33.28171876858105
3.098783935E9	0.0
3.0988292795E9	34.53812241628059
3.098880847E9	20.605709662242788
3.098919304E9	30.46350187914812
3.0989774605E9	25.86647363471109
3.099052881E9	40.54406674748783
3.0991573655E9	30.76259282321958
3.099319594E9	29.94490965133377
3.0995012675E9	20.564966286291973
3.099670145E9	38.8680871398314
3.09983663E9	0.0
3.0999236415E9	0.0
3.099926258E9	53.740944017563116
3.0999293305E9	55.45362581780197
3.0999317075E9	58.57627118644068
3.099933225E9	47.985459077690074
3.099934473E9	0.0
3.099935544E9	0.0
3.099936873E9	58.77324973876698
3.0999392435E9	54.870572720422004
3.0999417715E9	58.746601113730996
3.099944294E9	58.569559032716924
3.099947122E9	23.651113716295427
3.099949542E9	32.24298770879294
3.099951465E9	0.0
3.0999532635E9	0.0
3.0999548975E9	0.0
3.099956276E9	0.0
3.0999589355E9	59.020809316550995
3.099961492E9	0.0
3.0999627755E9	59.5875
3.099966206E9	53.16463690838262
3.099971928E9	0.0
3.0999763185E9	59.06020558002937
3.0999787225E9	0.0
3.099980804E9	28.98876404494382
3.099982934E9	59.68017057569296
3.0999846185E9	58.600706713780916
3.0999859675E9	59.62771458117891
3.099987108E9	0.0
3.0999883185E9	39.44773413897281
3.099989888E9	57.86154900616861
3.0999934275E9	57.49582173454042
3.099997199E9	54.0534878885539
3.0999989405E9	0.0
3.100000503E9	44.651114206128135
3.100002242E9	55.4025069637883
3.100004537E9	38.75482093663912
3.100007437E9	49.2594987069823
3.1000093805E9	0.0
3.1000104305E9	0.0
3.100011833E9	59.52808988764045
3.1000136915E9	57.90819672131148
3.1000154645E9	57.323588709677416
3.100017134E9	51.39952932657494
3.1000187915E9	58.70563674321503
3.100020568E9	58.60661505981703
3.1000221625E9	58.60696517412935
3.1000236955E9	35.70475319926874
3.1000264625E9	39.69913116173529
3.100029677E9	57.811529933481154
3.100031578E9	57.740112994350284
3.1000326205E9	0.0
3.100033658E9	0.0
3.100035464E9	40.11259668420087
3.1000409715E9	39.909669471446016
3.1000479435E9	7.575134619898848
3.100051797E9	57.97207497349523
3.100053416E9	52.47220046985122
3.10005829E9	51.41485481123057
3.1000639665E9	31.80626110011132
3.1000665115E9	29.914066726780884
3.100068816E9	58.04718343765046
3.100070957E9	40.868629871274905
3.1000725955E9	0.0
3.10007379E9	31.82036511411125
3.1000757855E9	58.92909535452323
3.1000785755E9	58.63841383198647
3.1000897445E9	58.201400088486736
3.1001009405E9	56.16113486484528
3.1001076425E9	58.14770140756928
3.1001174535E9	58.61396009885133
3.10012562E9	58.58494557224688
3.1001304845E9	58.15320488282081
3.1001326025E9	48.52852336983752
3.100134138E9	7.739042271096553
3.100136976E9	58.945881023032356
3.1001412695E9	58.57451099011897
3.1001454075E9	0.0
3.1001489115E9	0.0
3.1001523505E9	58.24122037769711
3.1001553555E9	44.33487161282689
3.1001569595E9	54.00487804878049
3.1001596515E9	1.6733333333333333
3.100164687E9	59.018437750940784
3.100169456E9	58.107733550348264
3.100173756E9	58.857745809059566
3.100178605E9	0.0
3.100182461E9	57.80416740243687
3.1001845245E9	12.734689871761319
3.100186698E9	59.06553436949207
3.1001901715E9	58.383129798746715
3.1001926785E9	45.77146987951807
3.1001942255E9	0.0
3.100196577E9	58.33478609532443
3.100199826E9	58.576973663105896
3.1002050385E9	59.01536232988983
3.1002116325E9	58.43491245056752
3.100215983E9	57.05724749421743
3.100218536E9	0.0
3.1002222875E9	0.0
3.100226716E9	0.0
3.100230998E9	58.84639161199412
3.10023432E9	58.72092688543466
3.100237109E9	11.526601680624935
3.100241596E9	58.7543689729229
3.1002465235E9	57.81939393939394
3.100249222E9	31.487956487956488
3.1002504975E9	0.0
3.1002526125E9	0.0
3.1002555955E9	58.795166858457996
3.1002585615E9	59.12487100103199
3.1002608765E9	55.6436713836478
3.100264232E9	0.0
3.1002683515E9	0.0
3.1002730005E9	58.670840027889774
3.100276567E9	0.0
3.1002785615E9	56.71194249907851
3.1002805655E9	44.03056347090725
3.1002818545E9	58.95034843205575
3.100283864E9	58.37192298318303
3.100286221E9	0.0
3.1002886105E9	48.650213573801615
3.100297238E9	0.0
3.100308266E9	0.0
3.1003148695E9	10.03842861034362
3.1003201675E9	0.0
3.100323191E9	9.984615384615385
3.100327556E9	58.97404983683335
3.1003361335E9	58.54052079316433
3.100341505E9	38.268764286047485
3.100343284E9	56.42237693904971
3.1003451525E9	58.32060088592155
3.10034797E9	58.276679556214084
3.1003522945E9	58.80146467803876
3.1003595775E9	57.55446532587983
3.100367519E9	58.943725010443394
3.1003726985E9	58.666832359885674
3.1003758895E9	58.75777286327566
3.1003787135E9	57.919058689566825
3.1003813635E9	0.0
3.100384543E9	58.466293470508134
3.100388122E9	14.820045218229604
3.100390936E9	58.97394136807818
3.1003962175E9	58.68617444385853
3.1004020815E9	57.89878280851675
3.1004062135E9	38.254147683314706
3.100409423E9	0.0
3.1004119315E9	59.102445131830905
3.100414125E9	57.38609064297971
3.100417918E9	58.48535606323406
3.100423028E9	58.210503231465836
3.1004269835E9	58.21054427572086
3.1004299135E9	0.0
3.100431937E9	0.0
3.100433132E9	0.0
3.100434876E9	0.0
3.1004377605E9	54.45400571357595
3.1004408225E9	59.27787430605586
3.1004441155E9	58.877565586002554
3.1004490815E9	59.31204105859522
3.100453243E9	58.273541216424825
3.1004556705E9	59.42006912307422
3.1004587745E9	0.0
3.100461398E9	49.08380797396257
3.100462798E9	0.0
3.1004649905E9	57.797045501338275
3.100471036E9	0.0
3.1004779445E9	58.89868704683519
3.1004820575E9	50.994230091613815
3.100486718E9	58.91725692208628
3.1004910255E9	0.0
3.10049749E9	0.0
3.1005038655E9	0.0
3.1005113075E9	0.0
3.100520375E9	58.51834187830372
3.100524579E9	57.61752084052681
3.100528576E9	58.350397053746114
3.100533401E9	58.60813168608237
3.1005371995E9	59.187197731243515
3.100540127E9	59.448971136583346
3.100544135E9	0.0
3.1005486665E9	58.669562856367094
3.1005512115E9	55.2357827907605
3.100552639E9	59.11794411401638
3.1005539095E9	0.0
3.1005560785E9	58.86836935166994
3.100558656E9	59.06082879962959
3.100561947E9	55.69181672161637
3.10056789E9	0.0
3.100573138E9	0.0
3.100576513E9	58.08233839747552
3.100580371E9	58.915214779212974
3.100591292E9	16.458720745440573
3.100602639E9	0.0
3.100606305E9	54.4443540734716
3.100608874E9	58.913907284768214
3.1006116575E9	58.374924963553724
3.1006156585E9	57.62172232572366
3.100620518E9	0.0
3.1006254325E9	58.8788755684167
3.1006312815E9	0.0
3.1006367155E9	47.35543647254733
3.100640534E9	55.81325797715766
3.100643878E9	53.80145539351715
3.100647993E9	58.72763311520812
3.1006508345E9	0.0
3.100653317E9	59.274411424160554
3.1006563755E9	58.1002024557621
3.1006598935E9	58.19294627357301
3.1006649805E9	58.820988528537036
3.1006712605E9	58.62800311545144
3.1006757165E9	53.858117647058826
3.100677201E9	21.36391119408526
3.10067847E9	43.77643504531722
3.100683289E9	58.63999681870601
3.1006885805E9	58.34881997491734
3.100691006E9	58.87453248263507
3.1006942785E9	0.0
3.1006969395E9	0.0
3.1006991355E9	52.783102425094256
3.1007016905E9	13.403409090909092
3.100704182E9	46.51247920133112
3.100706833E9	39.192949394526714
3.100708945E9	59.34177215189873
3.100712266E9	58.745910791592394
3.10071577E9	55.476449556971865
3.100717503E9	39.89561091340451
3.100719116E9	59.119269075644084
3.1007206285E9	59.33649289099526
3.1007221265E9	0.0
3.100724699E9	58.27469073502696
3.1007268945E9	58.54926624737946
3.1007289465E9	55.229815573770495
3.1007309285E9	0.0
3.1007330965E9	58.01733490850351
3.1007392415E9	0.0
3.1007470865E9	59.017590845456205
3.1007528755E9	0.0
3.1007561985E9	58.910187073322106
3.1007588475E9	0.0
3.100761762E9	43.98283427981414
3.1007635275E9	0.0
3.100764747E9	28.809306190278356
3.1007667445E9	38.41511723048275
3.1007691425E9	56.084639032130106
3.100772442E9	0.0
3.100775528E9	20.73076923076923
3.100781116E9	58.54744518440628
3.10079114E9	58.40760338039471
3.100797975E9	59.68078031478608
3.1008007345E9	56.78296521624124
3.100804877E9	58.882158126091404
3.100809349E9	0.0
3.1008114985E9	0.0
3.1008137425E9	24.66875524100225
3.1008164375E9	24.224139007387368
3.100825815E9	32.678830723028554
3.100837982E9	8.942660660372837
3.100842972E9	59.22857142857143
3.1008451085E9	58.36132127698838
3.10084822E9	58.16045845272206
3.1008510465E9	59.23566878980892
3.100852321E9	0.0
3.1008571395E9	0.0
3.1008619615E9	0.0
3.1008648315E9	58.81502951815452
3.100868278E9	57.36328582886051
3.100873156E9	55.57924981462974
3.1008795525E9	50.22158549100453
3.100884274E9	41.39076040887559
3.10088846E9	26.301659554291135
3.1008916615E9	3.935175250357654
3.10089384E9	46.88723608445297
3.1008970555E9	58.29999027120448
3.1008998325E9	30.02604957005564
3.100902708E9	43.438355787548055
3.1009063655E9	49.82931360302361
3.1009089965E9	52.48995486237053
3.1009125255E9	38.227379067514235
3.1009156975E9	49.53496760403446
3.100917935E9	47.651244339357994
3.1009210515E9	42.44442078908599
3.1009240305E9	43.412538516236076
3.100926116E9	35.307910511667735
3.1009275335E9	11.250768049155146
3.100928649E9	35.71309779132333
3.1009304855E9	51.47158036768426
3.100935775E9	58.86593920498831
3.1009404825E9	0.0
3.1009433075E9	22.97077119876636
3.100962012E9	10.160935106174568
3.100979643E9	6.199066657379675
3.1009826315E9	57.59663742332788
3.100986095E9	54.806070929634075
3.100988659E9	47.675308641975306
3.1009913515E9	47.01003987467958
3.100994484E9	41.64294156270519
3.100999235E9	45.822603052274
3.1010045095E9	54.61945990390929
3.101007663E9	58.867924528301884
3.101009454E9	55.86523356758991
3.1010139635E9	0.0
3.10102777E9	0.0
3.101038557E9	40.064734561213434
3.1010399745E9	0.0
3.10104147E9	58.66433871671759
3.101043057E9	0.0
3.101044461E9	0.0
3.101046252E9	58.87382690302398
3.101048543E9	59.22664305801479
3.101051444E9	59.06405815094415
3.101053714E9	0.0
3.101055658E9	0.0
3.1010593945E9	58.78216630427899
3.1010636115E9	58.9404050706688
3.101066684E9	0.0
3.101069485E9	0.0
3.10107171E9	53.708920187793424
3.1010747125E9	59.193021858922464
3.101082788E9	59.19900401255079
3.1010891985E9	39.4800796812749
3.101090371E9	0.0
3.101091454E9	0.0
3.1010926105E9	0.0
3.101093789E9	0.0
3.101094954E9	0.0
3.1010960955E9	0.0
3.1010976565E9	58.83968113374668
3.1010992105E9	59.862385321100916
3.1011004015E9	0.0
3.101103073E9	58.38176841931535
3.101108811E9	58.20404142228739
3.1011134185E9	40.1186404293381
3.1011171035E9	58.50950428624674
3.1011208445E9	0.0
3.1011223705E9	59.009009009009006
3.1011236055E9	58.63893317872155
3.101126918E9	0.0
3.101130602E9	30.952098746791485
3.1011321595E9	0.0
3.101133927E9	45.97358808654116
3.1011356635E9	0.0
3.1011368845E9	44.299199466310874
3.1011381815E9	0.0
3.10113931E9	38.99092601209865
3.1011404165E9	0.0
3.101141667E9	58.984275053304906
3.101143503E9	56.65347345434694
3.1011454715E9	58.078210153934414
3.101147397E9	58.36310011469769
3.1011501335E9	41.231155778894475
3.101157518E9	57.28720034150397
3.1011645045E9	58.66728961046545
3.1011668885E9	24.37899031382138
3.1011686545E9	0.0
3.1011709785E9	51.63791171857495
3.101173445E9	58.208955223880594
3.101205684E9	39.37060653513177
3.1012403025E9	45.55961187256729
3.1012453615E9	47.48103021114521
3.1012505225E9	53.78375833284564
3.1012614495E9	37.62518504681203
3.1012739195E9	42.90858925237851
3.101281912E9	56.40177719413438
3.1012871705E9	54.72585543959417
3.101295694E9	51.15501693314653
3.1013044905E9	54.99931837326356
3.1013083555E9	56.52629888093666
3.1013114625E9	53.63044978485021
3.101316135E9	46.674375
3.1013198035E9	38.740016135538525
3.101320917E9	0.0
3.101322018E9	54.76470588235294
3.1013238925E9	22.495952105964996
3.101326703E9	18.09656278835668
3.1013294495E9	15.620791644131963
3.1013318685E9	8.873750334556103
3.1013343305E9	21.31623812671793
3.101336736E9	33.0299569924366
3.101339303E9	13.487252124645892
3.101342702E9	41.29393787215726
3.101345195E9	0.0
3.1013472335E9	58.096692111959285
3.101349218E9	58.56382978723404
3.1013517465E9	58.56815052776503
3.101354867E9	0.0
3.1013568785E9	0.0
3.101370363E9	57.99324345394634
3.1013921985E9	58.79138054919739
3.1014090845E9	58.770655569069724
3.101423574E9	58.34993270524899
3.101436092E9	0.0
3.1014467775E9	0.0
3.10145676E9	57.374108926765494
3.1014665925E9	59.00261690749801
3.101476343E9	57.66196325728934
3.1014858855E9	57.02290674261097
3.1014950245E9	0.0
3.101503724E9	59.089424596096016
3.1015121195E9	45.01515826872334
3.101520406E9	0.0
3.101528602E9	59.11010923841753
3.101536693E9	58.39830844456191
3.1015446345E9	57.64333333333333
3.1015524055E9	58.40704009469754
3.1015601115E9	0.0
3.101567702E9	58.29246478817796
3.1015751255E9	0.0
3.1015823905E9	58.25837044367475
3.101589504E9	52.28541209418728
3.101596546E9	0.0
3.101603554E9	0.0
3.1016105495E9	57.56845109400675
3.101617536E9	0.0
3.101624424E9	0.0
3.101631085E9	57.53555116565792
3.1016374705E9	58.01591370005087
3.1016435565E9	58.883702616014375
3.1016494765E9	0.0
3.1016553825E9	58.43013816664651
3.101661271E9	0.0
3.1016671275E9	0.0
3.101672916E9	0.0
3.101678576E9	0.0
3.101684071E9	0.0
3.1016894025E9	57.25045175280087
3.1016946505E9	58.661116682118326
3.1016998325E9	58.949418001449665
3.1017049205E9	0.0
3.101709929E9	0.0
3.101714835E9	55.611489995935145
3.1017196755E9	57.80134751636132
3.101724499E9	58.02638885216425
3.101729313E9	57.88188437864586
3.1017340725E9	58.241209082582074
3.1017387675E9	0.0
3.10174343E9	55.53485754484699
3.1017480095E9	0.0
3.101752486E9	49.867731386076514
3.1017569135E9	58.02693590807195
3.101761326E9	58.65257630571459
3.1017657265E9	58.86304489264801
3.101770102E9	0.0
3.101774441E9	0.0
3.1017787455E9	58.71713240901891
3.1017830115E9	58.86477133653129
3.1017872465E9	57.715216529944385
3.1017914715E9	57.959839133106186
3.1017956905E9	0.0
3.1017999035E9	58.42775581906017
3.1018041115E9	57.13896752938549
3.1018082655E9	0.0
3.101812367E9	58.88011486001436
3.101816459E9	0.0
3.101820484E9	54.86805968178517
3.101824445E9	0.0
3.101828395E9	0.0
3.1018323325E9	56.238157785198275
3.101836262E9	51.60484293193717
3.1018401885E9	0.0
3.10184411E9	42.497780440376346
3.1018480235E9	0.0
3.1018519235E9	0.0
3.1018558145E9	51.94389284575316
3.101859689E9	0.0
3.1018635415E9	58.87853517041334
3.101867382E9	0.0
3.1018712145E9	58.48088990302339
3.1018750435E9	58.374242907236216
3.10187887E9	0.0
3.101882693E9	0.0
3.101886508E9	0.0
3.101890313E9	0.0
3.101894113E9	43.57459137374952
3.101897881E9	0.0
3.1019016E9	47.14384662270737
3.1019052995E9	52.70673127498422
3.1019089945E9	0.0
3.1019126835E9	58.940769619335036
3.101916365E9	55.78285222475717
3.1019200355E9	0.0
3.101923674E9	0.0
3.101927286E9	54.408603138858886
3.1019308945E9	59.056801858518504
3.1019344895E9	58.28115050848691
3.101938072E9	56.831695641219454
3.101941634E9	0.0
3.1019451695E9	58.80476711382348
3.101948697E9	50.88309612603699
3.1019522085E9	0.0
3.101955703E9	0.0
3.1019591915E9	58.88508283541554
3.101962651E9	58.76223407372678
3.101966064E9	57.30696636925189
3.1019694465E9	59.19000393201975
3.101972819E9	0.0
3.101976185E9	58.94242068155112
3.101979541E9	48.79730958696476
3.1019828865E9	55.84474960415232
3.1019862165E9	58.78464046368411
3.1019895175E9	59.083659954047846
3.1019927975E9	58.82914561162471
3.1019960665E9	52.05525846702317
3.1019993255E9	59.12699401794616
3.102002581E9	53.001832460732984
3.102005831E9	57.76704204704471
3.1020090695E9	0.0
3.1020122965E9	0.0
3.1020155165E9	0.0
3.1020187305E9	55.47499948748437
3.1020219335E9	54.82228249949769
3.102025125E9	58.29470452801228
3.102028308E9	56.28397547117333
3.1020314845E9	36.090900091568294
3.102034659E9	0.0
3.1020378305E9	45.97502175485041
3.1020409985E9	0.0
3.102044163E9	0.0
3.102047316E9	48.76000898674455
3.102050456E9	55.52085862966175
3.1020535825E9	56.19904544404814
3.1020566935E9	52.262382645697876
3.102059793E9	54.235961489935754
3.102062879E9	59.452783583507504
3.102065945E9	0.0
3.102068997E9	0.0
3.10207203E9	43.519524158974164
3.1020750435E9	57.759749592768856
3.102078054E9	0.0
3.102081057E9	0.0
3.102084054E9	57.1761076671624
3.102087044E9	54.178062333897074
3.102090025E9	57.99599198396793
3.102092998E9	0.0
3.102095965E9	41.73669179803518
3.1020989315E9	0.0
3.1021018915E9	42.94623901381121
3.1021048445E9	54.37377855183256
3.1021077875E9	58.928656267321244
3.1021107135E9	47.22029911427327
3.10211362E9	56.66915301367804
3.102116511E9	57.880964835803546
3.102119394E9	58.97691406519192
3.1021222725E9	58.2650129123777
3.1021251475E9	45.49459513110642
3.1021280175E9	54.255645889792234
3.1021308845E9	0.0
3.10213375E9	58.47606540974893
3.1021366145E9	59.01436524847068
3.102139476E9	58.436118366138025
3.1021423325E9	45.75881702017173
3.1021451745E9	59.0018281535649
3.1021480035E9	0.0
3.1021508295E9	59.385573430202385
3.102153651E9	58.52051322418136
3.102156467E9	26.665303176130895
3.102159278E9	0.0
3.1021620835E9	0.0
3.10216488E9	0.0
3.102167667E9	58.41968011126565
3.1021704475E9	52.05163963417715
3.102173225E9	0.0
3.1021759985E9	0.0
3.102178768E9	0.0
3.102181536E9	52.93042474327034
3.102184301E9	48.175800711743776
3.102187055E9	54.36590462921917
3.1021897985E9	46.556485709453746
3.1021925375E9	57.86487962690643
3.10219527E9	52.868105247465714
3.1021979975E9	0.0
3.10220072E9	56.895602632001285
3.102203437E9	0.0
3.1022061485E9	59.24722952510899
3.1022088545E9	59.02414982750123
3.1022115525E9	0.0
3.102214244E9	57.065167638362205
3.1022169345E9	54.50261208576998
3.102219623E9	55.192491934695475
3.102222305E9	0.0
3.1022249775E9	56.622089262613194
3.1022276455E9	58.70171860621285
3.102230311E9	58.87184096657539
3.10223297E9	0.0
3.1022356195E9	0.0
3.1022382625E9	58.41968162083936
3.1022408995E9	58.43609355569562
3.1022435315E9	0.0
3.1022461615E9	44.90076973013076
3.102248787E9	0.0
3.1022514095E9	57.8175626870292
3.10225403E9	40.81836796145739
3.102256642E9	49.6074240292093
3.102259246E9	57.837720508434046
3.102261848E9	58.55001400952648
3.1022644475E9	0.0
3.102267045E9	0.0
3.1022696415E9	0.0
3.1022722365E9	53.70088710288877
3.1022748265E9	0.0
3.102277412E9	15.705118411000765
3.102279996E9	59.024454725710505
3.1022825765E9	56.77150211992732
3.10228515E9	53.03547419588375
3.102287719E9	57.11408913534607
3.102290279E9	0.0
3.1022928285E9	0.0
3.1022953765E9	55.29542380522994
3.1022979235E9	56.59931752873563
3.102300469E9	48.17880568461328
3.1023030085E9	0.0
3.102305542E9	55.60080408078946
3.1023080695E9	58.45035105315948
3.1023105915E9	31.40947446917069
3.10231311E9	58.71784888115251
3.102315624E9	0.0
3.102318134E9	41.41419041843542
3.1023206395E9	0.0
3.10232314E9	57.054137244251315
3.102325624E9	58.09121621621622
3.102328092E9	53.55878232072347
3.1023305565E9	0.0
3.102333018E9	0.0
3.102335476E9	58.83217477656405
3.1023379295E9	0.0
3.102340372E9	0.0
3.1023428065E9	49.2087282345162
3.1023452395E9	53.161989621071186
3.102347669E9	0.9378172588832487
3.102350093E9	45.41537938074175
3.1023525135E9	58.144549100065284
3.1023549305E9	59.02266849231705
3.1023573395E9	58.47116674117121
3.102359743E9	0.0
3.1023621455E9	58.60467370234762
3.102364545E9	57.31941583973039
3.102366941E9	0.0
3.1023693355E9	58.56425244314549
3.1023717265E9	0.0
3.1023741115E9	58.685945633314056
3.102376493E9	58.847969782813976
3.1023788735E9	0.0
3.1023812475E9	0.0
3.1023836135E9	53.9491335941867
3.102385977E9	55.84905094530596
3.1023883325E9	0.0
3.102390676E9	58.43843371599308
3.102393013E9	0.0
3.1023953465E9	0.0
3.102397678E9	57.2083644510829
3.1024000085E9	0.0
3.102402335E9	0.0
3.102404656E9	59.109650433223784
3.1024069725E9	59.07949790794979
3.1024092835E9	56.692292031434505
3.1024115905E9	49.58713201333387
3.1024138915E9	0.0
3.102416183E9	57.9670040751939
3.102418466E9	59.228971962616825
3.1024207435E9	25.566037735849058
3.102423018E9	52.93988145639289
3.1024252855E9	57.865044963446984
3.1024275435E9	0.0
3.1024297965E9	55.60893345487694
3.102432045E9	0.0
3.102434287E9	0.0
3.102436518E9	44.55842128734949
3.1024387395E9	57.798528131676825
3.1024409585E9	41.6385063559322
3.102443175E9	0.0
3.102445389E9	59.12784196794633
3.102447597E9	53.54428073803282
3.1024497985E9	0.0
3.102451997E9	0.0
3.1024541925E9	41.34174061964814
3.102456381E9	0.0
3.102458562E9	57.54930652754803
3.10246074E9	58.38591740013541
3.102462917E9	58.62782739337284
3.102465094E9	58.723226703755216
3.1024672665E9	0.0
3.1024694305E9	48.34723764083426
3.102471588E9	0.0
3.1024737375E9	54.59825750242013
3.102475881E9	59.033367733058135
3.1024780205E9	59.073535521395925
3.1024801555E9	0.0
3.102482287E9	0.0
3.1024844155E9	54.4709721061637
3.102486542E9	57.59776824921217
3.102488667E9	0.0
3.1024907905E9	0.0
3.102492907E9	46.097044552271726
3.1024950155E9	0.0
3.1024971155E9	58.91908623785056
3.102499209E9	59.07448215072719
3.1025012995E9	0.0
3.1025033865E9	0.0
3.1025054725E9	59.12387760439369
3.1025075575E9	0.0
3.1025096395E9	0.0
3.102511719E9	58.64332603938731
3.1025137965E9	0.0
3.10251587E9	56.361460888525485
3.1025179385E9	58.98284376113628
3.102520002E9	58.50226088796044
3.10252206E9	58.06193272824346
3.102524114E9	59.130434782608695
3.1025261605E9	59.242652599849286
3.1025281985E9	55.12968005445882
3.102530234E9	55.4033462033462
3.1025322685E9	57.552959455018076
3.1025343015E9	43.69684428349716
3.102536332E9	0.0
3.102538359E9	0.0
3.102540382E9	53.55906561364924
3.1025424015E9	0.0
3.102544418E9	59.64179104477612
3.10254643E9	59.19688715953308
3.102548438E9	0.0
3.102550444E9	58.46633097209183
3.102552448E9	0.0
3.10255445E9	0.0
3.102556451E9	58.617511520737324
3.1025584515E9	0.0
3.1025604495E9	0.0
3.1025624435E9	58.02126274679974
3.102564432E9	0.0
3.102566415E9	0.0
3.102568394E9	54.97939970643316
3.102570368E9	56.3747287811104
3.1025723375E9	49.78962875662935
3.1025743025E9	56.660367649160925
3.102576264E9	55.93015620336285
3.1025782245E9	50.46317937302912
3.1025801845E9	51.97989114728831
3.1025821415E9	58.028421997992496
3.1025840945E9	52.09704764688688
3.102586044E9	58.84952876178095
3.1025879895E9	58.088612229952396
3.102589933E9	57.77391304347826
3.102591875E9	0.0
3.102593814E9	0.0
3.1025957495E9	0.0
3.102597681E9	58.15611022940413
3.1025996075E9	0.0
3.1026015315E9	57.463136605993746
3.102603455E9	54.64194407296298
3.102605377E9	0.0
3.1026072965E9	0.0
3.102609213E9	0.0
3.102611128E9	0.0
3.1026130425E9	58.95293949363467
3.1026149555E9	0.0
3.1026168665E9	52.95748383888613
3.102618775E9	58.78006121556624
3.1026206805E9	0.0
3.102622581E9	59.6438312209209
3.102624475E9	54.83029202512428
3.1026263655E9	0.0
3.1026282545E9	58.48227177923953
3.1026301425E9	0.0
3.102632029E9	59.28706454226303
3.102633912E9	0.0
3.102635792E9	58.304943913585376
3.10263767E9	0.0
3.1026395465E9	58.27563359284413
3.1026414225E9	57.18580718479702
3.1026432975E9	0.0
3.1026451705E9	41.97515830491963
3.102647041E9	59.08493427704752
3.1026489085E9	0.0
3.102650774E9	0.0
3.102652639E9	56.75054704595186
3.102654504E9	0.0
3.1026563675E9	0.0
3.1026582295E9	52.66821717860294
3.10266009E9	0.0
3.1026619475E9	0.0
3.1026638035E9	0.0
3.1026656585E9	58.42917251051893
3.1026675105E9	51.97275891035641
3.10266936E9	39.40343704524981
3.102671209E9	54.96988906497623
3.102673057E9	0.0
3.1026749E9	49.69274700171331
3.1026767365E9	58.914837576821775
3.102678564E9	59.60345704117946
3.102680382E9	0.0
3.102682195E9	54.57723256547807
3.1026840045E9	57.52088005980989
3.1026858125E9	58.718912264995524
3.10268762E9	0.0
3.102689427E9	57.01510373443983
3.1026912315E9	0.0
3.102693033E9	58.21085134539038
3.1026948335E9	0.0
3.102696631E9	48.29890884058165
3.1026984255E9	58.983050847457626
3.1027002185E9	0.0
3.1027020085E9	0.0
3.1027037955E9	0.0
3.1027055795E9	0.0
3.1027073615E9	41.75595238095238
3.102709143E9	58.61231967025418
3.102710924E9	56.68509615384615
3.102712704E9	56.697391304347825
3.102714482E9	0.0
3.1027162525E9	0.0
3.1027180155E9	57.386198309194576
3.102719774E9	59.44954128440367
3.102721526E9	32.15384615384615
3.102723274E9	40.47851049868766
3.1027250205E9	0.0
3.102726766E9	0.0
3.1027285105E9	49.95061524485919
3.1027302535E9	42.053023255813955
3.1027319945E9	0.0
3.1027337345E9	0.0
3.1027354725E9	59.39732142857143
3.102737208E9	58.159076600209865
3.1027389415E9	0.0
3.1027406735E9	0.0
3.1027424045E9	58.891704454521204
3.102744133E9	58.34660134721372
3.1027458575E9	0.0
3.1027475775E9	0.0
3.1027492945E9	58.334882485725664
3.1027510075E9	0.0
3.1027527165E9	55.626019343827046
3.102754424E9	59.0515702132129
3.1027561305E9	59.13016656384948
3.102757836E9	0.0
3.1027595405E9	56.357142857142854
3.102761242E9	0.0
3.1027629405E9	58.98860895202358
3.102764638E9	55.09064569536424
3.102766335E9	58.994144790414516
3.102768031E9	59.0493919086622
3.102769726E9	0.0
3.10277142E9	58.282477938271064
3.10277311E9	0.0
3.1027747965E9	46.38521848212419
3.1027764795E9	0.0
3.102778159E9	55.673890608875126
3.102779838E9	53.776627513438186
3.1027815165E9	57.86945738309842
3.1027831925E9	35.27668111057615
3.1027848665E9	0.0
3.102786539E9	0.0
3.102788209E9	0.0
3.102789876E9	55.92886630676405
3.10279154E9	53.09309494451295
3.1027932E9	58.80343183984748
3.102794855E9	0.0
3.1027965075E9	0.0
3.1027981585E9	0.0
3.102799808E9	45.512953367875646
3.102801457E9	0.0
3.1028031015E9	57.23435094920472
3.1028047405E9	0.0
3.1028063775E9	58.49548924358085
3.1028080115E9	58.74750575594781
3.102809643E9	0.0
3.1028112735E9	0.0
3.102812902E9	56.770833333333336
3.1028145275E9	54.25814458578964
3.102816148E9	55.89566326530612
3.1028177645E9	59.21869015702796
3.10281938E9	0.0
3.102820993E9	57.29784172661871
3.102822604E9	0.0
3.1028242125E9	0.0
3.102825818E9	59.31156222418358
3.102827423E9	0.0
3.1028290255E9	58.87337741856478
3.1028306245E9	21.229813664596275
3.1028322225E9	58.1594839418062
3.10283382E9	54.7782594198066
3.1028354165E9	21.19484240687679
3.102837012E9	0.0
3.1028386055E9	0.0
3.102840196E9	0.0
3.102841783E9	0.0
3.102843365E9	0.0
3.1028449435E9	51.99769053117783
3.102846521E9	0.0
3.102848098E9	0.0
3.102849675E9	59.20265780730897
3.1028512515E9	0.0
3.102852827E9	0.0
3.1028544015E9	58.742611499193984
3.1028559745E9	54.210591133004925
3.102857546E9	0.0
3.102859113E9	0.0
3.102860675E9	0.0
3.102862236E9	57.373764430298635
3.1028637965E9	57.900154400411736
3.1028653565E9	58.9688341669873
3.1028669135E9	59.091121932946244
3.1028684665E9	58.383803426198305
3.1028700165E9	0.0
3.1028715635E9	0.0
3.102873107E9	0.0
3.1028746455E9	59.31892599869024
3.10287618E9	57.86350148367953
3.1028777125E9	43.596578641421694
3.1028792445E9	0.0
3.1028807755E9	0.0
3.102882304E9	43.39025311673593
3.1028838305E9	58.218775073549075
3.1028853555E9	0.0
3.102886879E9	56.25532044823059
3.102888402E9	0.0
3.1028899245E9	0.0
3.1028914465E9	58.94437533321486
3.102892967E9	55.757600657354146
3.102894483E9	0.0
3.1028959935E9	0.0
3.1028975015E9	0.0
3.102899008E9	30.71356783919598
3.102900512E9	0.0
3.1029020115E9	58.93642591034732
3.102903505E9	57.8411214953271
3.1029049955E9	51.77740355174525
3.1029064855E9	59.461834157056565
3.102907974E9	59.64221824686941
3.1029094605E9	0.0
3.102910946E9	58.88253012048193
3.1029124305E9	33.42887767969735
3.102913914E9	49.905138339920946
3.102915395E9	0.0
3.102916874E9	58.233269598470365
3.1029183515E9	55.83030303030303
3.102919827E9	48.9539702405785
3.1029213005E9	0.0
3.102922771E9	53.82184606042205
3.1029242395E9	56.59375
3.102925707E9	59.25362819626814
3.102927173E9	51.02416570771001
3.1029286375E9	59.033617764984065
3.102930101E9	0.0
3.102931564E9	0.0
3.102933025E9	55.754392255288636
3.102934484E9	58.67983834755276
3.1029359425E9	58.98754519887505
3.1029374005E9	58.618042226487525
3.1029388565E9	43.204345347437766
3.102940308E9	0.0
3.102941757E9	0.0
3.1029432055E9	44.27528997210395
3.1029446525E9	0.0
3.1029460965E9	56.745170571311135
3.102947538E9	58.4292365808662
3.1029489785E9	52.83897458661636
3.102950418E9	0.0
3.102951856E9	0.0
3.1029532925E9	58.77791220186658
3.102954725E9	48.591494645351546
3.102956154E9	0.9167309175019275
3.102957582E9	0.0
3.1029590085E9	0.0
3.102960434E9	0.0
3.1029618585E9	0.0
3.1029632825E9	0.0
3.102964706E9	0.0
3.102966129E9	0.0
3.102967552E9	53.521215043394406
3.1029689705E9	0.0
3.1029703845E9	0.0
3.102971798E9	0.0
3.102973211E9	21.944262295081966
3.1029746225E9	59.66480446927374
3.102976032E9	0.0
3.102977441E9	0.0
3.1029788485E9	51.533255332553324
3.102980254E9	59.24876441515651
3.102981659E9	55.68067590987868
3.1029830635E9	0.0
3.1029844675E9	29.572927328556805
3.1029858705E9	44.80386542591267
3.1029872725E9	56.17204301075269
3.1029886745E9	48.86765171503958
3.1029900765E9	0.9111933395004626
3.1029914775E9	48.97793726741095
3.1029928765E9	57.92698826597132
3.1029942735E9	59.22636103151862
3.102995669E9	0.0
3.1029970635E9	56.068379888268154
3.102998457E9	0.0
3.102999849E9	0.0
3.103001239E9	33.440124416796266
3.103002628E9	59.06019007391763
3.1030040165E9	49.089588153632576
3.103005404E9	0.0
3.1030067895E9	58.34429784926803
3.103008172E9	58.49193359831658
3.103009553E9	0.0
3.103010933E9	58.93023255813954
3.103012311E9	0.0
3.1030136875E9	59.22569027611044
3.1030150635E9	59.03531994576096
3.103016439E9	57.348321001707454
3.1030178135E9	58.9365671641791
3.1030191865E9	58.64604961206425
3.103020558E9	52.209535502353184
3.1030219285E9	0.0
3.1030232985E9	55.50589159465829
3.1030246665E9	0.0
3.103026031E9	58.38156484458735
3.1030273925E9	0.0
3.1030287505E9	0.0
3.103030106E9	42.069099756690996
3.103031461E9	0.0
3.1030328145E9	55.81648225867989
3.103034163E9	57.32516993448014
3.1030355075E9	0.0
3.1030368515E9	0.0
3.1030381945E9	59.11022044088176
3.1030395365E9	59.32747652226598
3.1030408755E9	59.47460595446585
3.1030422105E9	0.0
3.1030435445E9	0.0
3.103044878E9	48.566590414551136
3.1030462105E9	47.22858854062687
3.1030475405E9	58.67636835519303
3.1030488685E9	0.0
3.1030501965E9	58.6334820380371
3.103051524E9	59.655667144906744
3.10305285E9	58.49148418491484
3.1030541735E9	59.319213313161875
3.1030554945E9	51.68586038239217
3.103056814E9	58.65015166835187
3.1030581325E9	0.0
3.103059449E9	57.99239543726236
3.1030607635E9	0.0
3.103062077E9	52.62998266897747
3.10306339E9	58.12233285917497
3.1030647025E9	0.0
3.1030660135E9	52.676945314382074
3.103067323E9	58.825118163403104
3.103068632E9	58.231724934989884
3.10306994E9	58.94566382913539
3.103071247E9	55.14727085478888
3.103072553E9	0.0
3.1030738575E9	0.0
3.103075161E9	53.89524586343509
3.1030764635E9	57.711896617255796
3.1030777655E9	0.0
3.103079067E9	56.189933955818724
3.103080368E9	58.42245199409158
3.1030816685E9	50.76147411259326
3.103082968E9	59.02845464549599
3.103084266E9	0.9630901287553648
3.103085562E9	0.0
3.1030868565E9	0.0
3.10308815E9	59.33788754598003
3.103089442E9	0.0
3.103090733E9	59.28263988522238
3.103092023E9	0.0
3.1030933115E9	0.0
3.1030945995E9	51.21553398058253
3.103095887E9	0.0
3.103097174E9	5.168674698795181
3.103098461E9	0.0
3.1030997475E9	0.0
3.103101032E9	0.0
3.103102314E9	45.45373048004627
3.103103593E9	55.434748115827055
3.1031048685E9	0.0
3.1031061405E9	0.0
3.103107409E9	59.28356083086054
3.1031086755E9	59.181364392678866
3.1031099385E9	0.0
3.103111198E9	0.9510752688172043
3.1031124565E9	0.0
3.1031137145E9	0.0
3.1031149725E9	58.9900152918953
3.1031162295E9	0.0
3.103117485E9	0.0
3.1031187395E9	59.073869900771776
3.1031199935E9	0.0
3.103121247E9	58.522718849603436
3.1031224985E9	0.0
3.103123748E9	58.682992224506215
3.1031249965E9	0.0
3.1031262445E9	57.568455640744794
3.103127492E9	57.7882797731569
3.1031287365E9	59.231664726426075
3.1031299785E9	56.262458471760795
3.10313122E9	45.3220509383378
3.103132461E9	0.0
3.103133702E9	0.0
3.103134942E9	57.34247033260906
3.1031361805E9	0.0
3.103137418E9	0.0
3.1031386545E9	0.0
3.10313989E9	0.0
3.1031411245E9	0.0
3.1031423585E9	0.0
3.1031435925E9	59.4452470384282
3.103144826E9	52.56301687065829
3.1031460585E9	0.0
3.1031472905E9	53.636021100226074
3.103148522E9	0.0
3.1031497525E9	51.543301569506724
3.1031509815E9	40.99152542372882
3.103152209E9	57.05027932960894
3.103153436E9	56.9913842855965
3.1031546625E9	36.58736842105263
3.1031558875E9	0.0
3.1031571115E9	0.0
3.1031583335E9	0.0
3.1031595535E9	0.0
3.103160773E9	53.307908881494754
3.103161991E9	48.776383342840845
3.1031632075E9	54.35481366459627
3.103164423E9	0.0
3.1031656375E9	58.95652173913044
3.1031668515E9	54.14375042022457
3.1031680655E9	37.10260364692007
3.103169279E9	0.0
3.1031704915E9	57.036474164133736
3.103171702E9	53.51184032476319
3.1031729105E9	59.729729729729726
3.103174118E9	47.650707878525886
3.103175325E9	55.08026030368764
3.103176532E9	0.0
3.1031777385E9	0.0
3.1031789445E9	52.12541254125413
3.10318015E9	0.0
3.103181355E9	0.0
3.1031825595E9	59.32330827067669
3.1031837635E9	58.092298733440096
3.1031849675E9	59.000104155817105
3.103186171E9	44.571848081440876
3.103187373E9	42.20257680872151
3.103188574E9	0.0
3.1031897745E9	59.20866141732284
3.1031909745E9	0.0
3.103192174E9	0.0
3.1031933725E9	0.0
3.10319457E9	58.189438390611905
3.1031957665E9	0.0
3.103196962E9	0.0
3.1031981565E9	57.183377061469265
3.1031993505E9	0.0
3.103200543E9	58.12331122574306
3.103201733E9	45.77899699260343
3.1032029205E9	0.0
3.1032041065E9	58.84057971014493
3.1032052915E9	57.5929054054054
3.103206475E9	59.337321675103546
3.103207658E9	0.0
3.1032088405E9	0.0
3.103210022E9	0.0
3.103211203E9	20.776233495482973
3.103212384E9	59.168657429526995
3.103213565E9	0.0
3.103214745E9	0.0
3.1032159235E9	58.491076257436454
3.1032171015E9	0.0
3.103218279E9	0.0
3.103219456E9	0.0
3.10322063E9	59.01250822909809
3.103221801E9	3.251264755480607
3.103222972E9	57.93260128739114
3.1032241425E9	0.0
3.1032253125E9	41.71570926143025
3.103226481E9	5.0
3.103227648E9	25.67919863057123
3.103228815E9	0.0
3.103229981E9	0.0
3.103231146E9	0.0
3.1032323095E9	0.0
3.103233469E9	58.4808322645005
3.1032346255E9	0.0
3.1032357815E9	52.42160824742268
3.1032369365E9	58.741368078175896
3.1032380905E9	24.32842287694974
3.103239243E9	0.0
3.103240394E9	0.0
3.1032415445E9	58.49658314350797
3.1032426945E9	58.98461538461538
3.103243843E9	51.983189482135685
3.10324499E9	59.26765475152572
3.1032461365E9	0.0
3.1032472815E9	56.586272148632375
3.1032484255E9	0.0
3.103249569E9	0.0
3.1032507115E9	59.03944315545244
3.103251853E9	0.0
3.103252994E9	0.0
3.1032541345E9	0.0
3.1032552735E9	57.024323083983475
3.1032564095E9	58.371313672922255
3.1032575435E9	0.0
3.1032586765E9	55.504411488642766
3.103259808E9	0.0
3.103260939E9	23.06507304116866
3.1032620695E9	0.0
3.103263198E9	50.8936170212766
3.1032643245E9	59.20754716981132
3.1032654495E9	58.984434033549945
3.1032665725E9	0.0
3.1032676945E9	0.0
3.103268816E9	57.76161871640847
3.103269936E9	0.0
3.103271055E9	0.0
3.103272174E9	0.0
3.103273293E9	0.0
3.1032744115E9	0.0
3.1032755285E9	59.49947862356621
3.1032766445E9	11.87373280231716
3.10327776E9	0.0
3.103278875E9	59.423507462686565
3.10327999E9	59.03448275862069
3.1032811045E9	0.0
3.103282218E9	0.0
3.103283331E9	59.499263622974965
3.1032844425E9	59.461077844311376
3.1032855525E9	58.20787083753784
3.103286662E9	58.655950752393984
3.1032877705E9	52.32446296890029
3.103288878E9	58.766547266780876
3.103289985E9	0.0
3.103291092E9	54.76518883415435
3.103292199E9	57.189189189189186
3.1032933055E9	0.0
3.10329441E9	58.81130237089964
3.103295513E9	49.48816378758797
3.103296616E9	53.86054454962428
3.1032977175E9	44.69712643678161
3.103298817E9	0.0
3.1032999155E9	58.12224322621298
3.103301013E9	0.0
3.1033021095E9	52.943231441048034
3.1033032055E9	49.196093163035314
3.1033043005E9	0.0
3.103305394E9	0.0
3.1033064855E9	0.0
3.1033075745E9	58.332735747579775
3.103308662E9	57.02499008330028
3.1033097485E9	0.0
3.103310834E9	0.0
3.1033119185E9	0.0
3.1033130025E9	57.715930902111324
3.1033140865E9	0.0
3.1033151705E9	0.0
3.103316254E9	59.11147492186337
3.103317337E9	0.0
3.1033184195E9	0.0
3.1033195015E9	58.23941313771257
3.103320583E9	58.4458834412581
3.103321664E9	58.72498965089002
3.103322744E9	58.782657031684266
3.1033238215E9	45.60229885057471
3.1033248965E9	59.477543538038496
3.10332597E9	35.49386666666667
3.103327043E9	0.0
3.103328115E9	59.6980589503954
3.103329185E9	59.47826086956522
3.103330253E9	59.22879177377892
3.10333132E9	0.0
3.103332387E9	58.29021372328459
3.1033334535E9	58.30455259026687
3.103334519E9	57.379912663755455
3.103335584E9	0.0
3.103336649E9	0.0
3.103337714E9	0.0
3.103338779E9	0.0
3.1033398435E9	54.93544492578652
3.1033409075E9	45.69648093841642
3.1033419715E9	0.0
3.103343035E9	0.0
3.1033440975E9	0.0
3.1033451595E9	57.93893129770992
3.1033462215E9	55.94336283185841
3.103347283E9	57.027045001108405
3.1033483435E9	58.84526558891455
3.103349402E9	58.805549969837124
3.103350459E9	0.0
3.1033515155E9	51.60302677532014
3.103352571E9	0.0
3.103353626E9	58.588235294117645
3.103354681E9	57.16065284248348
3.103355736E9	59.34393638170974
3.1033567905E9	59.082044384667114
3.103357843E9	31.824401368301025
3.1033588935E9	0.0
3.1033599435E9	0.0
3.103360993E9	58.03967327887981
3.1033620415E9	55.333660451422965
3.103363089E9	0.0
3.1033641355E9	0.0
3.1033651815E9	57.645933014354064
3.1033662275E9	59.14829356689822
3.103367273E9	0.0
3.103368318E9	0.8510028653295129
3.103369363E9	58.84365994236311
3.1033704075E9	48.0
3.1033714505E9	0.0
3.103372492E9	0.0
3.103373532E9	0.0
3.103374571E9	58.95043731778426
3.1033756095E9	0.0
3.1033766465E9	0.0
3.1033776825E9	0.0
3.103378718E9	56.405750798722046
3.103379753E9	2.0
3.103380787E9	0.0
3.1033818195E9	51.24382482194272
3.103382851E9	0.0
3.103383882E9	58.39786381842457
3.103384913E9	58.42565597667638
3.103385942E9	0.9505208333333334
3.103386969E9	0.0
3.1033879955E9	0.0
3.1033890215E9	0.0
3.1033900465E9	0.8611599297012302
3.1033910705E9	57.17092337917485
3.1033920935E9	46.08757338551859
3.1033931155E9	58.22185970636215
3.103394137E9	60.0
3.1033951575E9	0.0
3.103396177E9	0.0
3.1033971955E9	0.0
3.1033982135E9	2.93796992481203
3.1033992315E9	58.89023650697392
3.1034002485E9	0.0
3.1034012615E9	57.95769993390615
3.1034022715E9	59.14303287090822
3.103403281E9	55.58473282442748
3.1034042895E9	0.0
3.103405297E9	0.0
3.1034063035E9	0.0
3.103407309E9	58.79488740109556
3.103408314E9	0.0
3.1034093185E9	0.0
3.1034103225E9	0.0
3.103411326E9	0.0
3.103412329E9	59.812695109261185
3.103413332E9	55.852782764811494
3.103414335E9	59.30232558139535
3.1034153375E9	55.81442429354703
3.1034163395E9	0.0
3.1034173405E9	0.0
3.1034183405E9	50.12129032258065
3.1034230195E9	58.39968928628723
3.1034311645E9	53.76741224840452
3.1034385535E9	0.0
3.103444272E9	5.799298245614035
3.103448588E9	59.1139839192811
3.103452529E9	27.614677419354837
3.1034563265E9	57.2245531040366
3.103460075E9	16.206183783783782
3.1034637975E9	43.52754788366044
3.103467461E9	47.087475396766074
3.103471038E9	52.31016941094436
3.1034745565E9	43.462605997931746
3.10347799E9	55.75332393757037
3.1034813295E9	53.033998752339365
3.103484605E9	53.165589644276835
3.1034878305E9	46.57863832853026
3.1034910465E9	47.103815104945284
3.1034942485E9	46.06152976764285
3.1034973905E9	31.693020504731862
3.10350048E9	58.129232459151446
3.1035035475E9	56.843754148413645
3.103506574E9	37.80385185185185
3.1035095785E9	57.27440973296216
3.10351256E9	40.46765330793465
3.1035155065E9	33.318352223190935
3.10351844E9	39.61832061068702
3.10352132E9	20.682380147647425
3.1035241305E9	40.889748549323016
3.103526902E9	0.0
3.103529649E9	44.930930930930934
3.103532388E9	33.22626017421105
3.1035351035E9	54.65271198226781
3.103537785E9	56.05257228689448
3.1035404345E9	48.87468426207536
3.1035429975E9	57.07207652977074
3.103545488E9	21.981277252906978
3.1035479665E9	57.22534925585051
3.1035504075E9	54.628009823002536
3.103552812E9	57.682166146867026
3.1035551875E9	49.16028754614339
3.103557535E9	56.32277498396841
3.1035598595E9	56.64555420219245
3.1035621585E9	40.2406378248974
3.103564445E9	47.08219923788786
3.103566722E9	8.676646706586826
3.103568983E9	18.699842022116904
3.103571211E9	56.21117719248561
3.1035734005E9	0.0
3.103575568E9	0.0
3.103577725E9	3.4440993788819876
3.103579877E9	58.21409455842997
3.103582016E9	54.35528185693984
3.1035841385E9	56.08756919979869
3.103586253E9	55.36528373867429
3.1035883585E9	54.0032414910859
3.1035904405E9	57.294929421969876
3.1035925065E9	51.34809103345355
3.103594569E9	39.67978533094812
3.103596622E9	50.19755244755245
3.1035986655E9	56.519391083725985
3.1036007005E9	23.024755260492856
3.1036027275E9	35.14010152284264
3.10360474E9	0.0
3.1036067365E9	40.3731816979635
3.103608723E9	0.7435090479937058
3.103610703E9	0.0
3.103612671E9	8.743589743589743
3.103614626E9	58.83127138720716
3.1036165745E9	33.093333333333334
3.1036185145E9	47.42204412734869
3.1036204485E9	53.30919552708718
3.1036223555E9	46.008620689655174
3.1036242355E9	36.37172353015234
3.1036261095E9	41.74258911819887
3.103627955E9	0.0
3.103629772E9	19.08431044109436
3.103631583E9	1.933422103861518
3.1036333895E9	46.81178457496716
3.10363519E9	59.01943462897526
3.103636984E9	0.0
3.10363877E9	0.0
3.1036405435E9	58.65880837051707
3.1036423085E9	58.86486486486486
3.103644062E9	0.0
3.103645804E9	55.6928536860784
3.103647529E9	50.96230462764327
3.1036492365E9	58.320565704183856
3.10365094E9	46.083512992170654
3.103652635E9	55.533888976254126
3.1036543025E9	0.0
3.103655946E9	56.15561875592503
3.103657586E9	0.0
3.1036592235E9	56.89949545232109
3.1036608575E9	0.9926470588235294
3.103662488E9	10.920863309352518
3.103664114E9	58.66913123844732
3.1036657365E9	56.45388213283442
3.1036673585E9	52.98435404559678
3.103668979E9	58.54477611940298
3.1036705915E9	9.93939393939394
3.103672191E9	0.0
3.1036737835E9	57.406089926010246
3.1036753585E9	38.357794181502385
3.10367691E9	52.036966084858804
3.1036784535E9	58.57222532069158
3.1036799945E9	52.56957116788321
3.103681529E9	58.019491820396794
3.1036830525E9	57.14592851384037
3.103684569E9	0.0
3.103686083E9	59.28239202657807
3.103687593E9	41.12409189083055
3.1036890985E9	57.16681641209943
3.1036906E9	43.15873015873016
3.103692097E9	58.77883310719132
3.103693592E9	0.0
3.1036950855E9	25.0
3.1036965775E9	55.24915510494486
3.103698068E9	0.0
3.103699555E9	28.35150501672241
3.103701039E9	46.06709466263847
3.103702517E9	30.43732970027248
3.1037039885E9	0.0
3.103705455E9	54.538436418261384
3.1037069165E9	53.780649588289116
3.1037083755E9	0.935064935064935
3.1037098325E9	2.9171270718232045
3.103711287E9	0.0
3.103712735E9	56.333333333333336
3.103714177E9	0.0
3.1037156105E9	0.0
3.103717036E9	56.629464285714285
3.1037184575E9	58.62558841279421
3.103719873E9	20.401120896717373
3.103721286E9	0.0
3.1037226985E9	57.98428881831857
3.103724108E9	0.0
3.1037255145E9	56.483496273352046
3.1037269155E9	24.549821575624485
3.1037283085E9	58.23533026113671
3.1037296945E9	36.52329541803226
3.1037310735E9	0.0
3.103732449E9	2.911392405063291
3.103733822E9	43.62621359223301
3.103735191E9	0.0
3.1037365565E9	48.36816380449142
3.1037379165E9	22.123482428115015
3.103739272E9	0.0
3.1037406255E9	56.30846566891351
3.1037419765E9	0.0
3.1037433245E9	0.0
3.10374467E9	34.76309616888194
3.1037460125E9	58.96860986547085
3.1037473475E9	58.031496062992126
3.103748677E9	0.0
3.1037500035E9	53.00970873786408
3.1037513235E9	58.35221421215242
3.103752635E9	0.0
3.1037539405E9	53.04039688164423
3.1037552445E9	59.08745247148289
3.103756548E9	39.73913043478261
3.10375785E9	0.0
3.1037591505E9	51.618888498065424
3.103760449E9	56.23497997329773
3.1037617455E9	0.0
3.1037630385E9	54.20282577830107
3.1037643255E9	59.7
3.1037656085E9	56.77847113884555
3.10376689E9	59.51298701298701
3.1037681705E9	28.23397169025812
3.10376945E9	0.0
3.1037707255E9	50.94178610804851
3.103771995E9	0.0
3.103773262E9	0.0
3.1037745285E9	0.0
3.1037757935E9	0.0
3.1037770575E9	0.0
3.1037783215E9	0.0
3.103779585E9	0.0
3.103780841E9	50.86548488008342
3.1037820855E9	0.0
3.103783325E9	38.87384637228454
3.103784562E9	45.016634676903394
3.103785797E9	57.42465381482487
3.103787031E9	0.0
3.1037882635E9	58.18775510204082
3.1037894945E9	40.74867724867725
3.1037907225E9	57.38291457286432
3.103791947E9	0.0
3.1037931655E9	0.0
3.103794379E9	0.9882352941176471
3.103795591E9	55.944186046511625
3.103796801E9	1.9264475743348983
3.1037980065E9	13.831325301204819
3.103799207E9	54.635563740536114
3.103800405E9	20.331147540983608
3.1038016E9	0.0
3.103802792E9	0.0
3.103803981E9	0.0
3.1038051675E9	33.21891960436216
3.1038063525E9	1.4497528830313016
3.1038075365E9	0.0
3.1038087195E9	38.337942664418215
3.1038099E9	0.0
3.103811076E9	0.0
3.103812247E9	34.78048780487805
3.103813415E9	25.775699761516254
3.1038145815E9	55.643076923076926
3.103815747E9	0.0
3.1038169115E9	0.0
3.103818075E9	0.0
3.1038192355E9	38.48165262299538
3.1038203935E9	0.0
3.103821551E9	0.993421052631579
3.103822708E9	7.82962962962963
3.103823865E9	35.15087281795511
3.103825021E9	0.8781163434903048
3.1038261755E9	0.0
3.103827327E9	42.95211492418196
3.1038284755E9	0.0
3.1038296235E9	56.225825356514946
3.1038307705E9	0.0
3.1038319155E9	0.0
3.1038330575E9	46.14170403587444
3.1038341955E9	27.93733905579399
3.1038353305E9	0.0
3.103836464E9	47.92870573487935
3.103837595E9	38.148648648648646
3.103838723E9	0.0
3.10383985E9	0.0
3.1038409725E9	45.56457525924374
3.1038420865E9	56.71015801354402
3.1038431935E9	57.98961774421897
3.1038442975E9	55.74758953168044
3.1038454E9	58.691588785046726
3.1038464995E9	0.0
3.1038475965E9	0.0
3.1038486915E9	41.39588100686499
3.103849784E9	43.80952380952381
3.103850874E9	59.202127659574465
3.1038519615E9	59.05386416861827
3.103853047E9	27.479589824492212
3.1038541315E9	57.085628442663996
3.103855215E9	48.152550850283426
3.103856298E9	58.17839805825243
3.103857379E9	57.12814298697364
3.1038584565E9	0.0
3.103859529E9	55.88071229349925
3.1038605975E9	0.0
3.103861665E9	9.256756756756756
3.103862732E9	0.0
3.103863799E9	59.00936421882701
3.103864864E9	0.0
3.1038659265E9	56.88639551192146
3.103866987E9	39.586680121089806
3.1038680455E9	30.99904397705545
3.1038691035E9	59.11848341232228
3.10387016E9	11.452471482889734
3.1038712145E9	0.9447761194029851
3.1038722685E9	0.0
3.103873322E9	0.0
3.103874375E9	0.0
3.1038754275E9	55.94622425629291
3.103876479E9	0.0
3.103877529E9	14.134615384615385
3.103878577E9	0.0
3.1038796225E9	0.0
3.103880666E9	44.11709601873536
3.103881709E9	47.02576212966939
3.1038827515E9	0.0
3.1038837935E9	0.0
3.103884835E9	0.0
3.1038858755E9	48.0326264274062
3.103886915E9	0.0
3.1038879535E9	19.862068965517242
3.103888991E9	58.20830298616169
3.103890028E9	0.0
3.103891064E9	36.51161890007746
3.103892095E9	55.890397013912455
3.103893119E9	56.20295824751919
3.10389414E9	47.934859963269055
3.10389516E9	34.404587063675685
3.103896179E9	49.7758773596858
3.1038971965E9	0.0
3.1038982115E9	0.0
3.103899225E9	0.0
3.103900236E9	0.0
3.1039012445E9	0.0
3.103902252E9	0.0
3.1039032575E9	0.0
3.1039042615E9	59.083969465648856
3.103905265E9	47.498707780055256
3.103906267E9	58.97435897435897
3.1039072675E9	0.0
3.1039082675E9	59.46
3.1039092675E9	0.0
3.103918732E9	48.41821324316759
3.103932571E9	0.0
3.103941472E9	43.92872716626732
3.1039494115E9	0.0
3.1039572085E9	0.0
3.103963938E9	3.641562410467004
3.1039695055E9	34.816210635002584
3.103974766E9	0.0
3.1039797995E9	58.99182811495731
3.103984567E9	0.0
3.1039891115E9	0.0
3.1039934845E9	0.0
3.103997683E9	57.77501954652072
3.104001684E9	0.0
3.104005458E9	40.98707511787926
3.104009178E9	0.0
3.1040128475E9	0.0
3.104016433E9	58.773212400797526
3.104019926E9	58.93778297807397
3.104023359E9	0.0
3.104026758E9	0.0
3.1040301305E9	33.37011235955056
3.104033452E9	0.0
3.104036731E9	15.82145208527255
3.1040399985E9	6.3487544483985765
3.104043259E9	57.95172472823761
3.1040464995E9	0.0
3.104049674E9	58.98084743352766
3.1040527925E9	0.0
3.1040558995E9	0.0
3.104058987E9	0.0
3.104062054E9	0.0
3.104065115E9	55.38937141174739
3.1040681395E9	0.0
3.1040711275E9	55.39650443324616
3.1040740845E9	0.0
3.1040770095E9	33.383982382939266
3.104079908E9	59.209079624046815
3.104082775E9	58.021560886729425
3.1040856295E9	59.27719298245614
3.104088461E9	44.40836280296216
3.10409126E9	58.68219838866937
3.1040940205E9	0.0
3.1040967325E9	0.0
3.1040994055E9	59.08019699261278
3.104102056E9	48.39622641509434
3.1041046865E9	0.0
3.104107298E9	59.055686576502865
3.104109892E9	43.41350273106994
3.1041124505E9	57.941401761777094
3.1041149735E9	0.0
3.1041174795E9	0.0
3.10411997E9	39.209121785541
3.1041224495E9	59.33579335793358
3.104124925E9	0.0
3.104127395E9	58.87205922427105
3.1041298495E9	34.147403056267116
3.1041322855E9	58.839401820546165
3.104134709E9	57.50230282095567
3.1041371215E9	50.47935670972845
3.104139523E9	31.5478905359179
3.1041418965E9	52.877061099069934
3.104144241E9	21.119448568703547
3.1041465705E9	40.546875
3.104148885E9	54.086750276171294
3.1041511915E9	13.08108108108108
3.1041534905E9	58.10318035843779
3.104155772E9	59.1044776119403
3.10415804E9	57.38723516599564
3.1041603025E9	58.81308033911991
3.1041625525E9	0.0
3.1041647915E9	56.246027805362466
3.1041670245E9	57.89181542142069
3.104169246E9	58.63671010126674
3.104171456E9	0.0
3.104173654E9	5.220074188414304
3.104175845E9	55.72757554128004
3.1041780355E9	0.0
3.1041802225E9	57.94293848982739
3.1041823975E9	38.921656713473574
3.104184563E9	39.33938168646281
3.1041867265E9	59.21875
3.1041888805E9	13.12672045562411
3.1041910115E9	0.0
3.1041931255E9	0.0
3.1041952355E9	0.922272047832586
3.1041973425E9	50.1212980823783
3.1041994485E9	59.01968093037125
3.1042015545E9	42.15224182101552
3.104203656E9	57.011312812417785
3.104205745E9	59.216178872001
3.1042078145E9	52.789063312194614
3.104209871E9	58.638056680161945
3.1042119255E9	0.0
3.104213971E9	58.021312833732274
3.1042160055E9	0.0
3.1042180375E9	48.86133882164161
3.1042200635E9	0.0
3.1042220825E9	1.8433734939759037
3.1042240985E9	59.23099330032042
3.104226106E9	0.0
3.104228107E9	16.026946107784433
3.104230103E9	58.693872246409775
3.1042320935E9	56.70205550557132
3.10423408E9	5.7757668711656445
3.104236062E9	58.33537644787645
3.104238043E9	58.35136455643191
3.104240023E9	4.515151515151516
3.104241994E9	44.351810104760645
3.1042439415E9	0.0
3.104245872E9	59.522776572668114
3.104247777E9	59.41495124593716
3.1042496545E9	59.27961579509071
3.104251516E9	0.0
3.104253365E9	44.39080065219257
3.104255206E9	59.91620111731844
3.1042570385E9	59.245076586433264
3.1042588675E9	51.156635610568
3.1042606875E9	13.405813613339287
3.1042625015E9	57.70753053360329
3.104264304E9	53.677195581896555
3.104266094E9	44.16400206291903
3.1042678815E9	0.0
3.1042696635E9	0.0
3.1042714405E9	10.983237241084774
3.1042732095E9	26.0812324929972
3.1042749695E9	0.0
3.104276727E9	0.0
3.1042784825E9	59.294117647058826
3.1042802355E9	58.89877797408716
3.104281987E9	40.3272262881281
3.104283737E9	58.559309849029475
3.1042854805E9	0.0
3.104287214E9	22.172294606941385
3.1042889415E9	54.70857437635875
3.1042906625E9	56.12045925089404
3.1042923765E9	57.55063455063455
3.104294088E9	28.461467778878436
3.104295795E9	58.6803450687806
3.1042974975E9	0.0
3.104299198E9	3.2551075118234998
3.1043008905E9	40.55076291079812
3.1043025755E9	39.95319608735214
3.1043042575E9	57.098112998727245
3.1043059365E9	57.61894378194208
3.1043076145E9	57.7160030052592
3.104309292E9	57.53303541124561
3.1043109685E9	55.575021192427236
3.1043126425E9	36.36883620886696
3.104314313E9	59.30635838150289
3.1043159815E9	54.69287305122494
3.104317647E9	0.0
3.1043193085E9	0.0
3.1043209685E9	59.424668874172184
3.1043226275E9	58.73783359497645
3.1043242845E9	26.804347826086957
3.1043259405E9	50.74446802061231
3.1043275945E9	0.0
3.104329244E9	0.0
3.10433089E9	0.0
3.104332533E9	30.078748280605225
3.1043341725E9	59.25597874224978
3.104335808E9	0.0
3.1043374375E9	35.704109589041096
3.1043390575E9	58.236576183871605
3.1043406705E9	0.0
3.104342279E9	0.0
3.104343883E9	44.45939689308559
3.104345484E9	59.26038062283737
3.104347078E9	0.0
3.1043486665E9	0.0
3.104350253E9	0.0
3.1043518375E9	58.54251012145749
3.1043534215E9	55.27153723539459
3.1043550035E9	0.0
3.1043565795E9	57.67178658043654
3.1043581505E9	54.794295578566434
3.10435972E9	59.21348314606742
3.1043612885E9	33.83458094818729
3.104362856E9	0.0
3.104364422E9	58.57510729613734
3.104365984E9	31.284116331096197
3.104367543E9	43.441601216113504
3.1043691005E9	0.0
3.1043706555E9	58.8751850024667
3.104372207E9	0.0
3.1043737525E9	58.17883511074651
3.104375294E9	59.61702127659574
3.1043768335E9	59.76923076923077
3.104378371E9	43.84865440253289
3.104379907E9	0.0
3.1043814395E9	58.57718757410481
3.1043829685E9	0.0
3.1043844935E9	54.67992796332678
3.1043860115E9	0.0
3.104387523E9	58.29509954058193
3.104389031E9	7.053187679083095
3.1043905345E9	52.29849855821816
3.104392034E9	58.06079476150735
3.104393533E9	0.0
3.104395031E9	54.59643169141859
3.1043965275E9	57.55786113328013
3.1043980195E9	46.956295525494276
3.1043995065E9	0.0
3.104400992E9	0.0
3.104402475E9	56.88269951794322
3.104403955E9	0.0
3.1044054305E9	58.769987699877
3.1044069025E9	53.411610495788
3.1044083735E9	58.752249550089985
3.1044098415E9	58.72352604464797
3.104411307E9	0.0
3.10441277E9	0.0
3.1044142295E9	58.90309278350515
3.104415687E9	26.137912276683462
3.1044171395E9	37.12296983758701
3.104418587E9	0.0
3.1044200325E9	18.487591537835637
3.104421476E9	1.7456207159177457
3.104422919E9	0.0
3.1044243595E9	0.0
3.1044257945E9	23.49413873948421
3.1044272255E9	0.0
3.1044286555E9	0.0
3.104430085E9	0.0
3.104431514E9	0.0
3.104432943E9	59.29639071514826
3.1044343705E9	58.56877008966334
3.1044357965E9	0.0
3.1044372195E9	58.83834849545136
3.1044386375E9	58.37437511571931
3.1044400535E9	31.98744957418198
3.104441469E9	54.30459945172099
3.104442884E9	11.42763726095003
3.1044442985E9	0.0
3.104445712E9	0.0
3.1044471235E9	0.9098143236074271
3.104448531E9	57.828272672431126
3.1044499345E9	58.83110640611142
3.1044513345E9	0.0
3.104452732E9	0.0
3.104454128E9	59.612718144872105
3.1044555215E9	0.0
3.1044569115E9	46.036903176716756
3.1044582985E9	57.98847564169722
3.1044596825E9	0.0
3.104461064E9	59.161094224924014
3.104462444E9	0.0
3.1044638215E9	18.328324598755323
3.1044651965E9	36.95372221530313
3.1044665705E9	58.54272700983228
3.104467944E9	0.9819168173598554
3.104469317E9	59.20058404818398
3.1044706895E9	58.637959279194945
3.1044720605E9	0.0
3.104473429E9	5.782608695652174
3.104474795E9	0.0
3.1044761595E9	59.04382470119522
3.104477522E9	59.64179104477612
3.104478883E9	0.0
3.104480241E9	0.0
3.104481596E9	50.9397278029812
3.1044829505E9	26.91176470588235
3.104484304E9	56.61420818944253
3.104485655E9	37.180700676090964
3.104487002E9	0.0
3.1044883465E9	59.442769267880834
3.10448969E9	0.0
3.1044910305E9	57.90108564535585
3.1044923685E9	57.9498502994012
3.1044937065E9	0.0
3.1044950435E9	0.0
3.104496378E9	22.605055440706636
3.104497711E9	57.997835497835496
3.1044990435E9	0.0
3.1045003715E9	45.765660207300584
3.104501695E9	0.0
3.104503018E9	0.0
3.1045043395E9	0.0
3.1045056595E9	0.0
3.104506978E9	58.32021895313034
3.1045082945E9	0.9079754601226994
3.1045096045E9	53.37641716960911
3.1045109085E9	0.0
3.104512212E9	57.482425307557115
3.1045135145E9	0.0
3.104514816E9	0.0
3.1045161165E9	58.5112168592794
3.1045174155E9	45.668256320029634
3.104518713E9	0.0
3.104520009E9	0.0
3.1045212985E9	0.0
3.104522582E9	21.563547606704685
3.104523865E9	14.011406844106464
3.104525146E9	58.32231404958678
3.1045264245E9	0.0
3.104527699E9	22.053399443532854
3.10452897E9	0.0
3.1045302395E9	0.9225401256106072
3.1045315055E9	6.870687313230101
3.104532769E9	54.884201209617935
3.1045340315E9	58.772424017790954
3.104535293E9	48.80236220472441
3.1045365535E9	0.0
3.104537813E9	0.9162426614481409
3.104539072E9	0.0
3.1045403305E9	56.093671679197996
3.1045415875E9	59.62264150943396
3.104542842E9	50.25342874180083
3.1045440925E9	0.0
3.1045453405E9	0.0
3.1045465875E9	0.0
3.1045478335E9	0.0
3.1045490785E9	0.0
3.1045503195E9	59.3714092598851
3.1045515575E9	0.0
3.1045527945E9	0.0
3.1045540295E9	41.72526573998365
3.1045552635E9	0.0
3.104556496E9	0.0
3.104557727E9	0.0
3.1045589575E9	57.4170906007752
3.1045601875E9	0.0
3.1045614165E9	37.19107952204367
3.104562644E9	0.0
3.1045638685E9	0.0
3.1045650905E9	0.9376507061660352
3.104566312E9	44.01156069364162
3.104567533E9	31.755450236966826
3.1045687535E9	54.13257575757576
3.1045699725E9	5.744813278008299
3.1045711905E9	0.0
3.1045724075E9	58.876795820635614
3.1045736235E9	0.0
3.1045748375E9	59.40689655172414
3.1045760485E9	0.0
3.104577258E9	0.0
3.1045784665E9	57.62263072673588
3.1045796745E9	0.0
3.1045808815E9	0.0
3.104582087E9	0.0
3.104583292E9	0.0
3.1045844955E9	46.48971466489715
3.1045856965E9	0.0
3.104586896E9	0.0
3.1045880945E9	58.96525847693163
3.1045892925E9	59.00123656425378
3.1045904905E9	0.0
3.104591687E9	54.32336448598131
3.1045928815E9	0.0
3.104594074E9	0.0
3.104595264E9	20.230939226519336
3.1045964525E9	57.26315789473684
3.1045976365E9	57.7522349936143
3.1045988165E9	58.709122203098104
3.104599996E9	0.0
3.1046011715E9	42.794568516068786
3.1046023415E9	40.9894142554693
3.1046035085E9	29.64389140271493
3.10460467E9	56.06123550040464
3.1046058265E9	59.549114331723025
3.1046069825E9	57.417677642980934
3.104608138E9	59.202861522738885
3.1046092925E9	0.0
3.1046104465E9	59.39622124863089
3.104611598E9	59.001131404557945
3.104612744E9	0.0
3.104613887E9	56.3651166694645
3.1046150285E9	58.411764705882355
3.104616167E9	40.609359104781284
3.104617303E9	9.196367763904654
3.104618438E9	33.44711316397229
3.104619573E9	0.0
3.104620704E9	48.05567472698908
3.104621831E9	57.252984143951544
3.1046229575E9	54.82227152748556
3.104624082E9	39.78523563660332
3.104625205E9	58.86970172684458
3.104626328E9	0.0
3.1046274505E9	46.43716719914803
3.1046285725E9	58.460580396064266
3.104629694E9	54.29898175357069
3.104630815E9	0.9345794392523364
3.104631935E9	4.057135601828339
3.104633054E9	26.220683287165283
3.104634173E9	0.0
3.1046352915E9	59.39218523878437
3.104636408E9	0.0
3.1046375185E9	38.98238950276243
3.1046386245E9	0.0
3.1046397295E9	0.0
3.1046408325E9	0.0
3.104641934E9	59.36201063315612
3.1046430335E9	0.8912442396313364
3.1046441315E9	0.0
3.1046452285E9	23.406824146981627
3.1046463245E9	58.70650529500757
3.10464742E9	25.18466898954704
3.104648514E9	59.06093906093906
3.1046496055E9	0.9604948124501197
3.104650695E9	0.0
3.104651783E9	0.0
3.10465287E9	0.0
3.104653956E9	56.43225503984998
3.104655041E9	53.164316273173824
3.104656126E9	0.92719836400818
3.10465721E9	0.0
3.1046582915E9	56.35999488098285
3.1046593715E9	30.71006813020439
3.104660451E9	16.850751143043762
3.10466153E9	0.0
3.104662609E9	39.89071038251366
3.104663686E9	43.50087347142501
3.1046647605E9	54.34659248956885
3.104665834E9	0.0
3.1046669055E9	0.0
3.1046679745E9	27.42664998436034
3.104669042E9	58.75432525951557
3.1046701085E9	0.0
3.1046711745E9	0.0
3.1046722405E9	39.58959474080217
3.104673305E9	0.0
3.104674368E9	50.10273678177389
3.104675431E9	25.2564003186702
3.1046764935E9	28.517725258493353
3.1046775535E9	0.0
3.1046786105E9	58.34900193174501
3.1046796645E9	59.02415916627191
3.104680716E9	0.0
3.104681767E9	0.0
3.1046828175E9	0.0
3.1046838665E9	47.94836886719754
3.1046849135E9	0.0
3.1046859595E9	9.251150895140665
3.104687005E9	0.0
3.104688049E9	24.857142857142858
3.1046890895E9	0.0
3.1046901265E9	59.407831900668576
3.104691162E9	0.0
3.104692197E9	59.498386207982364
3.104693232E9	58.765397536394175
3.104694266E9	59.13219102221643
3.1046952985E9	37.98830409356725
3.10469633E9	0.0
3.1046973585E9	49.087650031585596
3.1046983845E9	52.917881811204914
3.1046994105E9	0.0
3.104700435E9	59.612694997310385
3.1047014575E9	59.09001956947162
3.1047024785E9	45.66567164179104
3.1047034985E9	14.046035805626598
3.1047045185E9	58.81472239550842
3.104705538E9	59.00826446280992
3.1047065565E9	43.57159309021113
3.1047075745E9	0.0
3.104708592E9	0.0
3.104709608E9	53.88074023303633
3.104710623E9	0.0
3.104711638E9	35.62280701754386
3.1047126525E9	0.0
3.1047136665E9	0.0
3.10471468E9	0.0
3.104715693E9	5.4763526295875895
3.104716706E9	0.0
3.1047177185E9	0.0
3.10471873E9	59.64250248262165
3.104719741E9	0.0
3.104720751E9	38.748705452330185
3.1047217595E9	0.0
3.1047227675E9	0.9542502951593861
3.104723775E9	0.0
3.104724782E9	58.47002067539628
3.104725789E9	13.614333706606942
3.1047267955E9	0.0
3.104727801E9	0.0
3.104728805E9	0.0
3.104729807E9	58.81518987341772
3.1047308075E9	0.0
3.104740963E9	0.0
3.104756475E9	50.72307666881518
3.104767963E9	7.91694020959467
3.104778484E9	58.439202954963314
3.1047881575E9	18.951094340665797
3.1047976135E9	53.15320875866201
3.1048068795E9	21.777594066655645
3.1048160235E9	57.090069377218455
3.104824959E9	50.08161609533774
3.1048336895E9	39.71232896775762
3.1048423175E9	20.37777485879417
3.1048506295E9	55.352348570708976
3.104858538E9	58.914333416059385
3.10486621E9	21.00792004698966
3.104873738E9	0.0
3.104881204E9	45.72474821290957
3.1048886055E9	57.62094302501439
3.104895888E9	52.823168736199456
3.1049030315E9	49.39502015075752
3.1049100215E9	37.86104293592816
3.104916928E9	30.020096068029805
3.1049238165E9	45.46745919294478
3.104930685E9	46.94250225653047
3.1049375335E9	58.92262057015554
3.1049443175E9	7.717471143756558
3.1049510255E9	58.173584385446944
3.104957646E9	50.32753403933434
3.1049641205E9	3.720006756661646
3.104970491E9	9.55103055205779
3.104976811E9	57.275958600982705
3.1049830915E9	37.919596421193866
3.104989311E9	50.87360323549033
3.104995483E9	37.33816282178167
3.1050016285E9	49.897086636613295
3.105007741E9	12.860819015631055
3.105013843E9	38.9325208180455
3.105019839E9	55.22657841485121
3.1050257E9	41.49477952927758
3.105031511E9	38.28702574744342
3.1050372955E9	0.0
3.105043063E9	0.0
3.1050488005E9	58.66509047079045
3.1050545125E9	58.27120329592272
3.1050601615E9	7.432196594500259
3.1050657395E9	55.354918488434095
3.1050713015E9	29.03966165080378
3.1050767895E9	24.09567184825678
3.105082186E9	57.06268691907722
3.1050875235E9	58.096800780052206
3.105092801E9	48.398927063120645
3.105098007E9	51.56711442841164
3.1051031505E9	56.79251355255818
3.1051082045E9	55.782935593485135
3.105113172E9	59.26443202979516
3.105118124E9	49.49313202253506
3.105123046E9	53.8879089389477
3.105127928E9	0.0
3.105132784E9	54.31805780449393
3.1051375455E9	40.59053379416282
3.105142205E9	53.27198313642258
3.1051468215E9	37.6193230905737
3.105151389E9	34.606692331904796
3.1051559265E9	41.58138053530961
3.105160444E9	56.17502579313903
3.105164943E9	55.12003130225977
3.1051694125E9	0.9859894921190894
3.1051738415E9	58.31999338514966
3.105178253E9	30.71486157590508
3.1051826085E9	43.410278216498604
3.1051869095E9	55.93183294072706
3.105191198E9	52.58132621272808
3.105195423E9	38.45219473264166
3.105199594E9	43.26566224457925
3.1052037465E9	8.28025245782255
3.105207865E9	0.9816438356164383
3.10521196E9	45.5598914737632
3.105216012E9	56.8470943354426
3.1052200195E9	0.0
3.105224006E9	40.93552615328226
3.1052278585E9	56.40184896145996
3.105231579E9	53.4340925000407
3.1052352765E9	44.844614232209736
3.1052389575E9	56.26816082892218
3.105242632E9	16.49212924606462
3.1052463045E9	45.15798302743241
3.105249957E9	48.35457200772509
3.10525359E9	57.24604911550971
3.105257213E9	15.438153921775156
3.105260822E9	16.084028773595993
3.1052644205E9	50.29487361545016
3.1052680095E9	44.580517811237605
3.1052715945E9	7.307365439093484
3.105275175E9	53.60981311285818
3.105278732E9	57.932879890330064
3.1052822555E9	42.81001732319048
3.105285765E9	40.070288718752884
3.1052892635E9	51.32641903071869
3.105292744E9	3.9088364654138346
3.105296203E9	0.0
3.105299639E9	58.98395463337436
3.10530305E9	55.19254994848482
3.105306431E9	58.42681322412256
3.105309783E9	56.74473260162355
3.1053131135E9	55.6073064906102
3.105316433E9	54.359648397674356
3.105319747E9	58.96821741133118
3.105323045E9	0.0
3.1053263115E9	0.0
3.10532956E9	2.9645972293483838
3.105332802E9	51.711482212944674
3.105336038E9	0.0
3.1053392555E9	57.50298177802319
3.105342453E9	57.93778443528035
3.105345638E9	37.743167033565015
3.1053488045E9	57.44760289859709
3.105351955E9	22.535220794279642
3.105355096E9	52.295899702766555
3.1053582345E9	57.441454062822594
3.1053613715E9	0.9791464597478177
3.1053645055E9	0.0
3.1053676375E9	30.8474821299494
3.105370751E9	54.83281820736162
3.1053738455E9	59.28819919477778
3.105376939E9	53.167388318203535
3.105380015E9	0.0
3.105383037E9	52.156654435319474
3.105386017E9	59.52560240963855
3.105388988E9	43.69711388048806
3.105391952E9	0.0
3.10539491E9	56.957523344174824
3.105397855E9	57.389379414732595
3.105400789E9	19.814003577743964
3.10540371E9	59.722382880277614
3.1054066165E9	42.38531727410188
3.1054095145E9	54.66539649613312
3.1054124035E9	28.077913915609248
3.105415289E9	17.85222417692888
3.1054181705E9	1.6426553672316384
3.105421047E9	49.67925664099279
3.105423915E9	54.08186313606636
3.1054267735E9	55.758753296220334
3.1054296205E9	43.03211776513884
3.10543244E9	40.70918647333569
3.105435239E9	54.1403599470096
3.1054380315E9	57.778617302606726
3.105440812E9	46.14132071413207
3.105443576E9	59.67058823529412
3.1054463305E9	36.62592812592813
3.105449079E9	58.09094807623034
3.105451813E9	17.463338218202033
3.1054545365E9	58.86537874022823
3.1054572385E9	32.97664860825705
3.105459914E9	34.23715177713737
3.10546258E9	23.057724028678283
3.1054652375E9	32.6740905568911
3.105467887E9	56.93084551727198
3.105470528E9	56.5349160247506
3.105473162E9	0.0
3.105475793E9	36.17650169955044
3.1054784135E9	40.404187058183794
3.105481019E9	31.131337518107195
3.1054836015E9	55.41123699779591
3.1054861625E9	40.07113740959895
3.105488716E9	58.91950988077066
3.105491267E9	22.272906375522744
3.1054938115E9	50.18948083609768
3.1054963495E9	40.16708008504607
3.105498881E9	0.8062930186823992
3.1055013925E9	59.857538583300354
3.1055038895E9	0.0
3.105506379E9	58.428603962650875
3.105508858E9	40.95464223624324
3.10551133E9	59.326995444642506
3.105513792E9	56.2524734700391
3.1055162415E9	55.91815856777494
3.105518682E9	41.13701593111767
3.105521118E9	47.11292800416612
3.105523549E9	54.38388414551509
3.105525972E9	53.83087634980051
3.105528388E9	33.72291134397255
3.1055308005E9	40.91705564046429
3.1055332065E9	46.122228493106505
3.105535606E9	53.31065634508963
3.1055380035E9	57.61054367823384
3.105540398E9	38.86345585989207
3.1055427875E9	56.4244744007499
3.1055451725E9	18.230171865054107
3.1055475555E9	55.96752698263726
3.1055499375E9	42.49357165255566
3.105552312E9	44.02714373843307
3.1055546785E9	0.0
3.1055570425E9	56.77691217002023
3.105559404E9	44.00183430143687
3.105561761E9	50.608519809488335
3.105564112E9	24.879081145122814
3.1055664605E9	55.25553662691652
3.1055688045E9	50.31471762692527
3.105571144E9	59.69217614365113
3.1055734815E9	55.65841735410938
3.105575816E9	46.62112058263676
3.1055781475E9	0.0
3.105580476E9	51.00119632288125
3.1055827985E9	53.68174003400718
3.105585104E9	46.026883561643835
3.1055873965E9	57.3632265139515
3.105589686E9	42.16290395461316
3.1055919665E9	31.74494320597704
3.1055942405E9	31.424385777506487
3.105596511E9	58.24656940856139
3.1055987745E9	33.486045513095746
3.105601033E9	23.151148730350666
3.1056032815E9	53.28170256410257
3.105605521E9	38.10991726657355
3.1056077565E9	35.93746564885496
3.1056099875E9	49.26182910624531
3.1056122175E9	0.0
3.1056144435E9	0.0
3.1056166625E9	0.0
3.1056188775E9	40.62124050882556
3.1056210895E9	11.205534074432093
3.105623296E9	28.247454416291735
3.105625496E9	44.64132267761566
3.1056276925E9	49.463569418667305
3.1056298885E9	58.971304031965126
3.105632076E9	40.32344763670065
3.1056342545E9	49.27509009500928
3.1056364325E9	33.57363907792202
3.1056386075E9	0.970970970970971
3.1056407785E9	58.188276844426234
3.105642947E9	35.309370059751885
3.105645114E9	34.38961330935252
3.105647276E9	46.08334962528511
3.105649431E9	21.45767441860465
3.105651583E9	4.9520905923344944
3.105653732E9	56.221286782505786
3.105655878E9	35.487481804949056
3.1056580215E9	46.533478497550355
3.1056601635E9	38.247109552691434
3.1056623025E9	18.674315466375244
3.1056644355E9	41.042470721089416
3.1056665645E9	43.44829807795555
3.1056686915E9	58.194495412844034
3.1056708175E9	0.971107544141252
3.10567294E9	46.051224891502834
3.105675053E9	33.049158163265304
3.105677152E9	56.586003489434766
3.105679241E9	30.7987066964516
3.1056813275E9	37.807613627910435
3.105683412E9	59.479492670070826
3.105685491E9	23.77109395794517
3.105687566E9	18.15896318385136
3.1056896395E9	39.17786757848928
3.1056917095E9	25.046813489371647
3.105693777E9	19.06154977930358
3.105695838E9	16.85679903730445
3.105697891E9	49.4763830336402
3.1056999415E9	50.404381829869294
3.105701983E9	44.66833924503273
3.1057040115E9	53.98901169378113
3.1057060315E9	9.391617629398343
3.105708045E9	45.57849301929021
3.105710055E9	17.001841098994475
3.105712061E9	36.81816800850676
3.105714063E9	26.87682579613487
