#Position (bp)	mapping quality
3882144.5	54.776284868312224
1.16464325E7	56.666361570638166
1.94107205E7	57.27985538919148
2.71750085E7	58.159718722761816
3.49392965E7	58.16184570021255
4.27035845E7	58.207332778632555
5.04678725E7	58.170765195839174
5.82321605E7	58.0762469088999
6.59964485E7	58.09249245013168
7.37607365E7	58.099670993202935
8.15250245E7	58.02190920418225
8.92893125E7	58.11917977940917
9.70536005E7	58.14556917670419
1.048178885E8	56.52414243064843
1.125821765E8	58.073888080387654
1.203464645E8	23.725565190947382
1.281107525E8	11.569212388096268
1.358750405E8	0.0
1.436393285E8	31.076085188745264
1.514036165E8	52.22925260707226
1.591679045E8	57.39349906289294
1.669321925E8	58.07887154438777
1.746964805E8	58.14817527658068
1.824607685E8	58.15050019034365
1.902250565E8	58.11253864488315
1.979893445E8	58.09840237700095
2.057536325E8	57.52458398370661
2.135179205E8	58.10019920061055
2.212822085E8	58.019398950691944
2.290464965E8	57.23987927566749
2.368107845E8	58.10425171870022
2.445750725E8	57.98898672773936
2.487068195E8	51.77555963046026
2.525889635E8	57.957411849907444
2.601036485E8	58.074134400189365
2.678679365E8	58.05540648689424
2.756322245E8	58.20511244129306
2.833965125E8	57.61079305476391
2.911608005E8	58.125149685740865
2.989250885E8	58.13355787540731
3.066893765E8	58.16810442036923
3.144536645E8	58.1357585238444
3.222179525E8	58.09717770468097
3.299822405E8	58.09460696665382
3.377465285E8	40.39447773006516
3.455108165E8	53.238732992549366
3.532751045E8	57.69735647997845
3.610393925E8	52.1831726131847
3.688036805E8	58.07497838377752
3.765679685E8	56.24778152628332
3.843322565E8	57.88905373151276
3.920965445E8	58.111701587391586
3.998608325E8	58.044666491163575
4.076251205E8	58.117573462670336
4.153894085E8	58.03787342609012
4.231536965E8	58.07404232776438
4.309179845E8	58.11576073687101
4.386822725E8	58.113871418494675
4.464465605E8	58.111015060367784
4.542108485E8	58.138418649895236
4.619751365E8	58.11510114685286
4.697394245E8	58.070371425384174
4.775037125E8	58.076017689787186
4.852680005E8	58.001738204012455
4.90150048E8	56.96456876183146
4.94032192E8	57.99383103652229
5.007965765E8	58.099958781767036
5.085608645E8	58.128348716279675
5.163251525E8	58.12940113588549
5.240894405E8	58.11780519051963
5.318537285E8	58.09625759631979
5.396180165E8	58.1912147885335
5.473823045E8	58.12723571085571
5.551465925E8	58.11994724874996
5.629108805E8	58.08292634960016
5.706751685E8	57.946494234078216
5.784394565E8	54.50570415102292
5.862037445E8	43.56624946116021
5.939680325E8	58.06566020190293
6.017323205E8	58.1189100958665
6.094966085E8	58.11850428166167
6.172608965E8	58.00671400316101
6.250251845E8	58.0401505983944
6.327894725E8	58.10899028916163
6.405537605E8	58.07739289316836
6.483180485E8	58.09019317990728
6.560823365E8	58.13792296549383
6.638466245E8	58.16464520395034
6.716109125E8	58.172591120568846
6.793752005E8	57.9383511504736
6.863514275E8	57.27132646578385
6.902335715E8	56.15511140322894
6.949037765E8	56.768722868864856
7.026680645E8	57.50861053572817
7.104323525E8	58.001284991540096
7.181966405E8	58.10668752426211
7.259609285E8	58.167122452389464
7.337252165E8	58.11678963761455
7.414895045E8	31.877620609772066
7.492537925E8	58.02818128397917
7.570180805E8	58.04436120088611
7.647823685E8	58.09962712267055
7.725466565E8	58.12075783526839
7.803109445E8	58.08364251295855
7.880752325E8	58.140627185047364
7.958395205E8	58.1127213996143
8.036038085E8	58.073327527113435
8.113680965E8	58.023190234129565
8.191323845E8	57.96868280409951
8.268966725E8	58.0044791162868
8.346609605E8	58.04078893995377
8.424252485E8	58.13509777809937
8.501895365E8	58.055938510543584
8.579538245E8	58.02958143171572
8.657181125E8	58.08609837986782
8.734824005E8	58.038173103859805
8.78512305E8	54.16854661364633
8.82394449E8	57.751315055512705
8.890109765E8	58.01061540330221
8.967752645E8	57.520982217807855
9.045395525E8	58.00498228524799
9.123038405E8	57.963968291824386
9.200681285E8	58.08391337779433
9.278324165E8	44.239621791484616
9.355967045E8	58.12804370205373
9.433609925E8	58.09150171773024
9.511252805E8	49.014534819530496
9.588895685E8	58.1327505371012
9.666538565E8	58.11677696362348
9.744181445E8	58.105869088222384
9.821824325E8	57.917761191773735
9.899467205E8	58.0580287950431
9.977110085E8	58.09235660563266
1.0054752965E9	58.0981692058884
1.0132395845E9	58.13898139488309
1.0210038725E9	58.1764354842143
1.0287681605E9	58.06675507755101
1.0365324485E9	58.08593199359886
1.0442967365E9	58.11531860347686
1.0520610245E9	57.33353553158255
1.0585707465E9	55.91118249782407
1.0624528905E9	57.568764857469034
1.0675896005E9	58.08162097953877
1.0753538885E9	58.2031673392927
1.0831181765E9	58.1143408119026
1.0908824645E9	56.56329435515941
1.0986467525E9	58.16789596416298
1.1064110405E9	58.13684853318733
1.1141753285E9	58.11943008803973
1.1219396165E9	40.700579323128615
1.1297039045E9	58.11725547642018
1.1374681925E9	58.11651298490438
1.1452324805E9	58.07408323996217
1.1529967685E9	58.09166009334894
1.1607610565E9	58.12873237432953
1.1685253445E9	58.171748421587466
1.1762896325E9	58.11854568533924
1.1840539205E9	58.14415272934815
1.1918182085E9	58.10926138635412
1.1995824965E9	58.162645175547325
1.2073467845E9	58.16740822394841
1.2151110725E9	58.091497885300704
1.2228753605E9	57.65794409609839
1.229380904E9	57.22192745223919
1.233263048E9	57.48588714412229
1.2384039365E9	57.46705756853886
1.2461682245E9	58.10041378784588
1.2539325125E9	58.057159564426215
1.2616968005E9	58.018269670507586
1.2694610885E9	58.08441700660755
1.2772253765E9	58.10434990344147
1.2849896645E9	57.478675529250935
1.2927539525E9	28.175360562168173
1.3005182405E9	57.23178676244309
1.3082825285E9	53.515420580988234
1.3160468165E9	58.16504139027464
1.3238111045E9	58.12442842204961
1.3315753925E9	55.01447226317025
1.3393396805E9	58.15413375835912
1.3471039685E9	58.10622320255885
1.3548682565E9	58.08531500129045
1.3626325445E9	58.05806925587747
1.3703968325E9	58.13264697420345
1.3781611205E9	55.4192736328981
1.3859254085E9	57.816109085934244
1.3905789145E9	57.410056629251514
1.3944610585E9	56.35532686002013
1.4014539845E9	50.95485128066404
1.4092182725E9	58.10485448976863
1.4169825605E9	58.12475558789625
1.4247468485E9	58.13979179878266
1.4325111365E9	49.46856915069692
1.4402754245E9	54.461016111248306
1.4480397125E9	58.07025890109343
1.4558040005E9	58.150913494393585
1.4635682885E9	58.055444278783625
1.4713325765E9	58.13427038466221
1.4790968645E9	52.43216507463494
1.4868611525E9	58.1410311787331
1.4946254405E9	58.13472708306274
1.5023897285E9	58.174367627421184
1.5101540165E9	58.1437243994346
1.5179183045E9	58.07964880714843
1.5256825925E9	58.067223650398994
1.5330268245E9	57.928060762670206
1.5369089685E9	56.4556351734205
1.5412111685E9	58.13255471195813
1.5489754565E9	58.11294555880747
1.5567397445E9	58.10257355336852
1.5645040325E9	58.13779490174308
1.5722683205E9	55.31091422351367
1.5800326085E9	25.963563609002104
1.5877968965E9	0.0
1.5955611845E9	18.21378431768018
1.6033254725E9	37.364540983326904
1.6110897605E9	58.13559775214604
1.6188540485E9	57.96802390032142
1.6266183365E9	58.031664984823365
1.6343826245E9	57.9466052749597
1.6421469125E9	58.12287285716527
1.6499112005E9	57.98518424224466
1.6576754885E9	58.14652418747493
1.6654397765E9	58.1333954625111
1.672102775E9	57.041845706209436
1.675984919E9	56.76858407937509
1.6809683525E9	58.036616156968954
1.6887326405E9	58.15874240823199
1.6964969285E9	58.07957448605545
1.7042612165E9	58.07029409081031
1.7120255045E9	43.51071410156056
1.7197897925E9	43.17898621283799
1.7275540805E9	57.788878915342686
1.7353183685E9	58.114785287703356
1.7430826565E9	58.12212625443049
1.7508469445E9	58.053213790082715
1.7586112325E9	57.46540930530837
1.7663755205E9	58.12609878108179
1.7741398085E9	58.14135343868336
1.7819040965E9	58.089798909284184
1.7896683845E9	58.09927026956702
1.7974326725E9	58.03896688737587
1.804997934E9	56.17020545403858
1.808880078E9	43.38883187050669
1.8129612485E9	57.32030127496124
1.8207255365E9	58.10558435178092
1.8284898245E9	58.09310842556253
1.8362541125E9	58.068107268081796
1.8440184005E9	58.114052207390436
1.8517826885E9	58.109532026057956
1.8595469765E9	34.7013084842371
1.8673112645E9	58.01515862119137
1.8750755525E9	58.115049340096704
1.8828398405E9	58.08832478635612
1.8906041285E9	58.129149427297286
1.8983684165E9	56.77934737286727
1.9061327045E9	58.0472169998635
1.9138969925E9	58.09892961473872
1.9216612805E9	58.09582381866572
1.9294255685E9	58.09899655104534
1.9371898565E9	58.070251174592215
1.942419837E9	58.004989029270945
1.946301981E9	57.84282408449209
1.9527184325E9	57.882303224763874
1.9604827205E9	58.097184409476455
1.9682470085E9	58.124926866709025
1.9760112965E9	44.49187934129309
1.9837755845E9	52.3860203431659
1.9915398725E9	58.1576176200617
1.9993041605E9	58.13816401074355
2.0070684485E9	58.10554577075799
2.0148327365E9	58.07927840994796
2.0225970245E9	58.14857788256683
2.0303613125E9	58.09896774484574
2.0381256005E9	58.11278157853715
2.0458898885E9	58.15514479002551
2.0536541765E9	58.198237649096306
2.0614184645E9	58.175101255736045
2.0691827525E9	58.075191519890396
2.0750539395E9	57.81740111833986
2.0789360835E9	0.0
2.0847113285E9	0.0
2.0924756165E9	11.886356921194864
2.1002399045E9	58.101798123527175
2.1080041925E9	58.11576345680581
2.1157684805E9	58.09822094225532
2.1235327685E9	58.095109247364334
2.1312970565E9	57.492032753934296
2.1390613445E9	57.98724753728822
2.1468256325E9	58.131884833152576
2.1545899205E9	58.13538250781177
2.1623542085E9	58.11879470032507
2.1701184965E9	58.153427213799816
2.1778827845E9	58.13198220198218
2.1856470725E9	57.92515378826028
2.1904682635E9	57.839944426865976
2.1943504075E9	0.0
2.2011756485E9	0.0
2.2089399365E9	39.52730519936592
2.2167042245E9	58.12257042190706
2.2244685125E9	58.16102008192514
2.2322328005E9	58.09004394192898
2.2399970885E9	58.15198983929637
2.2477613765E9	58.15076805542301
2.2555256645E9	58.116882654160726
2.2632899525E9	58.14909312868451
2.2710542405E9	58.063793168054325
2.2788185285E9	58.068205390858026
2.2865828165E9	58.09935354208713
2.2943471045E9	57.90373925639003
2.2983401385E9	58.056379841979904
2.3022222825E9	0.0
2.3098756805E9	0.0
2.3176399685E9	26.245787295179312
2.3254042565E9	53.03191909626557
2.3331685445E9	55.519005920803615
2.3409328325E9	57.79193064420349
2.3486971205E9	58.12425852081927
2.3564614085E9	58.114184579878476
2.3642256965E9	58.127316007492674
2.3719899845E9	57.595542681208165
2.3797542725E9	56.288820072686306
2.3875185605E9	57.8341595846868
2.3952828485E9	58.05911136516462
2.399803605E9	54.733980898771776
2.403685749E9	57.83268662491487
2.4108114245E9	58.15702306400214
2.4185757125E9	50.26424321934575
2.4263400005E9	54.39541902857006
2.4341042885E9	39.02974229095287
2.4418685765E9	1.5977497711304913
2.4496328645E9	48.31041529136642
2.4573971525E9	58.13228547304405
2.4651614405E9	58.1583353196363
2.4729257285E9	57.21558432971893
2.4806900165E9	58.073017133641706
2.4876763615E9	57.06593981151925
2.4915585055E9	57.09155814079266
2.4962185925E9	58.06361446899465
2.5039828805E9	57.98498119095103
2.5117471685E9	42.56591848860903
2.5195114565E9	48.67929814841729
2.5272757445E9	55.897234579154684
2.5350400325E9	55.398648463336
2.5428043205E9	58.16762916389705
2.5505686085E9	58.007909515723476
2.5583328965E9	57.84813967051647
2.5660971845E9	58.13804863126488
2.572008666E9	57.63766662033157
2.57589081E9	56.26383741875927
2.5816257605E9	58.081169604754216
2.5893900485E9	30.146755958966065
2.5971543365E9	54.09912403687538
2.6049186245E9	58.10141437646274
2.6126829125E9	58.05399821892438
2.6204472005E9	57.958794716569244
2.6282114885E9	58.08683657387229
2.6359757765E9	58.14494935879146
2.6437400645E9	58.114197592502116
2.6510167485E9	57.85682547005909
2.6548988925E9	48.739163861142586
2.6592686405E9	57.98777163884893
2.6670329285E9	57.8071072966925
2.6747972165E9	58.23067473225763
2.6825615045E9	57.0880861077565
2.6903257925E9	56.26739850726917
2.6980900805E9	58.13778926551271
2.7058543685E9	56.560154225362886
2.7113827085E9	58.05916376511699
2.7152648525E9	58.010573074909914
2.7213829445E9	58.10516513846454
2.7291472325E9	58.12064838754377
2.7369115205E9	41.94670252490169
2.7446758085E9	46.595671458781155
2.7524400965E9	58.159071937477
2.7602043845E9	58.07903485488393
2.7679686725E9	58.08405553598722
2.774661944E9	57.76882983773753
2.778544088E9	0.0
2.7834972485E9	24.609146984124575
2.7912615365E9	53.210461382961356
2.7990258245E9	58.150976391766775
2.8067901125E9	58.151310716976866
2.8145544005E9	57.89574055317688
2.8213097995E9	56.15959114848754
2.8251919435E9	0.0
2.8300829765E9	0.0
2.8378472645E9	38.160892478867076
2.8456115525E9	54.215769236572335
2.8533758405E9	58.14423466147939
2.8611401285E9	58.09513866418495
2.8689044165E9	58.09917433670521
2.8738940415E9	57.52148540147529
2.8777761855E9	56.51027297384104
2.8844329925E9	58.00841905258228
2.8921972805E9	58.12345261339481
2.8999615685E9	58.21181773557827
2.9077258565E9	58.077802477018615
2.9154901445E9	58.07224123884913
2.9232544325E9	56.33015765973208
2.9310187205E9	44.31274696212733
2.9387830085E9	46.502269237962686
2.9465472965E9	55.880106747385966
2.9543115845E9	58.106355842019944
2.9620758725E9	57.755766536404536
2.9698401605E9	57.84383380603589
2.9776044485E9	55.99854387433221
2.9853687365E9	58.12293308830866
2.9931330245E9	56.70844643476493
3.0008973125E9	58.1253871367587
3.0086616005E9	56.85576866783779
3.0164258885E9	56.43008954636231
3.0241901765E9	57.144338709907956
3.029557369E9	53.87974505907971
3.033439513E9	57.38882170630334
3.0397187525E9	40.11612412137282
3.0474830405E9	46.21271158762715
3.0552473285E9	20.355834043888624
3.0630116165E9	0.0
3.0707759045E9	0.0
3.0785401925E9	0.0
3.0853460845E9	5.2920950796961295
3.088278117E9	58.0677391637653
3.088373929E9	49.49915483305346
3.0884774725E9	46.25153672798604
3.0885573295E9	55.1708577304574
3.0886546005E9	27.012391324099795
3.0887081185E9	38.275965188830824
3.0887493115E9	38.63343791597942
3.088858438E9	31.65115782893649
3.088966832E9	51.94155510417337
3.089008063E9	44.15562812114711
3.089109657E9	10.866610625482227
3.089267292E9	7.584730243195275
3.08942189E9	10.026427315111572
3.089604443E9	38.13867942439162
3.089755642E9	46.457993919256005
3.0898220175E9	11.894771359529262
3.0898610755E9	17.24978208548464
3.089968525E9	36.28334338128445
3.0900764725E9	41.93606955825188
3.090141311E9	2.1938471966564834
3.090191469E9	0.5778293395207424
3.090297168E9	37.68860719750644
3.090503609E9	33.78402033939513
3.0907062205E9	50.97967548402745
3.09089898E9	42.69801282162825
3.091013772E9	47.691722236480516
3.091052607E9	55.04111277656273
3.0911587895E9	47.01518110835747
3.091267064E9	9.33280451260356
3.0915130575E9	10.091601289011198
3.092673561E9	24.744529507395928
3.093702736E9	47.67239798551629
3.093935951E9	33.3683219721272
3.094132646E9	30.59410675517374
3.0942642985E9	14.74951551079162
3.094360447E9	49.123201663218424
3.0944711045E9	20.88805666946975
3.0946435155E9	13.117457137545166
3.094747446E9	41.327885419552025
3.0948598115E9	9.374157505907691
3.0950026905E9	39.38965758052594
3.095104297E9	39.63512298284414
3.095190977E9	10.241481140536715
3.0952465895E9	51.36828126677965
3.0952663465E9	34.29682997118156
3.095268566E9	6.950266429840142
3.0952706195E9	17.403947368421054
3.0952723265E9	28.897526501766784
3.0952838005E9	36.08466211085801
3.0952967465E9	16.6030908627351
3.095299555E9	1.0455089820359282
3.0953008775E9	0.0
3.0953027375E9	0.0
3.0953043745E9	0.0
3.095311073E9	23.808405241291148
3.0953361175E9	0.9857949683381825
3.095355552E9	0.9560439560439561
3.0953574645E9	12.342292812054572
3.095360032E9	0.0
3.095361791E9	29.295875898600077
3.095363378E9	26.033246977547496
3.095365611E9	33.45124951443739
3.0953678415E9	0.0
3.095369933E9	50.031088082901555
3.095371677E9	0.0
3.09537289E9	21.97668256491786
3.0953743225E9	0.0
3.095375945E9	25.91604411241551
3.095572656E9	45.15768243993449
3.095769303E9	48.60709682616401
3.0957708065E9	21.889283599763175
3.0957736535E9	49.9019468693891
3.095822105E9	45.61367206582098
3.095924849E9	22.32161421233178
3.095983129E9	48.30844974986665
3.095986364E9	23.34243681845502
3.0959887305E9	45.327904539224384
3.0959909825E9	32.80833922261484
3.095993051E9	44.37343380355735
3.0959946765E9	50.234005037783376
3.096006671E9	39.95843230869183
3.0960870785E9	39.94075031437386
3.0961589785E9	54.75550184121887
3.096165879E9	50.56749642475199
3.096173123E9	50.92122889029443
3.09617898E9	53.387801637165964
3.096183283E9	52.53084372794599
3.096185859E9	31.324630690382875
3.0961883E9	19.313036799106207
3.0961908755E9	21.922725384295806
3.096192456E9	0.9777365491651205
3.096238607E9	45.83357088107777
3.0962848625E9	3.7605321507760534
3.096286263E9	1.435897435897436
3.0962877625E9	44.401235454676055
3.096289947E9	43.12889543125068
3.096292208E9	44.57940663176265
3.0962965075E9	14.907660779940931
3.096315547E9	14.978958324542527
3.0963533005E9	34.280295137087236
3.09637788E9	47.73521262498494
3.096382479E9	53.60145912870666
3.0963879875E9	23.2333267810508
3.0963943185E9	19.70202727607814
3.096398918E9	25.18158676283411
3.0964033365E9	32.440229906374505
3.0964070605E9	35.513017790613084
3.0964084065E9	50.339069471000634
3.0964096105E9	25.237436051760458
3.096411644E9	20.98418575329579
3.0964135175E9	59.25143953934741
3.0964147555E9	0.9901836605446485
3.0964161835E9	44.41818457802064
3.0964174105E9	19.832314446313543
3.096418484E9	25.684056073500532
3.096419946E9	53.43094841930117
3.096422275E9	22.86480345376051
3.0964254675E9	8.801049868766404
3.0964313925E9	1.936637315564017
3.0964360765E9	0.0
3.096437123E9	0.0
3.0964382945E9	0.9757412398921833
3.096440137E9	12.636729994242948
3.096442099E9	0.0
3.096443439E9	25.71186440677966
3.0964449505E9	13.305402329042991
3.0964464985E9	0.0
3.0964475915E9	0.0
3.0964489705E9	0.0
3.0964506065E9	0.0
3.0964522235E9	0.0
3.0964537525E9	23.632075471698112
3.0964552355E9	55.90443686006826
3.09645655E9	0.0
3.0964580005E9	0.9923133235724744
3.0964594605E9	0.8381158635625339
3.096462063E9	41.371245007813854
3.0964647385E9	0.0
3.0964666345E9	0.0
3.0964687875E9	7.3290170688640375
3.096470338E9	42.89970208540218
3.0964722525E9	0.986905281536447
3.096474844E9	0.5564448188711036
3.0964802425E9	55.999524223179236
3.0964880595E9	56.52589522028561
3.0965833285E9	34.03837780903614
3.0967643755E9	52.19148081583403
3.0969348755E9	22.70937748226357
3.097105623E9	38.86867091876292
3.0972741855E9	10.926015848092712
3.0973604055E9	2.7801058831874164
3.097450029E9	8.289350551849838
3.0976374775E9	41.94406624348145
3.0978270425E9	33.41207571615175
3.0979310955E9	38.49873805321164
3.097952041E9	16.940879596250902
3.0979864125E9	54.83462178032582
3.098119023E9	19.186023311942225
3.098265051E9	12.84073827815853
3.098391091E9	50.969437920751744
3.0985448955E9	40.909352625216286
3.0986946915E9	35.50553159273164
3.098783935E9	0.0
3.0988292795E9	31.982036967586392
3.098880847E9	20.6437053912836
3.098919304E9	32.89368209918298
3.0989774605E9	28.531598968982415
3.099052881E9	38.78714764527597
3.0991573655E9	27.23322224783223
3.099319594E9	27.7240143884102
3.0995012675E9	24.336978267197157
3.099670145E9	41.17528749876792
3.09983663E9	0.0
3.0999236415E9	0.0
3.099926258E9	52.49338675627935
3.0999293305E9	53.73307860262009
3.0999317075E9	45.16804605973372
3.099933225E9	48.78286952174638
3.099934473E9	54.36356821589205
3.099935544E9	50.49569536423841
3.099936873E9	53.2341596166361
3.0999392435E9	57.687157425807435
3.0999417715E9	56.04512741859368
3.099944294E9	58.20716844154907
3.099947122E9	59.25
3.099949542E9	1.1768341131808953
3.099951465E9	0.0
3.0999532635E9	56.24858401510384
3.0999548975E9	39.79437465865647
3.099956276E9	0.0
3.0999589355E9	57.63536252428204
3.099961492E9	0.0
3.0999627755E9	46.952845528455285
3.099966206E9	49.61468270602831
3.099971928E9	59.15858939987626
3.0999763185E9	58.14405393347544
3.0999787225E9	0.0
3.099980804E9	0.0
3.099982934E9	53.46244343891403
3.0999846185E9	42.834606569900686
3.0999859675E9	36.210760337927965
3.099987108E9	0.0
3.0999883185E9	39.90736434108527
3.099989888E9	54.91095890410959
3.0999934275E9	56.38446024180736
3.099997199E9	51.61312979473357
3.0999989405E9	13.204225352112676
3.100000503E9	52.19160839160839
3.100002242E9	51.438652482269504
3.100004537E9	48.66565739976144
3.100007437E9	55.69831990010217
3.1000093805E9	5.0
3.1000104305E9	51.28585558852621
3.100011833E9	49.39634332148299
3.1000136915E9	55.055800293685756
3.1000154645E9	52.25980080525535
3.100017134E9	41.20150862068966
3.1000187915E9	48.015325670498086
3.100020568E9	52.37907974847789
3.1000221625E9	0.0
3.1000236955E9	36.13556723609286
3.1000264625E9	33.337191069088185
3.100029677E9	58.05691748231506
3.100031578E9	40.333333333333336
3.1000326205E9	0.0
3.100033658E9	0.0
3.100035464E9	40.61121176884178
3.1000409715E9	41.01598943751826
3.1000479435E9	17.960710941611477
3.100051797E9	51.4720418602606
3.100053416E9	42.372011818426
3.10005829E9	55.172390050778894
3.1000639665E9	25.993550818104087
3.1000665115E9	29.54290951508082
3.100068816E9	50.860561435803035
3.100070957E9	46.64188351920694
3.1000725955E9	35.19111042279697
3.10007379E9	36.0161493358068
3.1000757855E9	57.919417019275976
3.1000785755E9	58.36761399125547
3.1000897445E9	57.37707455009928
3.1001009405E9	58.462004697325554
3.1001076425E9	57.80551880965136
3.1001174535E9	0.0
3.10012562E9	57.88743930336784
3.1001304845E9	58.33096152297076
3.1001326025E9	51.432230522945574
3.100134138E9	27.27636405986141
3.100136976E9	58.85998927120852
3.1001412695E9	57.27641671801628
3.1001454075E9	0.0
3.1001489115E9	0.0
3.1001523505E9	55.79554149875019
3.1001553555E9	46.260929303022735
3.1001569595E9	54.57951127819549
3.1001596515E9	58.378081378081376
3.100164687E9	56.912697576396205
3.100169456E9	58.37510237510237
3.100173756E9	58.179698677754196
3.100178605E9	0.0
3.100182461E9	57.54350808135027
3.1001845245E9	23.292173913043477
3.100186698E9	58.061448722027784
3.1001901715E9	57.65038529934795
3.1001926785E9	48.1124739643601
3.1001942255E9	0.0
3.100196577E9	57.94341055829852
3.100199826E9	57.98110625229496
3.1002050385E9	57.519990040549196
3.1002116325E9	58.65245024355864
3.100215983E9	56.57837169488301
3.100218536E9	1.0
3.1002222875E9	0.0
3.100226716E9	0.0
3.100230998E9	57.74401959842444
3.10023432E9	59.14431673052363
3.100237109E9	30.78331256854246
3.100241596E9	58.205919093487104
3.1002465235E9	0.0
3.100249222E9	0.0
3.1002504975E9	57.450901803607216
3.1002526125E9	57.82204433497537
3.1002555955E9	57.77922569254697
3.1002585615E9	57.394243292524095
3.1002608765E9	59.069965870307165
3.100264232E9	0.0
3.1002683515E9	0.0
3.1002730005E9	58.325252197565675
3.100276567E9	0.0
3.1002785615E9	57.870438836199966
3.1002805655E9	36.01976439396222
3.1002818545E9	0.0
3.100283864E9	0.0
3.100286221E9	0.0
3.1002886105E9	52.07635512993896
3.100297238E9	0.0
3.100308266E9	0.0
3.1003148695E9	9.96913813665319
3.1003201675E9	58.45218698027032
3.100323191E9	55.649782259912904
3.100327556E9	58.61584422385679
3.1003361335E9	58.19868919515653
3.100341505E9	34.85668071912743
3.100343284E9	58.66251133272892
3.1003451525E9	59.0990842339741
3.10034797E9	57.54097637795276
3.1003522945E9	58.202383869889715
3.1003595775E9	56.38859068627451
3.100367519E9	57.735289122866604
3.1003726985E9	58.46749930996412
3.1003758895E9	58.564804951047535
3.1003787135E9	55.06566983228935
3.1003813635E9	0.0
3.100384543E9	58.13941700622397
3.100388122E9	25.75683906606373
3.100390936E9	58.15593195429327
3.1003962175E9	58.680353696620934
3.1004020815E9	58.34389991693648
3.1004062135E9	43.28108052798527
3.100409423E9	58.82170542635659
3.1004119315E9	58.57248524967621
3.100414125E9	0.0
3.100417918E9	58.40352334408623
3.100423028E9	56.96073652856756
3.1004269835E9	57.87467260666291
3.1004299135E9	57.558545603944125
3.100431937E9	0.0
3.100433132E9	0.0
3.100434876E9	0.0
3.1004377605E9	53.72255848465143
3.1004408225E9	58.60440102182584
3.1004441155E9	0.0
3.1004490815E9	58.25670193373128
3.100453243E9	57.09289250650331
3.1004556705E9	56.92364293120171
3.1004587745E9	0.0
3.100461398E9	56.64379947229551
3.100462798E9	35.30217171324045
3.1004649905E9	58.647723382403285
3.100471036E9	0.0
3.1004779445E9	58.07231503315731
3.1004820575E9	36.49863254541903
3.100486718E9	58.65528267961541
3.1004910255E9	0.0
3.10049749E9	0.0
3.1005038655E9	0.0
3.1005113075E9	0.0
3.100520375E9	58.8940889130113
3.100524579E9	55.82112952075539
3.100528576E9	58.93612938905881
3.100533401E9	57.76799988179844
3.1005371995E9	58.702543294570404
3.100540127E9	59.44539812491747
3.100544135E9	0.0
3.1005486665E9	57.187014350011104
3.1005512115E9	56.16236413043478
3.100552639E9	57.59285213735109
3.1005539095E9	0.0
3.1005560785E9	57.61734401831711
3.100558656E9	57.838111595543225
3.100561947E9	54.632359550561794
3.10056789E9	0.0
3.100573138E9	0.0
3.100576513E9	58.006398042129184
3.100580371E9	57.326774855726406
3.100591292E9	11.50774187206489
3.100602639E9	0.0
3.100606305E9	57.71528736060866
3.100608874E9	56.15057808966203
3.1006116575E9	58.01753659649905
3.1006156585E9	57.959511678850085
3.100620518E9	58.47551479494722
3.1006254325E9	58.1861649834659
3.1006312815E9	0.0
3.1006367155E9	42.335828729281765
3.100640534E9	57.82637515368579
3.100643878E9	54.812786844576756
3.100647993E9	0.0
3.1006508345E9	42.05831903945111
3.100653317E9	57.93290630767561
3.1006563755E9	59.49121542980657
3.1006598935E9	58.75050357928662
3.1006649805E9	58.83851198136912
3.1006712605E9	58.986571110492626
3.1006757165E9	0.0
3.100677201E9	27.10284242855975
3.10067847E9	58.93632416787265
3.100683289E9	56.68102691749238
3.1006885805E9	58.047584715212686
3.100691006E9	58.496808510638296
3.1006942785E9	0.0
3.1006969395E9	0.0
3.1006991355E9	44.98291838417148
3.1007016905E9	44.155319822672574
3.100704182E9	0.0
3.100706833E9	40.81426953882836
3.100708945E9	0.0
3.100712266E9	0.0
3.10071577E9	55.46649649010849
3.100717503E9	58.508053122350944
3.100719116E9	58.79577403679278
3.1007206285E9	0.0
3.1007221265E9	52.6840067747399
3.100724699E9	58.12557764770008
3.1007268945E9	57.78364813102628
3.1007289465E9	45.88475694278476
3.1007309285E9	0.0
3.1007330965E9	57.96159154080899
3.1007392415E9	0.0
3.1007470865E9	58.43168443584855
3.1007528755E9	0.0
3.1007561985E9	59.5279307631786
3.1007588475E9	58.843014444058944
3.100761762E9	43.632995951417
3.1007635275E9	0.0
3.100764747E9	1.1965397923875432
3.1007667445E9	39.95011391126665
3.1007691425E9	54.35556262088334
3.100772442E9	58.85234142842504
3.100775528E9	54.23113274804962
3.100781116E9	58.94391165883276
3.10079114E9	57.59939455570935
3.100797975E9	55.30719575462358
3.1008007345E9	56.8882384914496
3.100804877E9	58.7052182261964
3.100809349E9	6.239221393487357
3.1008114985E9	0.0
3.1008137425E9	8.960896668975506
3.1008164375E9	2.0952810727178957
3.100825815E9	17.87271806565856
3.100837982E9	5.3671823409386015
3.100842972E9	55.43977174047885
3.1008451085E9	52.91879669681479
3.10084822E9	54.486200583169456
3.1008510465E9	58.60160233066278
3.100852321E9	0.0
3.1008571395E9	0.0
3.1008619615E9	51.53982300884956
3.1008648315E9	58.36870550651997
3.100868278E9	58.42154811715481
3.100873156E9	54.758384490493896
3.1008795525E9	46.0616428203988
3.100884274E9	36.728227956894465
3.10088846E9	20.362007002784935
3.1008916615E9	11.61460585806959
3.10089384E9	41.14287341916372
3.1008970555E9	57.57420603206659
3.1008998325E9	33.709511568123396
3.100902708E9	42.934912546948254
3.1009063655E9	45.2756889375019
3.1009089965E9	48.84681965658112
3.1009125255E9	34.54030959513988
3.1009156975E9	48.436038550663575
3.100917935E9	43.78633216609904
3.1009210515E9	46.41853660651071
3.1009240305E9	47.82448759626584
3.100926116E9	40.42910610465116
3.1009275335E9	22.143848867645385
3.100928649E9	42.159566022757346
3.1009304855E9	46.77226761126664
3.100935775E9	58.75185778960848
3.1009404825E9	55.642857142857146
3.1009433075E9	15.260288855134773
3.100962012E9	10.165078429865824
3.100979643E9	4.269672250546249
3.1009826315E9	53.58389893963914
3.100986095E9	52.10380533264302
3.100988659E9	34.95397197742979
3.1009913515E9	47.161198881245745
3.100994484E9	56.54874002964636
3.100999235E9	52.09441749258411
3.1010045095E9	53.14991895316967
3.101007663E9	26.375096774193548
3.101009454E9	48.36309523809524
3.1010139635E9	58.00943924486041
3.10102777E9	58.67747201644217
3.101038557E9	52.01823648604484
3.1010399745E9	0.0
3.10104147E9	58.50244167118828
3.101043057E9	0.0
3.101044461E9	0.0
3.101046252E9	45.2543429844098
3.101048543E9	58.859306098677095
3.101051444E9	57.82829958779457
3.101053714E9	0.0
3.101055658E9	0.0
3.1010593945E9	55.99972254976763
3.1010636115E9	58.89791532986137
3.101066684E9	56.46492985971944
3.101069485E9	0.0
3.10107171E9	0.0
3.1010747125E9	58.34883646762414
3.101082788E9	58.39249784132212
3.1010891985E9	58.65288035450517
3.101090371E9	0.0
3.101091454E9	0.0
3.1010926105E9	0.0
3.101093789E9	0.0
3.101094954E9	0.0
3.1010960955E9	0.0
3.1010976565E9	55.03666361136572
3.1010992105E9	36.546341463414635
3.1011004015E9	0.0
3.101103073E9	58.463390523804115
3.101108811E9	57.42302911161863
3.1011134185E9	25.411182386948603
3.1011171035E9	58.56793618116315
3.1011208445E9	33.538648031945236
3.1011223705E9	56.55180751545901
3.1011236055E9	56.98411364209465
3.101126918E9	58.437248467587146
3.101130602E9	26.545598540846694
3.1011321595E9	0.9147286821705426
3.101133927E9	29.969647696476965
3.1011356635E9	0.0
3.1011368845E9	55.51428571428571
3.1011381815E9	0.0
3.10113931E9	47.83118613949356
3.1011404165E9	0.0
3.101141667E9	58.661778185151235
3.101143503E9	53.73668109237427
3.1011454715E9	57.391977299110025
3.101147397E9	58.79370629370629
3.1011501335E9	0.0
3.101157518E9	56.34870765370138
3.1011645045E9	57.420567562049754
3.1011668885E9	27.087233627133774
3.1011686545E9	0.0
3.1011709785E9	55.12852630432415
3.101173445E9	0.0
3.101205684E9	37.79527800780939
3.1012403025E9	34.54697673346624
3.1012453615E9	41.88403545645618
3.1012505225E9	54.08522081746544
3.1012614495E9	38.277195305179724
3.1012739195E9	38.2243857536665
3.101281912E9	52.50051397355909
3.1012871705E9	46.90053251598322
3.101295694E9	48.66033198705279
3.1013044905E9	51.51795282848727
3.1013083555E9	50.50669268341184
3.1013114625E9	48.9259452967612
3.101316135E9	43.88575511101341
3.1013198035E9	29.341854359541248
3.101320917E9	0.0
3.101322018E9	56.32007874015748
3.1013238925E9	16.354385773708973
3.101326703E9	26.597440182611177
3.1013294495E9	6.471038791855641
3.1013318685E9	6.9583286765762455
3.1013343305E9	9.646526967602979
3.101336736E9	10.882667964946446
3.101339303E9	9.646396756814424
3.101342702E9	37.08725600236914
3.101345195E9	56.170212765957444
3.1013472335E9	56.966621253406
3.101349218E9	56.767329132331554
3.1013517465E9	56.3205620814579
3.101354867E9	42.66416269695859
3.1013568785E9	58.24638592080453
3.101370363E9	57.58591834871955
3.1013921985E9	58.189867464944705
3.1014090845E9	57.58738465829414
3.101423574E9	57.712196960679286
3.101436092E9	53.56984459859117
3.1014467775E9	0.0
3.10145676E9	57.42803741500943
3.1014665925E9	57.50877894815352
3.101476343E9	57.026125866050805
3.1014858855E9	55.63833535067261
3.1014950245E9	0.0
3.101503724E9	0.0
3.1015121195E9	42.7541911300888
3.101520406E9	0.0
3.101528602E9	58.258805086792265
3.101536693E9	58.28615009151922
3.1015446345E9	58.23736114429049
3.1015524055E9	57.2922693074069
3.1015601115E9	0.0
3.101567702E9	57.97523921109158
3.1015751255E9	0.0
3.1015823905E9	57.67162088926617
3.101589504E9	33.353575924096205
3.101596546E9	0.0
3.101603554E9	0.0
3.1016105495E9	57.78776427331223
3.101617536E9	25.3420659668848
3.101624424E9	0.0
3.101631085E9	55.510710595798415
3.1016374705E9	57.10375186017966
3.1016435565E9	57.689655172413794
3.1016494765E9	0.0
3.1016553825E9	58.1731162819988
3.101661271E9	0.0
3.1016671275E9	0.0
3.101672916E9	0.0
3.101678576E9	0.0
3.101684071E9	0.0
3.1016894025E9	56.29992737835875
3.1016946505E9	58.29628924145248
3.1016998325E9	59.09999301236811
3.1017049205E9	0.0
3.101709929E9	0.9579230080572964
3.101714835E9	56.34167163949258
3.1017196755E9	54.51431430000714
3.101724499E9	58.96077316657192
3.101729313E9	0.0
3.1017340725E9	57.20889089163614
3.1017387675E9	0.0
3.10174343E9	54.79434277960028
3.1017480095E9	0.0
3.101752486E9	46.302247460011074
3.1017569135E9	56.94579830076716
3.101761326E9	58.185222303637694
3.1017657265E9	0.0
3.101770102E9	0.0
3.101774441E9	0.0
3.1017787455E9	50.95197018104366
3.1017830115E9	57.98865316059473
3.1017872465E9	58.399698547547274
3.1017914715E9	58.15550078422586
3.1017956905E9	0.0
3.1017999035E9	56.73955641382444
3.1018041115E9	53.18884387860082
3.1018082655E9	0.0
3.101812367E9	57.990691476794844
3.101816459E9	0.0
3.101820484E9	56.79100532780614
3.101824445E9	0.0
3.101828395E9	48.91304347826087
3.1018323325E9	55.00939818078072
3.101836262E9	50.860503806011145
3.1018401885E9	0.0
3.10184411E9	49.63752076172935
3.1018480235E9	0.0
3.1018519235E9	1.9123931623931625
3.1018558145E9	52.85585422402551
3.101859689E9	0.0
3.1018635415E9	58.21803321908779
3.101867382E9	0.0
3.1018712145E9	58.324180877059305
3.1018750435E9	0.0
3.10187887E9	59.142857142857146
3.101882693E9	0.0
3.101886508E9	0.0
3.101890313E9	0.0
3.101894113E9	50.08664541729006
3.101897881E9	0.0
3.1019016E9	53.21354667269746
3.1019052995E9	52.42410934266286
3.1019089945E9	0.0
3.1019126835E9	56.06204292956531
3.101916365E9	57.285410718920325
3.1019200355E9	0.0
3.101923674E9	33.94351300170893
3.101927286E9	54.18269298143174
3.1019308945E9	58.21623296158612
3.1019344895E9	56.22238012526975
3.101938072E9	50.66560626452955
3.101941634E9	0.0
3.1019451695E9	57.497662240508696
3.101948697E9	31.959873138444568
3.1019522085E9	58.2004160887656
3.101955703E9	58.588009916610325
3.1019591915E9	58.006553323029365
3.101962651E9	58.164149266992446
3.101966064E9	51.498347862767154
3.1019694465E9	57.83104400949453
3.101972819E9	58.490074192901545
3.101976185E9	57.31648292551761
3.101979541E9	55.71647331786543
3.1019828865E9	54.331761064456856
3.1019862165E9	57.65497239499616
3.1019895175E9	55.27377963737796
3.1019927975E9	58.228122758950406
3.1019960665E9	52.662868110118154
3.1019993255E9	58.662698099818655
3.102002581E9	46.37325433770631
3.102005831E9	58.201673973694696
3.1020090695E9	0.0
3.1020122965E9	0.0
3.1020155165E9	0.0
3.1020187305E9	56.05636288015326
3.1020219335E9	57.178569154693434
3.102025125E9	58.33476202099097
3.102028308E9	56.89021153991963
3.1020314845E9	41.35298283187675
3.102034659E9	0.0
3.1020378305E9	45.23712057230861
3.1020409985E9	60.0
3.102044163E9	0.0
3.102047316E9	49.842916499128805
3.102050456E9	52.3398939901785
3.1020535825E9	57.63849587652266
3.1020566935E9	52.21178656041353
3.102059793E9	53.50459230111521
3.102062879E9	54.589259796806964
3.102065945E9	0.0
3.102068997E9	0.0
3.10207203E9	49.41190649948031
3.1020750435E9	56.62758918296893
3.102078054E9	0.0
3.102081057E9	0.0
3.102084054E9	50.36755768565641
3.102087044E9	55.927452000925285
3.102090025E9	54.13036433271138
3.102092998E9	0.0
3.102095965E9	40.909234507897935
3.1020989315E9	0.0
3.1021018915E9	52.889942161267996
3.1021048445E9	50.350310237849015
3.1021077875E9	58.4578601315003
3.1021107135E9	44.677764222421985
3.10211362E9	57.66555884027102
3.102116511E9	57.592353982300885
3.102119394E9	57.116642008304304
3.1021222725E9	58.646198893362325
3.1021251475E9	46.145152999516206
3.1021280175E9	57.975376196990425
3.1021308845E9	0.0
3.10213375E9	58.417027179964585
3.1021366145E9	57.56573363098889
3.102139476E9	57.68266410569211
3.1021423325E9	45.18904110940151
3.1021451745E9	58.32011199253383
3.1021480035E9	0.0
3.1021508295E9	58.54931118239297
3.102153651E9	58.61127806493836
3.102156467E9	35.69241166855275
3.102159278E9	0.0
3.1021620835E9	0.0
3.10216488E9	0.0
3.102167667E9	56.981198229390365
3.1021704475E9	55.12053082694721
3.102173225E9	55.569158635061214
3.1021759985E9	0.0
3.102178768E9	0.0
3.102181536E9	51.136379355941166
3.102184301E9	52.62919948160702
3.102187055E9	54.886961644194265
3.1021897985E9	55.49111941503472
3.1021925375E9	56.48316885751063
3.10219527E9	49.89390216662944
3.1021979975E9	0.0
3.10220072E9	54.9747187172596
3.102203437E9	58.354661791590495
3.1022061485E9	57.15668481548699
3.1022088545E9	57.907048737894904
3.1022115525E9	0.0
3.102214244E9	57.39774487030584
3.1022169345E9	56.37149396182314
3.102219623E9	52.438541666666666
3.102222305E9	0.0
3.1022249775E9	54.583596992830394
3.1022276455E9	57.777561629327025
3.102230311E9	58.5367943737274
3.10223297E9	0.0
3.1022356195E9	0.0
3.1022382625E9	57.86684651700549
3.1022408995E9	57.148582063572825
3.1022435315E9	0.0
3.1022461615E9	53.087461050821965
3.102248787E9	57.79367051168293
3.1022514095E9	58.30120481927711
3.10225403E9	54.299777025353045
3.102256642E9	56.439001681106944
3.102259246E9	55.211324090644474
3.102261848E9	56.72137710168135
3.1022644475E9	0.0
3.102267045E9	58.63088229323156
3.1022696415E9	0.0
3.1022722365E9	50.21914846841565
3.1022748265E9	0.0
3.102277412E9	39.163090128755364
3.102279996E9	57.873646098616184
3.1022825765E9	57.80119512755688
3.10228515E9	54.20795720494818
3.102287719E9	50.140655634852166
3.102290279E9	0.0
3.1022928285E9	0.0
3.1022953765E9	57.669762972453555
3.1022979235E9	51.38654883507403
3.102300469E9	56.230954206454314
3.1023030085E9	0.0
3.102305542E9	52.96110967341235
3.1023080695E9	54.626040428061835
3.1023105915E9	36.254925720140285
3.10231311E9	58.01172496025437
3.102315624E9	0.0
3.102318134E9	37.710840377921436
3.1023206395E9	12.486995515695067
3.10232314E9	58.87352790578597
3.102325624E9	0.0
3.102328092E9	56.480650248695866
3.1023305565E9	0.0
3.102333018E9	59.22330097087379
3.102335476E9	58.78765774308848
3.1023379295E9	0.0
3.102340372E9	56.06534422403734
3.1023428065E9	0.0
3.1023452395E9	57.31145688170037
3.102347669E9	28.014018691588785
3.102350093E9	47.85602511136243
3.1023525135E9	58.69944058314969
3.1023549305E9	58.119798890429955
3.1023573395E9	57.01202315570729
3.102359743E9	0.0
3.1023621455E9	58.592339092071086
3.102364545E9	57.38412753825566
3.102366941E9	0.0
3.1023693355E9	58.162170075710044
3.1023717265E9	0.0
3.1023741115E9	58.02744487490496
3.102376493E9	57.24783049701341
3.1023788735E9	0.0
3.1023812475E9	59.568527918781726
3.1023836135E9	53.50453078450844
3.102385977E9	57.065946223284
3.1023883325E9	0.0
3.102390676E9	58.25806451612903
3.102393013E9	0.0
3.1023953465E9	43.491517436380775
3.102397678E9	37.822615056385246
3.1024000085E9	58.3728813559322
3.102402335E9	0.0
3.102404656E9	56.53972270298743
3.1024069725E9	57.82836787564767
3.1024092835E9	57.2549137671498
3.1024115905E9	42.48622661122661
3.1024138915E9	56.93827160493827
3.102416183E9	58.277658294754495
3.102418466E9	58.914354644149576
3.1024207435E9	42.04417253904223
3.102423018E9	55.4283915643689
3.1024252855E9	0.0
3.1024275435E9	0.0
3.1024297965E9	52.24063400576369
3.102432045E9	0.0
3.102434287E9	42.42909164475015
3.102436518E9	41.377278710758304
3.1024387395E9	55.65768696542145
3.1024409585E9	0.0
3.102443175E9	0.0
3.102445389E9	58.15049864007253
3.102447597E9	50.804228689251026
3.1024497985E9	57.295373665480426
3.102451997E9	59.64850615114236
3.1024541925E9	58.03911776945485
3.102456381E9	0.0
3.102458562E9	58.99034240561896
3.10246074E9	58.429788893221186
3.102462917E9	58.185005155398436
3.102465094E9	58.32405345211581
3.1024672665E9	57.89175135901678
3.1024694305E9	47.71243015480443
3.102471588E9	0.0
3.1024737375E9	59.003407155025556
3.102475881E9	56.900320773686985
3.1024780205E9	57.83103342532965
3.1024801555E9	0.0
3.102482287E9	0.0
3.1024844155E9	57.39452278620396
3.102486542E9	56.02538339502909
3.102488667E9	0.0
3.1024907905E9	58.28831760494631
3.102492907E9	59.510022271714924
3.1024950155E9	58.1484962406015
3.1024971155E9	56.28724504182724
3.102499209E9	58.96049500237982
3.1025012995E9	0.0
3.1025033865E9	0.0
3.1025054725E9	58.91959938025675
3.1025075575E9	57.49921523490635
3.1025096395E9	0.0
3.102511719E9	48.40887282696741
3.1025137965E9	59.266492388128555
3.10251587E9	55.60472071656479
3.1025179385E9	56.495628738578844
3.102520002E9	58.68607042885201
3.10252206E9	58.64139477682124
3.102524114E9	56.760293518141054
3.1025261605E9	58.33166833166833
3.1025281985E9	57.60019073858218
3.102530234E9	48.568472638170434
3.1025322685E9	57.98980529022777
3.1025343015E9	27.29929248431451
3.102536332E9	0.0
3.102538359E9	0.0
3.102540382E9	50.52946782364448
3.1025424015E9	0.0
3.102544418E9	41.99322242760321
3.10254643E9	56.32066978754051
3.102548438E9	0.0
3.102550444E9	59.01523378114238
3.102552448E9	0.0
3.10255445E9	58.27735644637053
3.102556451E9	58.353601496725915
3.1025584515E9	0.0
3.1025604495E9	56.429771908763506
3.1025624435E9	57.01321928460342
3.102564432E9	57.49271137026239
3.102566415E9	0.0
3.102568394E9	50.960240561309725
3.102570368E9	58.713314541535404
3.1025723375E9	58.33095577746077
3.1025743025E9	56.816307265701056
3.102576264E9	52.152613435199854
3.1025782245E9	51.97930648769575
3.1025801845E9	55.24945918961644
3.1025821415E9	57.64212536898767
3.1025840945E9	58.53317811408615
3.102586044E9	57.57919826652221
3.1025879895E9	58.95024603608529
3.102589933E9	58.14000941767384
3.102591875E9	0.0
3.102593814E9	0.0
3.1025957495E9	57.650126483751706
3.102597681E9	54.62158623269735
3.1025996075E9	0.0
3.1026015315E9	57.004211956521736
3.102603455E9	53.45604326102081
3.102605377E9	0.0
3.1026072965E9	0.0
3.102609213E9	0.0
3.102611128E9	57.15089034676664
3.1026130425E9	52.763741864659295
3.1026149555E9	0.0
3.1026168665E9	57.895368010792986
3.102618775E9	58.28062360801782
3.1026206805E9	0.0
3.102622581E9	58.486632966803896
3.102624475E9	0.0
3.1026263655E9	3.795309168443497
3.1026282545E9	0.0
3.1026301425E9	0.0
3.102632029E9	57.79600429290844
3.102633912E9	0.0
3.102635792E9	54.39904595908632
3.10263767E9	59.354838709677416
3.1026395465E9	58.77584554292756
3.1026414225E9	57.40112378396511
3.1026432975E9	0.0
3.1026451705E9	44.936084931210054
3.102647041E9	0.0
3.1026489085E9	55.85522689693184
3.102650774E9	56.04584527220631
3.102652639E9	57.80316800830953
3.102654504E9	0.0
3.1026563675E9	0.0
3.1026582295E9	57.14225765841376
3.10266009E9	0.0
3.1026619475E9	7.794871794871795
3.1026638035E9	0.0
3.1026656585E9	58.228367339722055
3.1026675105E9	47.98483812129503
3.10266936E9	37.95015344918584
3.102671209E9	40.33005780346821
3.102673057E9	57.59678640041916
3.1026749E9	8.478991596638656
3.1026767365E9	0.0
3.102678564E9	55.71143463170073
3.102680382E9	58.068506184586106
3.102682195E9	49.644174757281554
3.1026840045E9	55.38888999028568
3.1026858125E9	58.73942764453713
3.10268762E9	0.0
3.102689427E9	57.29554577549935
3.1026912315E9	0.0
3.102693033E9	59.09056460780599
3.1026948335E9	44.01833333333333
3.102696631E9	44.61567945265909
3.1026984255E9	57.80068728522337
3.1027002185E9	0.0
3.1027020085E9	0.0
3.1027037955E9	58.11764705882353
3.1027055795E9	0.0
3.1027073615E9	32.348759221998655
3.102709143E9	45.71288766368022
3.102710924E9	43.7957528957529
3.102712704E9	53.6300783564891
3.102714482E9	0.0
3.1027162525E9	0.0
3.1027180155E9	56.12397960883617
3.102719774E9	56.18427965245504
3.102721526E9	48.95159728944821
3.102723274E9	55.55190220255032
3.1027250205E9	26.275243787354515
3.102726766E9	0.0
3.1027285105E9	51.59153753363645
3.1027302535E9	55.60553260283815
3.1027319945E9	0.0
3.1027337345E9	0.0
3.1027354725E9	12.412613981762918
3.102737208E9	56.51124625929144
3.1027389415E9	0.0
3.1027406735E9	14.503759398496241
3.1027424045E9	56.731057527318704
3.102744133E9	57.267618824631235
3.1027458575E9	0.0
3.1027475775E9	0.0
3.1027492945E9	57.92117623034511
3.1027510075E9	24.491667695346255
3.1027527165E9	53.74976503759399
3.102754424E9	58.26936231663753
3.1027561305E9	58.17232375979112
3.102757836E9	0.0
3.1027595405E9	53.76394019349164
3.102761242E9	0.0
3.1027629405E9	58.58982748364069
3.102764638E9	56.65730847919982
3.102766335E9	58.389799666678
3.102768031E9	58.19143363687646
3.102769726E9	0.0
3.10277142E9	56.75657763271831
3.10277311E9	57.91738979521
3.1027747965E9	46.9908082725547
3.1027764795E9	58.02514792899408
3.102778159E9	52.784100857993344
3.102779838E9	54.03226539422858
3.1027815165E9	56.98057194734453
3.1027831925E9	34.856245191074635
3.1027848665E9	0.0
3.102786539E9	0.0
3.102788209E9	0.0
3.102789876E9	54.774263904034896
3.10279154E9	46.20268280713234
3.1027932E9	58.56183782649743
3.102794855E9	0.0
3.1027965075E9	0.0
3.1027981585E9	0.0
3.102799808E9	52.578512396694215
3.102801457E9	0.0
3.1028031015E9	58.275775144945804
3.1028047405E9	0.0
3.1028063775E9	57.43899924393429
3.1028080115E9	59.28387650085763
3.102809643E9	40.27243816254417
3.1028112735E9	0.0
3.102812902E9	0.0
3.1028145275E9	56.76626672819566
3.102816148E9	40.197790449037775
3.1028177645E9	57.822812542790636
3.10281938E9	0.0
3.102820993E9	58.82379758377023
3.102822604E9	59.16251213985108
3.1028242125E9	0.0
3.102825818E9	52.0757758968158
3.102827423E9	0.0
3.1028290255E9	57.775043635011016
3.1028306245E9	4.705882352941177
3.1028322225E9	57.4510595358224
3.10283382E9	50.15301928548846
3.1028354165E9	40.047634530970576
3.102837012E9	0.0
3.1028386055E9	54.711642542479545
3.102840196E9	0.0
3.102841783E9	0.0
3.102843365E9	57.105427323767934
3.1028449435E9	38.18755608734669
3.102846521E9	0.0
3.102848098E9	0.0
3.102849675E9	57.9215930304916
3.1028512515E9	0.0
3.102852827E9	0.0
3.1028544015E9	58.375644028103046
3.1028559745E9	53.70710007743241
3.102857546E9	0.0
3.102859113E9	0.0
3.102860675E9	52.427375971309026
3.102862236E9	56.95578428219149
3.1028637965E9	55.99320652173913
3.1028653565E9	57.97450782433115
3.1028669135E9	57.92532987357147
3.1028684665E9	0.0
3.1028700165E9	51.54737559645535
3.1028715635E9	0.0
3.102873107E9	58.75081327260898
3.1028746455E9	59.35671542553192
3.10287618E9	57.17248356095094
3.1028777125E9	37.51549214584234
3.1028792445E9	0.0
3.1028807755E9	0.0
3.102882304E9	50.11420947298199
3.1028838305E9	57.91134485349362
3.1028853555E9	48.72727272727273
3.102886879E9	55.47285143237841
3.102888402E9	0.0
3.1028899245E9	49.97160603371783
3.1028914465E9	59.16111850865513
3.102892967E9	58.370915784629545
3.102894483E9	0.0
3.1028959935E9	0.0
3.1028975015E9	0.0
3.102899008E9	0.0
3.102900512E9	0.0
3.1029020115E9	58.59301474432709
3.102903505E9	51.68626825181521
3.1029049955E9	56.133300215267425
3.1029064855E9	58.31142001382382
3.102907974E9	50.6221370477704
3.1029094605E9	58.04117647058823
3.102910946E9	57.98179918139859
3.1029124305E9	35.01062427297402
3.102913914E9	47.841720609730636
3.102915395E9	57.0844327176781
3.102916874E9	57.12593516209476
3.1029183515E9	59.34478527607362
3.102919827E9	47.78122782114975
3.1029213005E9	0.0
3.102922771E9	54.96416376595392
3.1029242395E9	0.0
3.102925707E9	58.46153846153846
3.102927173E9	47.78355586788475
3.1029286375E9	58.94616503845354
3.102930101E9	0.0
3.102931564E9	55.33572710951526
3.102933025E9	56.78022010619679
3.102934484E9	58.10741773938762
3.1029359425E9	49.96217105263158
3.1029374005E9	59.62264150943396
3.1029388565E9	57.069370797572844
3.102940308E9	0.0
3.102941757E9	0.0
3.1029432055E9	52.21906330564308
3.1029446525E9	0.0
3.1029460965E9	54.72759226713533
3.102947538E9	57.87405516835182
3.1029489785E9	56.733347704246604
3.102950418E9	0.0
3.102951856E9	0.0
3.1029532925E9	59.043668122270745
3.102954725E9	52.87034959805571
3.102956154E9	0.0
3.102957582E9	0.0
3.1029590085E9	0.0
3.102960434E9	56.317638791286015
3.1029618585E9	59.743276283618584
3.1029632825E9	35.12903225806452
3.102964706E9	0.0
3.102966129E9	0.0
3.102967552E9	27.016102530397635
3.1029689705E9	0.0
3.1029703845E9	0.0
3.102971798E9	0.0
3.102973211E9	25.04895104895105
3.1029746225E9	0.0
3.102976032E9	0.0
3.102977441E9	0.0
3.1029788485E9	51.015986677768524
3.102980254E9	56.477500252806145
3.102981659E9	44.05512536873157
3.1029830635E9	53.025338928340865
3.1029844675E9	30.691408511870296
3.1029858705E9	54.8792270531401
3.1029872725E9	39.03826086956522
3.1029886745E9	49.24276277443171
3.1029900765E9	56.64342774146696
3.1029914775E9	51.21027110425391
3.1029928765E9	0.0
3.1029942735E9	0.0
3.102995669E9	0.0
3.1029970635E9	56.12270893371758
3.102998457E9	0.0
3.102999849E9	58.187210379981465
3.103001239E9	47.92490118577075
3.103002628E9	57.72171302149178
3.1030040165E9	58.80677444187837
3.103005404E9	0.0
3.1030067895E9	57.89880391086406
3.103008172E9	58.54923232508964
3.103009553E9	24.15276558384548
3.103010933E9	59.1189614811662
3.103012311E9	0.0
3.1030136875E9	57.950736215538846
3.1030150635E9	59.37874659400545
3.103016439E9	0.0
3.1030178135E9	7.754601226993865
3.1030191865E9	57.04266849383331
3.103020558E9	43.67908101571947
3.1030219285E9	0.0
3.1030232985E9	39.80049413218036
3.1030246665E9	0.0
3.103026031E9	56.20525059665871
3.1030273925E9	0.0
3.1030287505E9	0.0
3.103030106E9	58.53874538745387
3.103031461E9	58.71546961325967
3.1030328145E9	44.247674241268875
3.103034163E9	52.076381024285894
3.1030355075E9	0.0
3.1030368515E9	58.875
3.1030381945E9	47.032902905388625
3.1030395365E9	57.72009382329945
3.1030408755E9	57.88609543355567
3.1030422105E9	0.0
3.1030435445E9	0.0
3.103044878E9	45.158561539466234
3.1030462105E9	58.30662520928008
3.1030475405E9	58.017353315939566
3.1030488685E9	59.10077519379845
3.1030501965E9	58.06949806949807
3.103051524E9	55.336143308746045
3.10305285E9	58.98483849703362
3.1030541735E9	0.0
3.1030554945E9	56.92101187403201
3.103056814E9	0.0
3.1030581325E9	53.02504911591355
3.103059449E9	56.532578508865626
3.1030607635E9	0.0
3.103062077E9	53.73685078318219
3.10306339E9	57.74635818337618
3.1030647025E9	57.18634072101208
3.1030660135E9	49.23685995252628
3.103067323E9	0.0
3.103068632E9	57.71528751753156
3.10306994E9	59.23659076638356
3.103071247E9	49.42234184610249
3.103072553E9	0.0
3.1030738575E9	0.0
3.103075161E9	55.653335217637085
3.1030764635E9	57.40630607536529
3.1030777655E9	58.94009216589862
3.103079067E9	56.93620718186331
3.103080368E9	0.0
3.1030816685E9	51.86903137789904
3.103082968E9	39.48147306205956
3.103084266E9	24.907941325240262
3.103085562E9	45.40013586956522
3.1030868565E9	0.0
3.10308815E9	56.52892561983471
3.103089442E9	0.0
3.103090733E9	37.44891580386794
3.103092023E9	58.10216110019646
3.1030933115E9	0.0
3.1030945995E9	36.492444444444445
3.103095887E9	0.0
3.103097174E9	43.36780797740911
3.103098461E9	0.0
3.1030997475E9	0.0
3.103101032E9	0.0
3.103102314E9	55.46685581635285
3.103103593E9	57.240905971173646
3.1031048685E9	0.0
3.1031061405E9	59.18692706257473
3.103107409E9	59.30404120076091
3.1031086755E9	57.5662368112544
3.1031099385E9	0.0
3.103111198E9	16.95261066969353
3.1031124565E9	0.0
3.1031137145E9	0.0
3.1031149725E9	58.40033567774936
3.1031162295E9	5.082164328657314
3.103117485E9	59.274486094316806
3.1031187395E9	58.20816653322658
3.1031199935E9	0.0
3.103121247E9	0.0
3.1031224985E9	0.0
3.103123748E9	0.0
3.1031249965E9	0.0
3.1031262445E9	55.88286713286713
3.103127492E9	49.991980753809145
3.1031287365E9	57.22246696035242
3.1031299785E9	54.39514245679589
3.10313122E9	16.663366336633665
3.103132461E9	0.0
3.103133702E9	59.29003418353931
3.103134942E9	57.76249205340115
3.1031361805E9	0.0
3.103137418E9	0.0
3.1031386545E9	0.0
3.10313989E9	0.0
3.1031411245E9	0.0
3.1031423585E9	0.0
3.1031435925E9	56.95162569389373
3.103144826E9	41.66062958171626
3.1031460585E9	54.67651262505955
3.1031472905E9	51.41579731743666
3.103148522E9	0.0
3.1031497525E9	56.77372500488504
3.1031509815E9	49.051094890510946
3.103152209E9	55.53846153846154
3.103153436E9	57.729628764884424
3.1031546625E9	51.30232258064516
3.1031558875E9	0.0
3.1031571115E9	0.0
3.1031583335E9	0.0
3.1031595535E9	0.0
3.103160773E9	58.07552535945647
3.103161991E9	47.56704843712718
3.1031632075E9	55.6708479678876
3.103164423E9	0.0
3.1031656375E9	57.50566893424036
3.1031668515E9	56.8739080896316
3.1031680655E9	32.8972384599879
3.103169279E9	58.14553990610329
3.1031704915E9	59.00917431192661
3.103171702E9	55.368304396010345
3.1031729105E9	57.80538065254722
3.103174118E9	0.0
3.103175325E9	0.0
3.103176532E9	0.0
3.1031777385E9	0.0
3.1031789445E9	0.988795518207283
3.10318015E9	0.0
3.103181355E9	0.0
3.1031825595E9	27.00581395348837
3.1031837635E9	0.0
3.1031849675E9	0.0
3.103186171E9	55.75757575757576
3.103187373E9	50.37489700631695
3.103188574E9	58.856685348278624
3.1031897745E9	58.052893829053275
3.1031909745E9	0.0
3.103192174E9	56.769356597600876
3.1031933725E9	0.0
3.10319457E9	47.49280177187154
3.1031957665E9	57.4830852503383
3.103196962E9	0.0
3.1031981565E9	56.33272787318362
3.1031993505E9	0.0
3.103200543E9	58.793476928107246
3.103201733E9	44.619309262166404
3.1032029205E9	0.0
3.1032041065E9	0.0
3.1032052915E9	49.44792655903767
3.103206475E9	58.16129032258065
3.103207658E9	0.0
3.1032088405E9	0.0
3.103210022E9	0.0
3.103211203E9	19.400470449867687
3.103212384E9	59.2235801581596
3.103213565E9	59.74386339381003
3.103214745E9	0.0
3.1032159235E9	59.234693877551024
3.1032171015E9	0.0
3.103218279E9	0.0
3.103219456E9	59.778051787916155
3.10322063E9	0.0
3.103221801E9	34.61295296838859
3.103222972E9	55.78165190054301
3.1032241425E9	0.0
3.1032253125E9	48.01450443190975
3.103226481E9	56.192893401015226
3.103227648E9	29.096316964285716
3.103228815E9	0.0
3.103229981E9	0.0
3.103231146E9	0.0
3.1032323095E9	54.88542621448212
3.103233469E9	58.57042991960853
3.1032346255E9	0.0
3.1032357815E9	55.91847946200234
3.1032369365E9	59.06432748538012
3.1032380905E9	24.176915322580644
3.103239243E9	0.0
3.103240394E9	0.0
3.1032415445E9	57.60260328239955
3.1032426945E9	58.17527442864855
3.103243843E9	51.27185398655139
3.10324499E9	49.86272569873856
3.1032461365E9	57.146282973621105
3.1032472815E9	55.964154786150715
3.1032484255E9	21.05704697986577
3.103249569E9	59.66013071895425
3.1032507115E9	58.76842105263158
3.103251853E9	0.0
3.103252994E9	58.96402877697842
3.1032541345E9	0.0
3.1032552735E9	54.966789445081815
3.1032564095E9	58.74741913282863
3.1032575435E9	39.408855664174816
3.1032586765E9	58.72641509433962
3.103259808E9	47.881961983251365
3.103260939E9	29.240579172080935
3.1032620695E9	0.0
3.103263198E9	26.27849927849928
3.1032643245E9	59.026621160409555
3.1032654495E9	59.03914590747331
3.1032665725E9	0.0
3.1032676945E9	0.0
3.103268816E9	50.989868506143566
3.103269936E9	0.0
3.103271055E9	0.0
3.103272174E9	58.66184448462929
3.103273293E9	58.65951742627346
3.1032744115E9	31.25925925925926
3.1032755285E9	59.42259414225941
3.1032766445E9	20.60872418620931
3.10327776E9	0.0
3.103278875E9	59.45160534333255
3.10327999E9	58.792884371029224
3.1032811045E9	26.789473684210527
3.103282218E9	58.415335463258785
3.103283331E9	55.05182401753562
3.1032844425E9	9.333333333333334
3.1032855525E9	56.42599277978339
3.103286662E9	56.88126396425152
3.1032877705E9	51.35383203304268
3.103288878E9	56.1647685525349
3.103289985E9	30.913272266614694
3.103291092E9	34.369369369369366
3.103292199E9	43.33539944903581
3.1032933055E9	0.0
3.10329441E9	45.11818943839061
3.103295513E9	48.63277970432561
3.103296616E9	57.39415062888317
3.1032977175E9	39.77965182493627
3.103298817E9	0.0
3.1032999155E9	58.88380386329866
3.103301013E9	0.0
3.1033021095E9	0.0
3.1033032055E9	46.71390532544379
3.1033043005E9	30.72570194384449
3.103305394E9	0.0
3.1033064855E9	0.0
3.1033075745E9	59.3928513138567
3.103308662E9	0.0
3.1033097485E9	58.63013698630137
3.103310834E9	0.0
3.1033119185E9	0.0
3.1033130025E9	52.20141342756184
3.1033140865E9	59.656160458452725
3.1033151705E9	0.0
3.103316254E9	0.0
3.103317337E9	0.0
3.1033184195E9	0.0
3.1033195015E9	58.27265685515105
3.103320583E9	57.83533765032377
3.103321664E9	54.90430622009569
3.103322744E9	58.72461567659897
3.1033238215E9	58.47697756788666
3.1033248965E9	59.19639196391964
3.10332597E9	37.996968548692685
3.103327043E9	0.0
3.103328115E9	58.90598862495818
3.103329185E9	39.00246305418719
3.103330253E9	34.907411031147255
3.10333132E9	0.0
3.103332387E9	46.693014152363745
3.1033334535E9	38.42292030250145
3.103334519E9	59.184367034834324
3.103335584E9	0.0
3.103336649E9	0.0
3.103337714E9	0.0
3.103338779E9	45.4112676056338
3.1033398435E9	58.1438554627578
3.1033409075E9	20.532746823069402
3.1033419715E9	0.0
3.103343035E9	0.0
3.1033440975E9	0.0
3.1033451595E9	0.0
3.1033462215E9	57.83256880733945
3.103347283E9	59.0085375929496
3.1033483435E9	57.36710667142348
3.103349402E9	57.875322759129475
3.103350459E9	0.0
3.1033515155E9	40.36606189967983
3.103352571E9	0.0
3.103353626E9	58.67627194957227
3.103354681E9	46.34951738574253
3.103355736E9	56.25229357798165
3.1033567905E9	58.114525139664806
3.103357843E9	45.443201263656704
3.1033588935E9	0.8770053475935828
3.1033599435E9	0.0
3.103360993E9	0.0
3.1033620415E9	57.8955223880597
3.103363089E9	0.0
3.1033641355E9	0.0
3.1033651815E9	52.051425377305755
3.1033662275E9	57.90902825637492
3.103367273E9	0.0
3.103368318E9	0.0
3.103369363E9	57.288059365864626
3.1033704075E9	0.0
3.1033714505E9	0.0
3.103372492E9	0.0
3.103373532E9	0.0
3.103374571E9	54.96246246246246
3.1033756095E9	0.0
3.1033766465E9	54.07349491790461
3.1033776825E9	0.0
3.103378718E9	59.47826086956522
3.103379753E9	15.283233532934132
3.103380787E9	0.0
3.1033818195E9	48.69002360541682
3.103382851E9	0.0
3.103383882E9	43.12308092635961
3.103384913E9	58.023787740164686
3.103385942E9	57.300337457817776
3.103386969E9	0.0
3.1033879955E9	0.0
3.1033890215E9	0.0
3.1033900465E9	9.392295597484276
3.1033910705E9	52.99358151476252
3.1033920935E9	52.28207259628706
3.1033931155E9	58.35654596100279
3.103394137E9	46.90815074496056
3.1033951575E9	0.0
3.103396177E9	0.0
3.1033971955E9	58.05054151624549
3.1033982135E9	2.480952380952381
3.1033992315E9	58.83594692400482
3.1034002485E9	0.0
3.1034012615E9	59.48993288590604
3.1034022715E9	58.9860990443093
3.103403281E9	59.46481665014866
3.1034042895E9	0.0
3.103405297E9	58.605633802816904
3.1034063035E9	0.0
3.103407309E9	57.48816346872664
3.103408314E9	0.0
3.1034093185E9	0.0
3.1034103225E9	0.0
3.103411326E9	0.0
3.103412329E9	0.9026402640264026
3.103413332E9	58.18613485280152
3.103414335E9	43.0249500998004
3.1034153375E9	57.57497747457845
3.1034163395E9	0.0
3.1034173405E9	0.0
3.1034183405E9	41.158125915080525
3.1034230195E9	58.86914378029079
3.1034311645E9	36.262617611999026
3.1034385535E9	46.34623082054703
3.103444272E9	53.8524037563469
3.103448588E9	57.801899499222934
3.103452529E9	10.336456840480652
3.1034563265E9	57.635351502957135
3.103460075E9	35.216075060932035
3.1034637975E9	46.03942958836989
3.103467461E9	50.852523127236964
3.103471038E9	54.61658839357197
3.1034745565E9	38.88703114596434
3.10347799E9	57.148997528151604
3.1034813295E9	26.326244021573217
3.103484605E9	52.886289775365164
3.1034878305E9	47.74890183346066
3.1034910465E9	45.792270566942804
3.1034942485E9	55.38171543895056
3.1034973905E9	51.60527859237536
3.10350048E9	58.18304805258146
3.1035035475E9	56.84057627787646
3.103506574E9	57.317448116833205
3.1035095785E9	53.62106953978573
3.10351256E9	39.399314481576695
3.1035155065E9	42.99046847138921
3.10351844E9	53.850175374939525
3.10352132E9	18.038630377524143
3.1035241305E9	49.04296296296296
3.103526902E9	58.83710407239819
3.103529649E9	49.80931599262788
3.103532388E9	42.18709509109092
3.1035351035E9	54.978702320559655
3.103537785E9	26.277746668159928
3.1035404345E9	49.812986901806354
3.1035429975E9	48.89990414897987
3.103545488E9	21.910417792364598
3.1035479665E9	55.55453220744283
3.1035504075E9	51.81120647524285
3.103552812E9	17.97982918408141
3.1035551875E9	51.848387096774196
3.103557535E9	53.55642680170982
3.1035598595E9	59.58423559982676
3.1035621585E9	41.29812076059157
3.103564445E9	50.9878817034339
3.103566722E9	25.43645964872001
3.103568983E9	58.08412243999119
3.103571211E9	48.18891361386961
3.1035734005E9	35.65213770127707
3.103575568E9	58.8473466574776
3.103577725E9	49.56721991701245
3.103579877E9	52.957393483709275
3.103582016E9	52.047003525264394
3.1035841385E9	43.68678476250196
3.103586253E9	45.79452614379085
3.1035883585E9	54.94261413020984
3.1035904405E9	58.23490280138961
3.1035925065E9	48.604016477857876
3.103594569E9	0.0
3.103596622E9	28.445969125214408
3.1035986655E9	55.82943332393572
3.1036007005E9	22.954985914367345
3.1036027275E9	51.10497647932657
3.10360474E9	0.0
3.1036067365E9	34.953126868348676
3.103608723E9	3.5112414467253177
3.103610703E9	0.0
3.103612671E9	57.133913590604024
3.103614626E9	57.38298509249835
3.1036165745E9	0.0
3.1036185145E9	48.9563908528502
3.1036204485E9	44.43940375891121
3.1036223555E9	52.659944367176635
3.1036242355E9	33.04409699877143
3.1036261095E9	0.0
3.103627955E9	0.0
3.103629772E9	49.80325644504749
3.103631583E9	53.62929061784897
3.1036333895E9	57.4921875
3.10363519E9	55.72055427251732
3.103636984E9	0.0
3.10363877E9	56.77662582469369
3.1036405435E9	57.16326279527559
3.1036423085E9	3.822714681440443
3.103644062E9	0.0
3.103645804E9	37.75699067909454
3.103647529E9	40.030119102153
3.1036492365E9	53.29363570819952
3.10365094E9	51.268956289027656
3.103652635E9	51.98737392061534
3.1036543025E9	0.0
3.103655946E9	57.141221542119865
3.103657586E9	0.0
3.1036592235E9	57.672025221625674
3.1036608575E9	47.08766764802093
3.103662488E9	43.9568290059917
3.103664114E9	0.0
3.1036657365E9	57.14823223234309
3.1036673585E9	50.61764705882353
3.103668979E9	57.91268758526603
3.1036705915E9	37.19434628975265
3.103672191E9	0.0
3.1036737835E9	51.80605632143278
3.1036753585E9	46.2551766138855
3.10367691E9	55.107948294829484
3.1036784535E9	48.79370885149964
3.1036799945E9	54.810613065326635
3.103681529E9	59.03589743589744
3.1036830525E9	52.140708327635714
3.103684569E9	45.155367231638415
3.103686083E9	38.05379310344828
3.103687593E9	58.60217439538496
3.1036890985E9	58.61645887585555
3.1036906E9	38.73328616908383
3.103692097E9	53.583229813664595
3.103693592E9	0.0
3.1036950855E9	50.98744151686777
3.1036965775E9	50.108744475838584
3.103698068E9	0.0
3.103699555E9	48.921037463976944
3.103701039E9	58.773915656616246
3.103702517E9	0.0
3.1037039885E9	0.0
3.103705455E9	56.51994647486828
3.1037069165E9	46.64138535729943
3.1037083755E9	52.58888581697539
3.1037098325E9	4.872340425531915
3.103711287E9	2.7432432432432434
3.103712735E9	40.88946414703598
3.103714177E9	0.0
3.1037156105E9	0.0
3.103717036E9	47.21508255243195
3.1037184575E9	0.956989247311828
3.103719873E9	11.167572911517547
3.103721286E9	0.0
3.1037226985E9	28.866647548035562
3.103724108E9	0.0
3.1037255145E9	48.69363064879611
3.1037269155E9	38.77010779436153
3.1037283085E9	48.78850758180367
3.1037296945E9	39.83347810535997
3.1037310735E9	58.69186046511628
3.103732449E9	0.0
3.103733822E9	32.117174515235455
3.103735191E9	0.0
3.1037365565E9	47.403377594430836
3.1037379165E9	45.14381982621032
3.103739272E9	58.345588235294116
3.1037406255E9	57.97576154602031
3.1037419765E9	0.0
3.1037433245E9	55.66584280771132
3.10374467E9	41.18810408921933
3.1037460125E9	50.96174863387978
3.1037473475E9	44.69797570850202
3.103748677E9	0.0
3.1037500035E9	0.0
3.1037513235E9	40.05830388692579
3.103752635E9	58.64211737629459
3.1037539405E9	32.97315130830489
3.1037552445E9	55.959527057753526
3.103756548E9	0.0
3.10375785E9	0.0
3.1037591505E9	43.29199037093774
3.103760449E9	48.118562231759654
3.1037617455E9	57.824074074074076
3.1037630385E9	41.11385839024812
3.1037643255E9	18.28887103254319
3.1037656085E9	35.16853002070393
3.10376689E9	44.46621905161561
3.1037681705E9	0.9811764705882353
3.10376945E9	0.0
3.1037707255E9	52.94834384858044
3.103771995E9	58.79194630872483
3.103773262E9	0.0
3.1037745285E9	0.0
3.1037757935E9	36.68973747016707
3.1037770575E9	10.414130434782608
3.1037783215E9	0.0
3.103779585E9	12.7984496124031
3.103780841E9	43.527312454479244
3.1037820855E9	0.0
3.103783325E9	39.871317088708395
3.103784562E9	50.543224637681156
3.103785797E9	53.07880486961865
3.103787031E9	0.0
3.1037882635E9	58.067188219052
3.1037894945E9	49.32262266608771
3.1037907225E9	58.384991843393145
3.103791947E9	0.0
3.1037931655E9	0.0
3.103794379E9	58.78343399482312
3.103795591E9	56.69961323592609
3.103796801E9	0.0
3.1037980065E9	0.0
3.103799207E9	58.42922644579204
3.103800405E9	25.495073891625616
3.1038016E9	55.81755593803786
3.103802792E9	0.0
3.103803981E9	0.0
3.1038051675E9	41.797775683317624
3.1038063525E9	0.4959481361426256
3.1038075365E9	0.0
3.1038087195E9	4.489141164856861
3.1038099E9	57.62993762993763
3.103811076E9	0.0
3.103812247E9	0.0
3.103813415E9	44.967683296303775
3.1038145815E9	57.2761329305136
3.103815747E9	0.0
3.1038169115E9	0.0
3.103818075E9	0.0
3.1038192355E9	50.29567408651827
3.1038203935E9	17.078167115902964
3.103821551E9	0.0
3.103822708E9	31.42562277580071
3.103823865E9	43.78406807705945
3.103825021E9	0.0
3.1038261755E9	12.115550755939525
3.103827327E9	39.270535714285714
3.1038284755E9	43.26923076923077
3.1038296235E9	38.617172211350294
3.1038307705E9	0.0
3.1038319155E9	59.64071856287425
3.1038330575E9	58.72832369942196
3.1038341955E9	59.8159509202454
3.1038353305E9	0.0
3.103836464E9	47.35787119856887
3.103837595E9	51.17069278200943
3.103838723E9	0.0
3.10383985E9	0.0
3.1038409725E9	36.89226854570366
3.1038420865E9	57.82219159200552
3.1038431935E9	54.135490948985186
3.1038442975E9	57.76970922096097
3.1038454E9	48.593425187333814
3.1038464995E9	0.9567979669631512
3.1038475965E9	25.626794258373206
3.1038486915E9	47.184724689165186
3.103849784E9	45.78160556257902
3.103850874E9	0.0
3.1038519615E9	59.43241020016452
3.103853047E9	25.065758401453223
3.1038541315E9	58.328173374613
3.103855215E9	49.207654231558614
3.103856298E9	0.0
3.103857379E9	58.54545454545455
3.1038584565E9	0.0
3.103859529E9	0.9821763602251408
3.1038605975E9	0.9617447264926707
3.103861665E9	0.9289473684210526
3.103862732E9	0.0
3.103863799E9	58.73309138898053
3.103864864E9	0.0
3.1038659265E9	56.10488372093023
3.103866987E9	28.753596634093377
3.1038680455E9	32.608333333333334
3.1038691035E9	28.81051175656985
3.10387016E9	0.0
3.1038712145E9	0.0
3.1038722685E9	0.0
3.103873322E9	0.0
3.103874375E9	0.0
3.1038754275E9	43.568488846999685
3.103876479E9	0.0
3.103877529E9	14.599719101123595
3.103878577E9	4.866666666666666
3.1038796225E9	0.9882659713168188
3.103880666E9	37.88683199441146
3.103881709E9	49.44946882862734
3.1038827515E9	20.80463871543265
3.1038837935E9	14.823785351704133
3.103884835E9	0.0
3.1038858755E9	34.13202400436443
3.103886915E9	0.0
3.1038879535E9	0.0
3.103888991E9	6.583791895947974
3.103890028E9	59.550561797752806
3.103891064E9	31.903197044962425
3.103892095E9	57.15257048092869
3.103893119E9	53.47647392290249
3.10389414E9	51.72281206378749
3.10389516E9	35.87205257054503
3.103896179E9	51.47193308550186
3.1038971965E9	0.0
3.1038982115E9	0.0
3.103899225E9	0.0
3.103900236E9	0.0
3.1039012445E9	0.0
3.103902252E9	13.540145985401459
3.1039032575E9	0.0
3.1039042615E9	0.9858657243816255
3.103905265E9	52.9218649705316
3.103906267E9	29.05587229190422
3.1039072675E9	0.0
3.1039082675E9	54.85607516549221
3.1039092675E9	0.0
3.103918732E9	54.49294252995799
3.103932571E9	0.0
3.103941472E9	33.58313477511051
3.1039494115E9	58.05427054387956
3.1039572085E9	0.0
3.103963938E9	0.8672448749718406
3.1039695055E9	36.0272860129123
3.103974766E9	0.0
3.1039797995E9	57.987022613495114
3.103984567E9	57.54525494022933
3.1039891115E9	0.0
3.1039934845E9	0.0
3.103997683E9	57.64810143840753
3.104001684E9	56.26602040241222
3.104005458E9	45.78307499158919
3.104009178E9	0.0
3.1040128475E9	59.181875393329136
3.104016433E9	55.91846641569249
3.104019926E9	58.12235862346549
3.104023359E9	0.0
3.104026758E9	0.0
3.1040301305E9	17.0
3.104033452E9	58.04127635237738
3.104036731E9	21.212971533633425
3.1040399985E9	13.486342943854325
3.104043259E9	53.51568435323016
3.1040464995E9	0.0
3.104049674E9	58.259448120058096
3.1040527925E9	0.0
3.1040558995E9	10.853155339805825
3.104058987E9	0.0
3.104062054E9	58.8235294117647
3.104065115E9	36.714681440443215
3.1040681395E9	57.94734206792957
3.1040711275E9	54.69069506458776
3.1040740845E9	0.0
3.1040770095E9	32.30716117577431
3.104079908E9	57.159748917327626
3.104082775E9	57.54527732823304
3.1040856295E9	57.69638991281961
3.104088461E9	46.11125145793755
3.10409126E9	58.19162851536952
3.1040940205E9	0.0
3.1040967325E9	0.0
3.1040994055E9	58.713416082154176
3.104102056E9	35.27594529364441
3.1041046865E9	0.0
3.104107298E9	58.715933214757015
3.104109892E9	40.72546359113523
3.1041124505E9	51.92302096422194
3.1041149735E9	0.0
3.1041174795E9	0.0
3.10411997E9	40.89462102689487
3.1041224495E9	57.13247624371157
3.104124925E9	0.0
3.104127395E9	56.56853725850966
3.1041298495E9	22.887290814568445
3.1041322855E9	58.90309278350515
3.104134709E9	53.48606811145511
3.1041371215E9	47.78728707935189
3.104139523E9	20.233673735988766
3.1041418965E9	54.43777970743437
3.104144241E9	18.823353491388637
3.1041465705E9	46.42079162457526
3.104148885E9	59.13140704996175
3.1041511915E9	3.7015544041450776
3.1041534905E9	56.69679232524723
3.104155772E9	34.42622950819672
3.10415804E9	52.046946174583994
3.1041603025E9	56.38512787448958
3.1041625525E9	58.26381820333767
3.1041647915E9	54.715603190428716
3.1041670245E9	57.86893255898678
3.104169246E9	57.83268313827482
3.104171456E9	0.9705340699815838
3.104173654E9	6.547395495986449
3.104175845E9	58.90092349789078
3.1041780355E9	0.0
3.1041802225E9	58.381968524939985
3.1041823975E9	25.435077189777555
3.104184563E9	28.133120384794978
3.1041867265E9	59.257221458046764
3.1041888805E9	15.389013957676722
3.1041910115E9	55.45790482830748
3.1041931255E9	0.0
3.1041952355E9	1.2492573588981906
3.1041973425E9	41.91002367797948
3.1041994485E9	58.14880592503023
3.1042015545E9	36.33060131795717
3.104203656E9	57.05446727185858
3.104205745E9	57.924313789183046
3.1042078145E9	53.16027422642209
3.104209871E9	58.512282849927296
3.1042119255E9	57.85910338517841
3.104213971E9	58.5000985480586
3.1042160055E9	0.0
3.1042180375E9	49.08269601261019
3.1042200635E9	57.28429985855728
3.1042220825E9	0.0
3.1042240985E9	55.25499122422115
3.104226106E9	0.0
3.104228107E9	53.94323115594294
3.104230103E9	0.0
3.1042320935E9	57.373074172788144
3.10423408E9	0.0
3.104236062E9	57.97698442540223
3.104238043E9	55.45597980435468
3.104240023E9	29.350859453993934
3.104241994E9	50.23290323984421
3.1042439415E9	0.0
3.104245872E9	59.36245572609209
3.104247777E9	50.12397390023153
3.1042496545E9	56.808256718528995
3.104251516E9	0.0
3.104253365E9	12.253160275652137
3.104255206E9	58.11921296296296
3.1042570385E9	50.28432089734211
3.1042588675E9	41.81096919945423
3.1042606875E9	14.526061979047181
3.1042625015E9	58.07187755447191
3.104264304E9	55.7469843633656
3.104266094E9	0.0
3.1042678815E9	0.0
3.1042696635E9	0.0
3.1042714405E9	16.887002012072436
3.1042732095E9	51.68646080760095
3.1042749695E9	0.0
3.104276727E9	0.0
3.1042784825E9	54.72407519708914
3.1042802355E9	58.44943933645701
3.104281987E9	38.02442381675078
3.104283737E9	59.41680960548885
3.1042854805E9	0.0
3.104287214E9	20.252299048776244
3.1042889415E9	46.949824627480524
3.1042906625E9	57.17397375034906
3.1042923765E9	58.58867388602876
3.104294088E9	31.929843815161938
3.104295795E9	58.88935989826197
3.1042974975E9	58.85945908169683
3.104299198E9	9.250784499744581
3.1043008905E9	54.08402872113332
3.1043025755E9	49.458451885897716
3.1043042575E9	58.110986176334414
3.1043059365E9	59.09981628903858
3.1043076145E9	0.0
3.104309292E9	56.27728220091705
3.1043109685E9	58.98028107636998
3.1043126425E9	23.183372666220695
3.104314313E9	0.0
3.1043159815E9	0.0
3.104317647E9	0.946852003270646
3.1043193085E9	0.0
3.1043209685E9	58.5854018639845
3.1043226275E9	57.93228736581338
3.1043242845E9	0.0
3.1043259405E9	43.663810233482366
3.1043275945E9	0.0
3.104329244E9	0.0
3.10433089E9	40.44276629570747
3.104332533E9	47.34755732801595
3.1043341725E9	31.341176470588234
3.104335808E9	0.0
3.1043374375E9	0.0
3.1043390575E9	0.0
3.1043406705E9	0.0
3.104342279E9	0.0
3.104343883E9	41.87010142534623
3.104345484E9	45.55834564254062
3.104347078E9	0.0
3.1043486665E9	57.318548387096776
3.104350253E9	0.0
3.1043518375E9	57.85540704738761
3.1043534215E9	50.70940616191076
3.1043550035E9	0.0
3.1043565795E9	57.3587907716786
3.1043581505E9	40.67562512801168
3.10435972E9	58.98940505297473
3.1043612885E9	46.973315794418866
3.104362856E9	30.706855791962173
3.104364422E9	49.203113957597175
3.104365984E9	34.58432805521721
3.104367543E9	39.796363307400036
3.1043691005E9	0.0
3.1043706555E9	58.7551867219917
3.104372207E9	0.0
3.1043737525E9	9.0
3.104375294E9	47.95451155853841
3.1043768335E9	0.9155370177267987
3.104378371E9	42.90822458575344
3.104379907E9	0.0
3.1043814395E9	48.82589830508475
3.1043829685E9	0.0
3.1043844935E9	53.2274231678487
3.1043860115E9	0.0
3.104387523E9	57.73922256804185
3.104389031E9	5.553556013015473
3.1043905345E9	52.57644174945168
3.104392034E9	0.0
3.104393533E9	58.0499522748966
3.104395031E9	56.07724564978837
3.1043965275E9	59.52569169960474
3.1043980195E9	52.33512544802868
3.1043995065E9	21.891604675876728
3.104400992E9	0.0
3.104402475E9	52.98354381936471
3.104403955E9	56.64933303187882
3.1044054305E9	55.714285714285715
3.1044069025E9	40.98616944912118
3.1044083735E9	58.18554772741443
3.1044098415E9	56.497490948358
3.104411307E9	0.0
3.10441277E9	0.0
3.1044142295E9	57.9499596448749
3.104415687E9	22.05002043318349
3.1044171395E9	18.24505928853755
3.104418587E9	0.0
3.1044200325E9	51.91245683077664
3.104421476E9	37.19137195886631
3.104422919E9	0.0
3.1044243595E9	46.56403079076277
3.1044257945E9	29.56330916727042
3.1044272255E9	55.91634980988593
3.1044286555E9	4.485981308411215
3.104430085E9	0.0
3.104431514E9	0.0
3.104432943E9	58.55594152192928
3.1044343705E9	0.0
3.1044357965E9	0.0
3.1044372195E9	58.3589346889159
3.1044386375E9	58.23091907207367
3.1044400535E9	0.0
3.104441469E9	44.24975770498158
3.104442884E9	27.728806538907605
3.1044442985E9	0.0
3.104445712E9	0.0
3.1044471235E9	0.9194630872483222
3.104448531E9	58.14656144306652
3.1044499345E9	58.89692083130604
3.1044513345E9	14.399125546533417
3.104452732E9	0.0
3.104454128E9	57.75544029766603
3.1044555215E9	0.0
3.1044569115E9	47.88029315960912
3.1044582985E9	53.39985326485694
3.1044596825E9	0.0
3.104461064E9	57.77047834120304
3.104462444E9	0.0
3.1044638215E9	29.85049972237646
3.1044651965E9	28.115873770447173
3.1044665705E9	59.559633027522935
3.104467944E9	19.689119170984455
3.104469317E9	58.59925003024072
3.1044706895E9	56.376686151079134
3.1044720605E9	46.101010101010104
3.104473429E9	38.87177347482619
3.104474795E9	58.570381231671554
3.1044761595E9	57.08911777877295
3.104477522E9	0.0
3.104478883E9	0.0
3.104480241E9	0.0
3.104481596E9	12.222222222222221
3.1044829505E9	0.0
3.104484304E9	53.31787772745986
3.104485655E9	32.29922202274087
3.104487002E9	46.812017640573316
3.1044883465E9	58.339566192969336
3.10448969E9	0.0
3.1044910305E9	58.920134983127106
3.1044923685E9	58.15533980582524
3.1044937065E9	0.995085995085995
3.1044950435E9	0.0
3.104496378E9	38.42204004414315
3.104497711E9	0.0
3.1044990435E9	57.81321184510251
3.1045003715E9	42.1642984769846
3.104501695E9	0.0
3.104503018E9	3.6854700854700853
3.1045043395E9	0.0
3.1045056595E9	0.0
3.104506978E9	0.0
3.1045082945E9	0.0
3.1045096045E9	42.13804595321879
3.1045109085E9	0.0
3.104512212E9	57.794868977641045
3.1045135145E9	0.0
3.104514816E9	0.0
3.1045161165E9	58.34295316723899
3.1045174155E9	41.547949589917984
3.104518713E9	0.0
3.104520009E9	0.0
3.1045212985E9	0.0
3.104522582E9	23.23539109468385
3.104523865E9	21.41581962668638
3.104525146E9	59.2699461150704
3.1045264245E9	0.0
3.104527699E9	24.569278311140433
3.10452897E9	0.0
3.1045302395E9	1.078125
3.1045315055E9	39.91536889577902
3.104532769E9	50.35230934479055
3.1045340315E9	56.45949535192563
3.104535293E9	10.277777777777779
3.1045365535E9	56.55310709563685
3.104537813E9	24.953218884120172
3.104539072E9	0.0
3.1045403305E9	59.391356235615035
3.1045415875E9	56.76612097455999
3.104542842E9	0.0
3.1045440925E9	0.0
3.1045453405E9	0.0
3.1045465875E9	0.0
3.1045478335E9	0.0
3.1045490785E9	0.0
3.1045503195E9	58.88341838165199
3.1045515575E9	58.8342290202563
3.1045527945E9	0.0
3.1045540295E9	44.20536344389556
3.1045552635E9	0.0
3.104556496E9	8.813459268004722
3.104557727E9	59.71896955503513
3.1045589575E9	57.01066936208446
3.1045601875E9	41.33620071684588
3.1045614165E9	36.97524129248846
3.104562644E9	38.16482707873436
3.1045638685E9	0.0
3.1045650905E9	0.9426772697150431
3.104566312E9	51.648155339805825
3.104567533E9	50.75764091537398
3.1045687535E9	36.11012757094507
3.1045699725E9	37.867558402411454
3.1045711905E9	0.0
3.1045724075E9	56.74101821896816
3.1045736235E9	59.0728476821192
3.1045748375E9	59.2892666606384
3.1045760485E9	0.9634247714048213
3.104577258E9	0.0
3.1045784665E9	57.86539019437192
3.1045796745E9	0.0
3.1045808815E9	59.6875
3.104582087E9	0.0
3.104583292E9	0.0
3.1045844955E9	57.637088733798606
3.1045856965E9	0.0
3.104586896E9	0.0
3.1045880945E9	57.418310333221136
3.1045892925E9	58.58378378378379
3.1045904905E9	1.8337021814732848
3.104591687E9	53.06083650190114
3.1045928815E9	0.0
3.104594074E9	58.677581863979846
3.104595264E9	3.1747831887925284
3.1045964525E9	59.294117647058826
3.1045976365E9	48.03592181722134
3.1045988165E9	58.14132618888144
3.104599996E9	0.0
3.1046011715E9	17.91975504170626
3.1046023415E9	0.0
3.1046035085E9	42.9107071514183
3.10460467E9	0.0
3.1046058265E9	58.95973154362416
3.1046069825E9	54.36897426603842
3.104608138E9	59.30514125285138
3.1046092925E9	58.54419410745234
3.1046104465E9	58.612511427452006
3.104611598E9	56.09723336006415
3.104612744E9	0.0
3.104613887E9	58.069249793899424
3.1046150285E9	54.60539460539461
3.104616167E9	56.705281959683596
3.104617303E9	8.056915949702184
3.104618438E9	26.350216653003866
3.104619573E9	0.0
3.104620704E9	50.81388595564942
3.104621831E9	53.415556389566525
3.1046229575E9	55.168725381467745
3.104624082E9	13.794149727317798
3.104625205E9	58.73213926343329
3.104626328E9	0.0
3.1046274505E9	36.342715015054324
3.1046285725E9	57.668681441683454
3.104629694E9	50.06395872984073
3.104630815E9	0.0
3.104631935E9	37.638247282608695
3.104633054E9	15.36378904937857
3.104634173E9	0.0
3.1046352915E9	59.34336525307798
3.104636408E9	0.0
3.1046375185E9	31.634090909090908
3.1046386245E9	58.884061088406106
3.1046397295E9	0.0
3.1046408325E9	0.0
3.104641934E9	58.81557598702001
3.1046430335E9	4.858834244080145
3.1046441315E9	0.0
3.1046452285E9	0.0
3.1046463245E9	59.20989624900239
3.10464742E9	22.0
3.104648514E9	58.408335464075684
3.1046496055E9	37.30010384215992
3.104650695E9	0.0
3.104651783E9	21.365728900255753
3.10465287E9	0.0
3.104653956E9	56.58677059651402
3.104655041E9	59.1889400921659
3.104656126E9	12.168129068780074
3.10465721E9	0.0
3.1046582915E9	58.656496062992126
3.1046593715E9	2.84979488797728
3.104660451E9	38.815325248070565
3.10466153E9	0.0
3.104662609E9	35.163319622550205
3.104663686E9	24.95630141524621
3.1046647605E9	55.24802000833681
3.104665834E9	0.0
3.1046669055E9	22.219787100814028
3.1046679745E9	26.769474752600864
3.104669042E9	0.0
3.1046701085E9	0.0
3.1046711745E9	42.48013816925734
3.1046722405E9	37.41129043874053
3.104673305E9	0.9048493754592212
3.104674368E9	34.07088089964219
3.104675431E9	26.70706603131382
3.1046764935E9	20.11617873651772
3.1046775535E9	0.0
3.1046786105E9	53.85508304435116
3.1046796645E9	59.45604662457504
3.104680716E9	36.36363636363637
3.104681767E9	1.8383727322704784
3.1046828175E9	0.0
3.1046838665E9	46.61736641221374
3.1046849135E9	0.0
3.1046859595E9	4.785872663921444
3.104687005E9	0.0
3.104688049E9	2.0633709356337095
3.1046890895E9	1.61981981981982
3.1046901265E9	58.17681836931115
3.104691162E9	25.787889154977762
3.104692197E9	58.20759892086331
3.104693232E9	55.982641991065734
3.104694266E9	58.233878432582536
3.1046952985E9	0.0
3.10469633E9	0.9303030303030303
3.1046973585E9	44.93439091934767
3.1046983845E9	58.842025371354225
3.1046994105E9	0.0
3.104700435E9	46.500699953336444
3.1047014575E9	52.67675514760605
3.1047024785E9	0.8861386138613861
3.1047034985E9	11.75249500998004
3.1047045185E9	57.16331473096768
3.104705538E9	53.19642191576593
3.1047065565E9	51.602104442712395
3.1047075745E9	0.0
3.104708592E9	0.0
3.104709608E9	59.152542372881356
3.104710623E9	0.0
3.104711638E9	15.321928460342146
3.1047126525E9	0.0
3.1047136665E9	0.0
3.10471468E9	0.0
3.104715693E9	2.688832670762559
3.104716706E9	59.58708311275807
3.1047177185E9	0.0
3.10471873E9	19.071235347159604
3.104719741E9	0.8467153284671532
3.104720751E9	17.89837044207809
3.1047217595E9	0.0
3.1047227675E9	49.92526491912995
3.104723775E9	0.0
3.104724782E9	58.07952286282306
3.104725789E9	15.101664728118639
3.1047267955E9	0.0
3.104727801E9	0.0
3.104728805E9	0.0
3.104729807E9	56.889134031991176
3.1047308075E9	51.626575028636886
3.104740963E9	0.0
3.104756475E9	44.424319943980436
3.104767963E9	46.44616418460471
3.104778484E9	57.567083212244505
3.1047881575E9	36.54908160905038
3.1047976135E9	49.4426812025599
3.1048068795E9	18.599009693256683
3.1048160235E9	58.597089123885794
3.104824959E9	50.60486403089305
3.1048336895E9	39.75167486770625
3.1048423175E9	35.37569760082849
3.1048506295E9	53.19977608555076
3.104858538E9	55.86605510273654
3.10486621E9	20.51312872793764
3.104873738E9	0.0
3.104881204E9	47.23560030219399
3.1048886055E9	57.265095729013254
3.104895888E9	50.97601113835772
3.1049030315E9	45.447822518323676
3.1049100215E9	49.72203213623025
3.104916928E9	18.37359191789673
3.1049238165E9	46.656484710768815
3.104930685E9	43.70012055596471
3.1049375335E9	49.708833151581246
3.1049443175E9	5.798868586521594
3.1049510255E9	56.160926950089916
3.104957646E9	54.67762407370127
3.1049641205E9	12.248909454606801
3.104970491E9	10.708438759254053
3.104976811E9	57.98689088325035
3.1049830915E9	28.533498138793824
3.104989311E9	47.86086214623048
3.104995483E9	43.56949160097772
3.1050016285E9	44.12623344916021
3.105007741E9	35.50871425503444
3.105013843E9	39.12934997765149
3.105019839E9	52.984010368450285
3.1050257E9	50.09235001796934
3.105031511E9	39.68449312255332
3.1050372955E9	0.9828962371721779
3.105043063E9	45.270992802467724
3.1050488005E9	58.50303164744159
3.1050545125E9	53.81961739322401
3.1050601615E9	51.099714239249124
3.1050657395E9	49.4135035698674
3.1050713015E9	32.62249839021249
3.1050767895E9	32.908565560119904
3.105082186E9	49.92833161735082
3.1050875235E9	57.91074633601018
3.105092801E9	55.1881675140648
3.105098007E9	49.48859033054484
3.1051031505E9	56.43615906596148
3.1051082045E9	52.42347182654251
3.105113172E9	58.81578947368421
3.105118124E9	49.14399759590258
3.105123046E9	55.7916287787407
3.105127928E9	0.9288294797687862
3.105132784E9	57.56747488742639
3.1051375455E9	46.130804645924876
3.105142205E9	45.467427371034354
3.1051468215E9	31.522748433179082
3.105151389E9	50.74984111291575
3.1051559265E9	34.106029981472126
3.105160444E9	58.715400009096285
3.105164943E9	54.637283787460646
3.1051694125E9	0.9910873440285205
3.1051738415E9	43.50259811786116
3.105178253E9	34.732869585324494
3.1051826085E9	39.20814893941706
3.1051869095E9	55.98673404316992
3.105191198E9	57.41109443440438
3.105195423E9	18.763831967213115
3.105199594E9	42.20336293325695
3.1052037465E9	9.07986501687289
3.105207865E9	54.7549436405476
3.10521196E9	3.0393905611296916
3.105216012E9	56.08621851376672
3.1052200195E9	0.0
3.105224006E9	36.8295773293369
3.1052278585E9	53.840836894369936
3.105231579E9	50.517180961453406
3.1052352765E9	43.02264087435156
3.1052389575E9	45.8502867930008
3.105242632E9	53.14077031326481
3.1052463045E9	38.222157486666966
3.105249957E9	41.21678056721068
3.10525359E9	54.04262954548743
3.105257213E9	18.359451240856803
3.105260822E9	44.79381176740979
3.1052644205E9	50.30480984340045
3.1052680095E9	35.404875971468115
3.1052715945E9	14.557692307692308
3.105275175E9	52.16709913703627
3.105278732E9	13.761363636363637
3.1052822555E9	42.444189259195305
3.105285765E9	54.84817935600361
3.1052892635E9	49.71628231554054
3.105292744E9	0.0
3.105296203E9	49.114713216957604
3.105299639E9	54.98818132678851
3.10530305E9	51.692311309663765
3.105306431E9	57.01924167176905
3.105309783E9	50.47475524947674
3.1053131135E9	53.36760902969505
3.105316433E9	54.36945309026234
3.105319747E9	40.57011070110701
3.105323045E9	0.0
3.1053263115E9	2.6446395563770797
3.10532956E9	0.0
3.105332802E9	57.746988089132046
3.105336038E9	34.78445229681979
3.1053392555E9	56.62406505995489
3.105342453E9	58.05980026011526
3.105345638E9	49.40912937428443
3.1053488045E9	53.85794230551191
3.105351955E9	45.57156407896467
3.105355096E9	51.41298740060119
3.1053582345E9	53.65053479884391
3.1053613715E9	3.9334975369458127
3.1053645055E9	0.0
3.1053676375E9	48.6686339353854
3.105370751E9	51.058158201984824
3.1053738455E9	56.57953346618216
3.105376939E9	52.01487843114344
3.105380015E9	0.9564676616915423
3.105383037E9	53.00919175202397
3.105386017E9	36.816257559587335
3.105388988E9	45.13833633654854
3.105391952E9	1.8202614379084967
3.10539491E9	53.01488492086498
3.105397855E9	57.567681444226096
3.105400789E9	15.537309584359248
3.10540371E9	2.6445840472111173
3.1054066165E9	41.382759054853736
3.1054095145E9	50.38843916013155
3.1054124035E9	33.85684131503003
3.105415289E9	18.555427015991835
3.1054181705E9	0.985062893081761
3.105421047E9	44.30393821898933
3.105423915E9	57.09482828875524
3.1054267735E9	37.230329012143095
3.1054296205E9	40.37456835263051
3.10543244E9	40.85425816548034
3.105435239E9	51.14228632686873
3.1054380315E9	57.854876242860165
3.105440812E9	45.773072713057076
3.105443576E9	50.141843971631204
3.1054463305E9	12.850105136677682
3.105449079E9	58.63686011796403
3.105451813E9	41.572831349834836
3.1054545365E9	48.278745381889465
3.1054572385E9	18.58718522048312
3.105459914E9	29.05592841163311
3.10546258E9	26.484310739460703
3.1054652375E9	39.14564935064935
3.105467887E9	56.593592786660096
3.105470528E9	58.02352734099976
3.105473162E9	9.125984251968504
3.105475793E9	40.28243495075985
3.1054784135E9	34.7562041037992
3.105481019E9	32.458978831093326
3.1054836015E9	54.172996566132966
3.1054861625E9	51.23844282238443
3.105488716E9	58.008763663776854
3.105491267E9	24.458186774692948
3.1054938115E9	13.810325192964697
3.1054963495E9	28.106847426470587
3.105498881E9	11.813953488372093
3.1055013925E9	3.023529411764706
3.1055038895E9	0.9155844155844156
3.105506379E9	56.93857664868627
3.105508858E9	47.0601324446905
3.10551133E9	49.17994542564995
3.105513792E9	58.6409189406869
3.1055162415E9	55.01591255015912
3.105518682E9	41.66530135544151
3.105521118E9	44.86387124445988
3.105523549E9	54.56805499094571
3.105525972E9	47.57024992956896
3.105528388E9	39.74204020005662
3.1055308005E9	49.17072964458634
3.1055332065E9	43.11396498913397
3.105535606E9	49.1068437770719
3.1055380035E9	45.99630282447014
3.105540398E9	20.360218314129774
3.1055427875E9	54.11328807539171
3.1055451725E9	14.887615526802218
3.1055475555E9	55.64059956592512
3.1055499375E9	44.1986301369863
3.105552312E9	56.62379421221865
3.1055546785E9	58.588235294117645
3.1055570425E9	53.33989090583922
3.105559404E9	52.58364215831604
3.105561761E9	49.32437981075648
3.105564112E9	22.961205646617472
3.1055664605E9	47.535273000500915
3.1055688045E9	38.46992732436722
3.105571144E9	35.0
3.1055734815E9	38.57078539269635
3.105575816E9	39.770914957363445
3.1055781475E9	0.0
3.105580476E9	46.53760187325143
3.1055827985E9	50.16681542725607
3.105585104E9	48.165926337220064
3.1055873965E9	57.9515916368431
3.105589686E9	40.27749828001376
3.1055919665E9	39.15459536036834
3.1055942405E9	34.02808067162019
3.105596511E9	50.891040127038416
3.1055987745E9	42.47200381224684
3.105601033E9	54.817347551387975
3.1056032815E9	54.20400279916025
3.105605521E9	37.13941745952262
3.1056077565E9	34.209605043575
3.1056099875E9	40.56893130093316
3.1056122175E9	0.0
3.1056144435E9	1.9793732645775486
3.1056166625E9	0.0
3.1056188775E9	27.520355210212294
3.1056210895E9	19.88947696139477
3.105623296E9	15.4525685931115
3.105625496E9	26.413355182302336
3.1056276925E9	49.51046590141796
3.1056298885E9	55.21207519505681
3.105632076E9	39.74500789711191
3.1056342545E9	48.556491090659875
3.1056364325E9	20.858895705521473
3.1056386075E9	0.980806142034549
3.1056407785E9	51.38364101017476
3.105642947E9	35.800326378365774
3.105645114E9	0.0
3.105647276E9	24.033858998144712
3.105649431E9	37.107142857142854
3.105651583E9	2.015414258188825
3.105653732E9	51.21167827056968
3.105655878E9	46.15705152892244
3.1056580215E9	55.06715506715507
3.1056601635E9	37.31910129784532
3.1056623025E9	20.808202753301693
3.1056644355E9	41.07474023439122
3.1056665645E9	42.27040110650069
3.1056686915E9	57.791388141331716
3.1056708175E9	0.0
3.10567294E9	52.69762987327078
3.105675053E9	37.09496386788365
3.105677152E9	54.379879076419904
3.105679241E9	30.43086961601857
3.1056813275E9	39.05693950177936
3.105683412E9	57.908762108441316
3.105685491E9	19.5780161122918
3.105687566E9	46.09705404494038
3.1056896395E9	32.13669926808731
3.1056917095E9	31.42264900580922
3.105693777E9	20.353898886032564
3.105695838E9	0.0
3.105697891E9	46.826585643752374
3.1056999415E9	48.98896043008064
3.105701983E9	51.389092080882946
3.1057040115E9	56.323707950425764
3.1057060315E9	5.505732484076433
3.105708045E9	34.84680236974024
3.105710055E9	40.16426740287912
3.105712061E9	39.29096564053584
3.105714063E9	26.204385903454074
