#Position (bp)	mapping quality
3882144.5	55.06170551624041
1.16464325E7	57.83767116230186
1.94107205E7	58.481330766471764
2.71750085E7	59.15330882891691
3.49392965E7	59.23464013545835
4.27035845E7	59.217928841589085
5.04678725E7	59.270349483140116
5.82321605E7	59.31828160558043
6.59964485E7	59.3128221592551
7.37607365E7	59.37730407450321
8.15250245E7	59.263042689929584
8.92893125E7	59.28745552242634
9.70536005E7	59.339687065438376
1.048178885E8	57.87754338563189
1.125821765E8	59.200076686398205
1.203464645E8	21.526928406316703
1.281107525E8	8.20863740557612
1.358750405E8	0.0
1.436393285E8	31.35028777904778
1.514036165E8	53.79812107567083
1.591679045E8	58.649717665741775
1.669321925E8	59.3559918128695
1.746964805E8	59.321579376023735
1.824607685E8	59.33423289222911
1.902250565E8	59.396560157310965
1.979893445E8	59.273823312552196
2.057536325E8	58.92942753165321
2.135179205E8	59.31046496193832
2.212822085E8	59.18119179619586
2.290464965E8	57.789580477618294
2.368107845E8	59.243771423677515
2.445750725E8	59.133552468437394
2.487068195E8	53.74430416402331
2.525889635E8	59.12013118866586
2.601036485E8	59.33322467642844
2.678679365E8	59.33766550453604
2.756322245E8	59.30258509147943
2.833965125E8	15.807751253507524
2.911608005E8	59.277978111756276
2.989250885E8	59.365282736547265
3.066893765E8	59.35274177525242
3.144536645E8	59.34266205293794
3.222179525E8	59.249694243302315
3.299822405E8	59.38039217694268
3.377465285E8	42.04531337936964
3.455108165E8	53.30209996825488
3.532751045E8	59.11407541041325
3.610393925E8	53.80938398755772
3.688036805E8	59.31504907879071
3.765679685E8	57.89422117345814
3.843322565E8	59.203404995640796
3.920965445E8	59.40632107277059
3.998608325E8	59.31373894666425
4.076251205E8	59.35097565999733
4.153894085E8	59.34280507338497
4.231536965E8	59.27305582884399
4.309179845E8	59.358641152601386
4.386822725E8	59.38017905785856
4.464465605E8	59.25326766598591
4.542108485E8	59.2986533268579
4.619751365E8	59.32272701427392
4.697394245E8	59.31863578563639
4.775037125E8	59.289257896527246
4.852680005E8	59.24884267693716
4.90150048E8	58.57216473579227
4.94032192E8	58.884940698817466
5.007965765E8	59.28289406858489
5.085608645E8	59.351248401285496
5.163251525E8	59.2959273297635
5.240894405E8	59.34324536499472
5.318537285E8	59.297944960679274
5.396180165E8	59.19729540347826
5.473823045E8	59.3264489282715
5.551465925E8	59.37443895629258
5.629108805E8	59.26430359599293
5.706751685E8	59.188888499867055
5.784394565E8	55.26368326882833
5.862037445E8	43.21782921212647
5.939680325E8	59.339788028945605
6.017323205E8	59.355385745677616
6.094966085E8	59.353406604490665
6.172608965E8	59.24990098307362
6.250251845E8	59.28844071838011
6.327894725E8	59.34004869816876
6.405537605E8	59.361530692384136
6.483180485E8	59.354793374491074
6.560823365E8	59.33417006051105
6.638466245E8	59.34272739080991
6.716109125E8	59.265664839942055
6.793752005E8	59.13660562528542
6.863514275E8	57.889655762547754
6.902335715E8	57.74349204924883
6.949037765E8	56.52178104845649
7.026680645E8	58.977344047702985
7.104323525E8	59.254675790853156
7.181966405E8	59.35945943449663
7.259609285E8	59.32291626124571
7.337252165E8	59.34410193136687
7.414895045E8	35.02400183232926
7.492537925E8	59.32943071599129
7.570180805E8	59.3440928123015
7.647823685E8	59.31684398510126
7.725466565E8	59.3061980899249
7.803109445E8	59.307643196937754
7.880752325E8	59.39401285248672
7.958395205E8	59.32517548423132
8.036038085E8	59.36768106961449
8.113680965E8	59.29790588500691
8.191323845E8	59.311855646784544
8.268966725E8	59.309901961083504
8.346609605E8	59.30106845452986
8.424252485E8	59.37055703774376
8.501895365E8	59.360892616812954
8.579538245E8	59.276887694656025
8.657181125E8	59.375101898846104
8.734824005E8	59.23185725651652
8.78512305E8	54.98968849815912
8.82394449E8	59.03215086288203
8.890109765E8	59.295438051861915
8.967752645E8	58.7169085849862
9.045395525E8	59.29305685431781
9.123038405E8	59.20031765651942
9.200681285E8	59.29796322568217
9.278324165E8	45.35223654907982
9.355967045E8	59.28631296649526
9.433609925E8	59.34406573867841
9.511252805E8	48.92868704263822
9.588895685E8	59.31595435790658
9.666538565E8	59.36074516998557
9.744181445E8	59.36931470902016
9.821824325E8	59.28015045803232
9.899467205E8	59.33013145719088
9.977110085E8	59.34292324970071
1.0054752965E9	59.36636510921765
1.0132395845E9	59.297887110373836
1.0210038725E9	59.26518622292486
1.0287681605E9	59.30643639377883
1.0365324485E9	59.25579172991372
1.0442967365E9	59.342330039578215
1.0520610245E9	58.765967523147644
1.0585707465E9	56.944118429441296
1.0624528905E9	58.80141697907462
1.0675896005E9	59.286259553194675
1.0753538885E9	59.29522154161819
1.0831181765E9	59.264073658531736
1.0908824645E9	58.21901683731567
1.0986467525E9	59.24041836531699
1.1064110405E9	59.21799159378618
1.1141753285E9	59.34414890683287
1.1219396165E9	41.822264486557074
1.1297039045E9	59.362110609066306
1.1374681925E9	59.2780732689573
1.1452324805E9	59.33469944271899
1.1529967685E9	59.36417241569124
1.1607610565E9	59.3399695274162
1.1685253445E9	59.25112642601698
1.1762896325E9	59.384253101177805
1.1840539205E9	59.387205873630954
1.1918182085E9	59.30892527599239
1.1995824965E9	59.38172663715196
1.2073467845E9	59.34989046149176
1.2151110725E9	59.296085843562544
1.2228753605E9	58.76089060253547
1.229380904E9	58.14450366633481
1.233263048E9	58.723687000738494
1.2384039365E9	58.70169905645326
1.2461682245E9	59.38411848081677
1.2539325125E9	59.31122312158143
1.2616968005E9	59.28419617938709
1.2694610885E9	59.300143654093134
1.2772253765E9	59.30725039974081
1.2849896645E9	59.0272713630714
1.2927539525E9	31.850813156286108
1.3005182405E9	58.258766557909325
1.3082825285E9	55.105174314720266
1.3160468165E9	59.40015102546302
1.3238111045E9	59.32799728744583
1.3315753925E9	56.973743464838485
1.3393396805E9	59.29772624827471
1.3471039685E9	59.34550502525789
1.3548682565E9	59.35959260044171
1.3626325445E9	59.278529499840744
1.3703968325E9	59.27066003478706
1.3781611205E9	56.54827003851003
1.3859254085E9	59.07876000852492
1.3905789145E9	58.71448771908857
1.3944610585E9	57.17737849949357
1.4014539845E9	52.50265013783798
1.4092182725E9	59.31107852735788
1.4169825605E9	59.30629703596441
1.4247468485E9	59.31303496136469
1.4325111365E9	45.78790509643739
1.4402754245E9	54.566763936385776
1.4480397125E9	59.36720148932251
1.4558040005E9	59.36303890467965
1.4635682885E9	59.26301762552215
1.4713325765E9	59.371681308309824
1.4790968645E9	54.51832541680618
1.4868611525E9	59.323201301767796
1.4946254405E9	59.32232418125732
1.5023897285E9	59.365905199354785
1.5101540165E9	59.357726714455346
1.5179183045E9	59.233271728336575
1.5256825925E9	59.307986720380256
1.5330268245E9	59.16392613863955
1.5369089685E9	58.0068551430258
1.5412111685E9	59.33403063153444
1.5489754565E9	59.34772930123683
1.5567397445E9	59.36746033831433
1.5645040325E9	59.35392730264992
1.5722683205E9	57.21182602771764
1.5800326085E9	25.94383556039148
1.5877968965E9	0.0
1.5955611845E9	19.27620893601154
1.6033254725E9	39.63924740281109
1.6110897605E9	59.2693093145216
1.6188540485E9	59.227291502312305
1.6266183365E9	59.27130112233889
1.6343826245E9	59.22568312876197
1.6421469125E9	59.30099820592122
1.6499112005E9	59.20057679954996
1.6576754885E9	59.30925272048871
1.6654397765E9	59.11811073013731
1.672102775E9	58.199146643181216
1.675984919E9	57.73484613336113
1.6809683525E9	59.202455452536256
1.6887326405E9	59.30587933997026
1.6964969285E9	59.306115485279406
1.7042612165E9	59.219015290351756
1.7120255045E9	45.806286934186396
1.7197897925E9	45.1104813522868
1.7275540805E9	59.184605012426886
1.7353183685E9	59.36236059507906
1.7430826565E9	59.27761222953715
1.7508469445E9	59.182639657146595
1.7586112325E9	58.81657989543102
1.7663755205E9	59.28165370011728
1.7741398085E9	59.240253047581014
1.7819040965E9	59.33632659714833
1.7896683845E9	59.31838570074889
1.7974326725E9	59.29589790103848
1.804997934E9	57.82284266456747
1.808880078E9	41.4100212534755
1.8129612485E9	58.481833338054344
1.8207255365E9	59.31412429768993
1.8284898245E9	59.31050127326396
1.8362541125E9	59.266249763349066
1.8440184005E9	59.33081583433485
1.8517826885E9	59.31481091251961
1.8595469765E9	32.85928246497347
1.8673112645E9	59.17827289112472
1.8750755525E9	59.11478603979101
1.8828398405E9	59.23312294944968
1.8906041285E9	59.37989491524777
1.8983684165E9	58.15012031350541
1.9061327045E9	59.30594773620113
1.9138969925E9	59.29840995456283
1.9216612805E9	59.345855043365724
1.9294255685E9	59.28819297482721
1.9371898565E9	59.32109076135458
1.942419837E9	59.30146859041106
1.946301981E9	59.03963997331764
1.9527184325E9	59.06368294336141
1.9604827205E9	59.35090479801726
1.9682470085E9	59.33845941250008
1.9760112965E9	46.852922919935445
1.9837755845E9	52.60352182362363
1.9915398725E9	59.26420889876614
1.9993041605E9	59.25734915617042
2.0070684485E9	59.30592423298475
2.0148327365E9	59.31068787231417
2.0225970245E9	59.3714841505568
2.0303613125E9	59.367898676452164
2.0381256005E9	59.317778682072706
2.0458898885E9	59.349525766900065
2.0536541765E9	59.255679172521276
2.0614184645E9	59.25958850900237
2.0691827525E9	59.163396123755184
2.0750539395E9	59.02398283808091
2.0789360835E9	0.0
2.0847113285E9	0.0
2.0924756165E9	8.023973759180588
2.1002399045E9	59.24884436380689
2.1080041925E9	59.280168554849105
2.1157684805E9	59.32212015967437
2.1235327685E9	59.27987818433947
2.1312970565E9	58.91775682875271
2.1390613445E9	59.296307684297766
2.1468256325E9	59.35894468118067
2.1545899205E9	59.34635072048358
2.1623542085E9	59.417983300817475
2.1701184965E9	59.39632118754751
2.1778827845E9	59.33543000148487
2.1856470725E9	59.191972305851415
2.1904682635E9	58.91038272031104
2.1943504075E9	0.0
2.2011756485E9	0.0
2.2089399365E9	42.87610744850926
2.2167042245E9	59.282544656800965
2.2244685125E9	59.2947452767275
2.2322328005E9	59.317208102746335
2.2399970885E9	59.35303184106575
2.2477613765E9	59.299757033801505
2.2555256645E9	59.27711517867426
2.2632899525E9	59.270375074408605
2.2710542405E9	59.27423547000074
2.2788185285E9	59.31576598204404
2.2865828165E9	59.273108134937395
2.2943471045E9	59.06902804719804
2.2983401385E9	59.566905096774576
2.3022222825E9	0.0
2.3098756805E9	0.0
2.3176399685E9	22.81027688170501
2.3254042565E9	54.89473130349202
2.3331685445E9	56.85088990029959
2.3409328325E9	58.923955097145345
2.3486971205E9	59.2586964156
2.3564614085E9	59.245619921326366
2.3642256965E9	59.0090008596835
2.3719899845E9	58.83836014694584
2.3797542725E9	57.78445849221416
2.3875185605E9	59.20117225184453
2.3952828485E9	59.34367358974569
2.399803605E9	56.36957665766107
2.403685749E9	58.76277346539949
2.4108114245E9	59.249310791786115
2.4185757125E9	53.35532292391765
2.4263400005E9	56.32613026130856
2.4341042885E9	39.30854870516249
2.4418685765E9	1.5428629481811935
2.4496328645E9	48.74866765531558
2.4573971525E9	59.249003721166886
2.4651614405E9	59.2869263231534
2.4729257285E9	58.527670077475406
2.4806900165E9	59.2740547615244
2.4876763615E9	58.59852996235144
2.4915585055E9	57.9053341842294
2.4962185925E9	59.04508131158128
2.5039828805E9	59.1502582577504
2.5117471685E9	47.723293309050646
2.5195114565E9	43.86232659188258
2.5272757445E9	56.717559412348095
2.5350400325E9	56.394162318242714
2.5428043205E9	59.297094047225045
2.5505686085E9	59.14320615771571
2.5583328965E9	59.104999242787656
2.5660971845E9	59.19332179388835
2.572008666E9	58.74090094045901
2.57589081E9	58.055127411672935
2.5816257605E9	59.340680851229216
2.5893900485E9	27.15883799156171
2.5971543365E9	50.870712903376315
2.6049186245E9	59.37171766520719
2.6126829125E9	59.35193495755325
2.6204472005E9	59.21433643218504
2.6282114885E9	59.32638943032486
2.6359757765E9	59.36488344327785
2.6437400645E9	59.35762672146015
2.6510167485E9	59.17285155786324
2.6548988925E9	49.04649769171729
2.6592686405E9	58.86366091945621
2.6670329285E9	58.02923496828076
2.6747972165E9	59.12947516527629
2.6825615045E9	58.38952694910089
2.6903257925E9	56.7379655539674
2.6980900805E9	59.09508057564394
2.7058543685E9	58.187741097240824
2.7113827085E9	59.069756550360026
2.7152648525E9	59.12640239769119
2.7213829445E9	59.30252483848667
2.7291472325E9	59.32316384521321
2.7369115205E9	37.72673659639508
2.7446758085E9	46.02160299120621
2.7524400965E9	59.28286700466326
2.7602043845E9	59.17621278524569
2.7679686725E9	59.297409338196154
2.774661944E9	58.90803452491445
2.778544088E9	0.0
2.7834972485E9	21.932653979460955
2.7912615365E9	55.35280353841647
2.7990258245E9	59.387343698063844
2.8067901125E9	59.35367256771244
2.8145544005E9	59.19240078130455
2.8213097995E9	57.28858366082759
2.8251919435E9	0.0
2.8300829765E9	0.0
2.8378472645E9	40.33691079289576
2.8456115525E9	55.1917608181117
2.8533758405E9	59.2471359419802
2.8611401285E9	59.20294451833927
2.8689044165E9	59.18461512060744
2.8738940415E9	58.769726634033184
2.8777761855E9	57.950196764687156
2.8844329925E9	59.33036010701198
2.8921972805E9	59.339690136145315
2.8999615685E9	59.367502314986815
2.9077258565E9	59.3718128521268
2.9154901445E9	59.3237103909756
2.9232544325E9	57.518688350638826
2.9310187205E9	47.62098746620475
2.9387830085E9	41.93420950793469
2.9465472965E9	57.16841900496497
2.9543115845E9	59.294992411154276
2.9620758725E9	59.1964837657174
2.9698401605E9	59.20859424898039
2.9776044485E9	57.2692368376224
2.9853687365E9	59.38337033546237
2.9931330245E9	57.963994374010255
3.0008973125E9	59.33883401653566
3.0086616005E9	58.51801207948441
3.0164258885E9	57.70410434704661
3.0241901765E9	58.51278746204808
3.029557369E9	54.370554238374645
3.033439513E9	41.83869456177403
3.0397187525E9	21.193040160362916
3.0474830405E9	11.967481664087304
3.0552473285E9	6.281818130676033
3.0630116165E9	0.0
3.0707759045E9	0.0
3.0785401925E9	0.0
3.0853460845E9	49.09025585323204
3.088278117E9	59.57540707559508
3.088373929E9	50.09895760680041
3.0884774725E9	45.79360892388451
3.0885573295E9	57.7698379691177
3.0886546005E9	29.4408151673696
3.0887081185E9	45.730288386081455
3.0887493115E9	41.765104859985655
3.088858438E9	37.38301993454685
3.088966832E9	55.00267562169325
3.089008063E9	51.72930861324649
3.089109657E9	9.892492926412777
3.089267292E9	12.97963509401266
3.08942189E9	13.221376992043638
3.089604443E9	44.38532882547281
3.089755642E9	50.979150469035226
3.0898220175E9	30.07755341907059
3.0898610755E9	22.144343549478215
3.089968525E9	38.019485053368015
3.0900764725E9	35.53704730842141
3.090141311E9	11.647897121719271
3.090191469E9	0.7716321067199057
3.090297168E9	32.483936972206656
3.090503609E9	28.933854440484787
3.0907062205E9	51.97591152560538
3.09089898E9	40.18119114559381
3.091013772E9	53.5031210276695
3.091052607E9	57.77493984977221
3.0911587895E9	51.76228396052214
3.091267064E9	59.08329653191053
3.0915130575E9	10.595472039850412
3.092673561E9	25.80278874860186
3.093702736E9	47.3056130013053
3.093935951E9	39.13243378667595
3.094132646E9	31.71905350542238
3.0942642985E9	15.82206877686618
3.094360447E9	54.56202302463021
3.0944711045E9	10.17300727201082
3.0946435155E9	20.981943931909846
3.094747446E9	40.38735501344863
3.0948598115E9	13.739080960064966
3.0950026905E9	42.76970120958513
3.095104297E9	47.2872236414032
3.095190977E9	18.796573426718634
3.0952465895E9	0.0
3.0952663465E9	20.5786659537495
3.095268566E9	14.09576837416481
3.0952706195E9	4.32476571491204
3.0952723265E9	12.450331125827814
3.0952838005E9	5.25979231189652
3.0952967465E9	15.483919622439547
3.095299555E9	1.5346661775495232
3.0953008775E9	2.2522848034006375
3.0953027375E9	2.0185
3.0953043745E9	0.9806143751864003
3.095311073E9	4.543308677903076
3.0953361175E9	2.3260164629583437
3.095355552E9	0.0
3.0953574645E9	2.0537615330021293
3.095360032E9	9.400731018441602
3.095361791E9	5.904059785901838
3.095363378E9	21.484897284122564
3.095365611E9	21.895224236010055
3.0953678415E9	17.439462158105915
3.095369933E9	53.530894839973875
3.095371677E9	10.1159114857745
3.09537289E9	1.9387978142076503
3.0953743225E9	8.162328767123288
3.095375945E9	37.84405831247239
3.095572656E9	47.20211229424518
3.095769303E9	51.18075862103618
3.0957708065E9	18.955440986926902
3.0957736535E9	54.81074686163387
3.095822105E9	49.59378955633993
3.095924849E9	22.584750027186505
3.095983129E9	55.7712514062169
3.095986364E9	23.742246667083933
3.0959887305E9	30.846749927867773
3.0959909825E9	27.8920129601844
3.095993051E9	35.13424062545244
3.0959946765E9	53.35718208780345
3.096006671E9	46.363665608347205
3.0960870785E9	45.15641559900283
3.0961589785E9	54.38407290093714
3.096165879E9	54.55681588725982
3.096173123E9	52.98393756857002
3.09617898E9	51.601275201402515
3.096183283E9	51.25725009853923
3.096185859E9	24.76750671348895
3.0961883E9	10.829763866007688
3.0961908755E9	22.146868250539956
3.096192456E9	17.6186844613918
3.096238607E9	47.71906698373264
3.0962848625E9	5.166631995007281
3.096286263E9	0.0
3.0962877625E9	17.72239358420728
3.096289947E9	32.198768980339295
3.096292208E9	7.435745937961595
3.0962965075E9	0.9533113794365167
3.096315547E9	18.934043160674772
3.0963533005E9	42.34284184827247
3.09637788E9	46.34621710244736
3.096382479E9	52.411148790086244
3.0963879875E9	55.40298320381048
3.0963943185E9	37.79427523100487
3.096398918E9	22.942682926829267
3.0964033365E9	47.83420657814694
3.0964070605E9	38.019107231098666
3.0964084065E9	35.0
3.0964096105E9	0.0
3.096411644E9	23.186925863919342
3.0964135175E9	8.859375
3.0964147555E9	0.0
3.0964161835E9	0.0
3.0964174105E9	27.061508627119487
3.096418484E9	28.667637165901116
3.096419946E9	0.0
3.096422275E9	0.0
3.0964254675E9	52.29097839898348
3.0964313925E9	0.10367577756833177
3.0964360765E9	0.0
3.096437123E9	0.0
3.0964382945E9	7.767981438515081
3.096440137E9	0.9938080495356038
3.096442099E9	0.9939759036144579
3.096443439E9	3.8458143704316647
3.0964449505E9	5.178719008264463
3.0964464985E9	1.9301293900184844
3.0964475915E9	2.74147305981216
3.0964489705E9	5.005125815470643
3.0964506065E9	1.3846373909311973
3.0964522235E9	0.0
3.0964537525E9	0.9908675799086758
3.0964552355E9	1.421408674890569
3.09645655E9	22.0
3.0964580005E9	0.9965310627562283
3.0964594605E9	0.9772861356932153
3.096462063E9	28.069417440771947
3.0964647385E9	0.9393203883495146
3.0964666345E9	0.0
3.0964687875E9	0.0
3.096470338E9	0.0
3.0964722525E9	0.0
3.096474844E9	0.6793365583966828
3.0964802425E9	58.204571874231874
3.0964880595E9	58.632663094243156
3.0965833285E9	36.116864282187755
3.0967643755E9	55.14105313129473
3.0969348755E9	11.625678727582438
3.097105623E9	43.53354374081477
3.0972741855E9	9.43312150223816
3.0973604055E9	5.134433876934071
3.097450029E9	21.09045609548722
3.0976374775E9	49.441804834680454
3.0978270425E9	38.66339889236075
3.0979310955E9	44.763892199934155
3.097952041E9	22.537449843958985
3.0979864125E9	55.907149230804336
3.098119023E9	12.215972010207892
3.098265051E9	18.712531145424123
3.098391091E9	55.897132229312724
3.0985448955E9	39.847809260453666
3.0986946915E9	38.65562639759702
3.098783935E9	0.0
3.0988292795E9	34.93447877218941
3.098880847E9	21.281913173768803
3.098919304E9	44.133671293076645
3.0989774605E9	37.92540714915503
3.099052881E9	40.2801995210433
3.0991573655E9	33.533028439480105
3.099319594E9	30.305294668725395
3.0995012675E9	21.643687566724743
3.099670145E9	50.98750177333431
3.09983663E9	1.1945525291828794
3.0999236415E9	59.73109243697479
3.099926258E9	28.52822524163048
3.0999293305E9	57.028385239675366
3.0999317075E9	53.609254498714655
3.099933225E9	44.31683848797251
3.099934473E9	0.995774647887324
3.099935544E9	58.0
3.099936873E9	44.8350962555532
3.0999392435E9	58.39320819487271
3.0999417715E9	57.17080406979668
3.099944294E9	58.843344362433186
3.099947122E9	33.903221115393
3.099949542E9	29.41840731070496
3.099951465E9	0.0
3.0999532635E9	0.0
3.0999548975E9	0.0
3.099956276E9	0.0
3.0999589355E9	59.53702757916241
3.099961492E9	41.17321613236815
3.0999627755E9	27.40924092409241
3.099966206E9	53.59213227341642
3.099971928E9	0.0
3.0999763185E9	57.920097871556735
3.0999787225E9	0.0
3.099980804E9	28.443396226415093
3.099982934E9	0.0
3.0999846185E9	11.204026845637584
3.0999859675E9	52.76233505450373
3.099987108E9	0.0
3.0999883185E9	0.0
3.099989888E9	11.68753287743293
3.0999934275E9	57.4373818248536
3.099997199E9	34.28974259474842
3.0999989405E9	26.956746287927697
3.100000503E9	20.25534729878721
3.100002242E9	48.447043534762834
3.100004537E9	45.99345580174733
3.100007437E9	43.122843056696794
3.1000093805E9	5.417582417582418
3.1000104305E9	17.013002364066192
3.100011833E9	44.07669688801764
3.1000136915E9	46.910928446301035
3.1000154645E9	34.19514472455649
3.100017134E9	26.983249279538907
3.1000187915E9	42.2839558573854
3.100020568E9	48.38767901025337
3.1000221625E9	38.83801404212638
3.1000236955E9	31.13768115942029
3.1000264625E9	57.08539325842697
3.100029677E9	58.23658311548516
3.100031578E9	58.81773399014779
3.1000326205E9	5.891891891891892
3.100033658E9	0.0
3.100035464E9	52.789117101697336
3.1000409715E9	39.38379431311368
3.1000479435E9	7.191548908056524
3.100051797E9	48.31671558331363
3.100053416E9	57.117286559594255
3.10005829E9	52.55956433642456
3.1000639665E9	38.880009683737924
3.1000665115E9	23.759576145427566
3.100068816E9	59.21311475409836
3.100070957E9	54.28309590781236
3.1000725955E9	58.59166329421287
3.10007379E9	39.247079921284836
3.1000757855E9	59.668125374858384
3.1000785755E9	59.43250550141465
3.1000897445E9	59.42612730460219
3.1001009405E9	59.495062836624776
3.1001076425E9	59.0970080266618
3.1001174535E9	0.0
3.10012562E9	59.42661660597562
3.1001304845E9	54.174380534931565
3.1001326025E9	33.11376734258271
3.100134138E9	14.167849278199169
3.100136976E9	59.37472921953333
3.1001412695E9	59.63702128746377
3.1001454075E9	0.0
3.1001489115E9	0.0
3.1001523505E9	0.0
3.1001553555E9	44.319861196162485
3.1001569595E9	41.98993540633919
3.1001596515E9	59.40498812351544
3.100164687E9	0.0
3.100169456E9	59.43868194842407
3.100173756E9	59.02764021891387
3.100178605E9	0.0
3.100182461E9	59.715622671682205
3.1001845245E9	2.455103607060629
3.100186698E9	58.68604603370325
3.1001901715E9	59.408387335056915
3.1001926785E9	31.62261321603519
3.1001942255E9	0.0
3.100196577E9	58.488835000505205
3.100199826E9	59.71963169620852
3.1002050385E9	0.0
3.1002116325E9	59.36364581916519
3.100215983E9	59.24980968985586
3.100218536E9	0.0
3.1002222875E9	0.0
3.100226716E9	0.0
3.100230998E9	59.24404122825854
3.10023432E9	57.77502613170379
3.100237109E9	53.554836482871686
3.100241596E9	59.555352742539014
3.1002465235E9	59.98467563425847
3.100249222E9	0.0
3.1002504975E9	59.570192020694456
3.1002526125E9	58.82928910871885
3.1002555955E9	56.147848288373034
3.1002585615E9	59.56870115738451
3.1002608765E9	59.06085289889794
3.100264232E9	0.0
3.1002683515E9	0.0
3.1002730005E9	55.185964120800385
3.100276567E9	54.69487476967174
3.1002785615E9	59.11435340127101
3.1002805655E9	34.8517092103299
3.1002818545E9	58.22735369796134
3.100283864E9	59.64153076053609
3.100286221E9	0.0
3.1002886105E9	20.35799175357749
3.100297238E9	0.0
3.100308266E9	0.0
3.1003148695E9	0.0
3.1003201675E9	58.694463451640736
3.100323191E9	58.81481481481482
3.100327556E9	59.497972369235
3.1003361335E9	59.003587046813536
3.100341505E9	35.08404150537142
3.100343284E9	57.87831615300089
3.1003451525E9	54.14789801581069
3.10034797E9	58.69815397623186
3.1003522945E9	59.46785521339816
3.1003595775E9	59.441736197730606
3.100367519E9	59.47835564272374
3.1003726985E9	58.89216697700166
3.1003758895E9	59.667774086378735
3.1003787135E9	0.0
3.1003813635E9	0.0
3.100384543E9	59.58084566684835
3.100388122E9	38.16200427594929
3.100390936E9	59.52444239313578
3.1003962175E9	59.18502223146163
3.1004020815E9	59.621103515277895
3.1004062135E9	36.193049168730106
3.100409423E9	37.40826477903195
3.1004119315E9	56.952467329018425
3.100414125E9	59.347456024210324
3.100417918E9	56.86095879956322
3.100423028E9	56.66689514971498
3.1004269835E9	59.323918317507754
3.1004299135E9	0.0
3.100431937E9	0.0
3.100433132E9	0.0
3.100434876E9	0.0
3.1004377605E9	54.54821315056883
3.1004408225E9	56.2452577122054
3.1004441155E9	0.0
3.1004490815E9	58.93615930963094
3.100453243E9	0.0
3.1004556705E9	0.0
3.1004587745E9	59.61362755179447
3.100461398E9	32.1285367825384
3.100462798E9	0.0
3.1004649905E9	56.83035987542082
3.100471036E9	0.0
3.1004779445E9	59.32681139552852
3.1004820575E9	52.75774155995344
3.100486718E9	59.48683042320213
3.1004910255E9	0.0
3.10049749E9	0.0
3.1005038655E9	0.0
3.1005113075E9	0.0
3.100520375E9	59.35908289426181
3.100524579E9	58.99906576451604
3.100528576E9	59.38918283681107
3.100533401E9	59.116984244191066
3.1005371995E9	51.901558495978854
3.100540127E9	0.0
3.100544135E9	59.41632803841891
3.1005486665E9	59.39026597505794
3.1005512115E9	52.910527885475695
3.100552639E9	59.52836637047163
3.1005539095E9	0.0
3.1005560785E9	57.27667026865894
3.100558656E9	57.08754919842565
3.100561947E9	0.0
3.10056789E9	0.0
3.100573138E9	0.0
3.100576513E9	59.315147345809876
3.100580371E9	58.09278945870105
3.100591292E9	23.388538519041052
3.100602639E9	0.0
3.100606305E9	59.041655779926096
3.100608874E9	59.55135160635939
3.1006116575E9	59.552727890129795
3.1006156585E9	59.84359275919347
3.100620518E9	59.57957757078114
3.1006254325E9	59.56419512534577
3.1006312815E9	0.0
3.1006367155E9	58.43132798630085
3.100640534E9	58.15987831124488
3.100643878E9	53.767146145883224
3.100647993E9	59.48805687105566
3.1006508345E9	44.30441810344828
3.100653317E9	59.44112291762915
3.1006563755E9	59.72137342211692
3.1006598935E9	59.512816096196595
3.1006649805E9	59.27606168665771
3.1006712605E9	59.54423906140322
3.1006757165E9	58.01652892561984
3.100677201E9	30.19279236839006
3.10067847E9	46.50941028858218
3.100683289E9	59.37843679997717
3.1006885805E9	59.63314236634595
3.100691006E9	56.32622110336782
3.1006942785E9	0.0
3.1006969395E9	0.0
3.1006991355E9	48.2385265855221
3.1007016905E9	46.84856996935649
3.100704182E9	0.9915343915343915
3.100706833E9	46.87137609806828
3.100708945E9	0.0
3.100712266E9	0.0
3.10071577E9	59.67251274230445
3.100717503E9	59.38053097345133
3.100719116E9	59.848724803304236
3.1007206285E9	0.0
3.1007221265E9	51.20886075949367
3.100724699E9	56.72690727647795
3.1007268945E9	0.0
3.1007289465E9	0.0
3.1007309285E9	0.0
3.1007330965E9	59.52013582747528
3.1007392415E9	0.0
3.1007470865E9	59.44002683090432
3.1007528755E9	0.0
3.1007561985E9	59.25320886814469
3.1007588475E9	55.30218238650272
3.100761762E9	47.56342074698942
3.1007635275E9	0.0
3.100764747E9	12.006284916201118
3.1007667445E9	47.31820453863841
3.1007691425E9	45.28014356387622
3.100772442E9	0.0
3.100775528E9	57.16578286352219
3.100781116E9	57.823983772966415
3.10079114E9	59.16079361656243
3.100797975E9	57.78770380434783
3.1008007345E9	57.88774764109885
3.100804877E9	59.715578399507606
3.100809349E9	0.0
3.1008114985E9	0.9813664596273292
3.1008137425E9	28.274388953265195
3.1008164375E9	28.015522823267084
3.100825815E9	31.230935036311116
3.100837982E9	5.006856331679618
3.100842972E9	4.946996466431095
3.1008451085E9	51.00594202898551
3.10084822E9	44.6416742081448
3.1008510465E9	44.216188524590166
3.100852321E9	53.035714285714285
3.1008571395E9	59.74178838399682
3.1008619615E9	0.0
3.1008648315E9	58.744278066219934
3.100868278E9	55.993343563370935
3.100873156E9	55.958052232873364
3.1008795525E9	52.190329659321776
3.100884274E9	50.422498093843416
3.10088846E9	20.18964740974196
3.1008916615E9	20.499187086284984
3.10089384E9	15.634375
3.1008970555E9	58.81401497816384
3.1008998325E9	41.77244272345918
3.100902708E9	50.91201560496403
3.1009063655E9	52.219939532284236
3.1009089965E9	51.025574204635895
3.1009125255E9	47.44134388114418
3.1009156975E9	55.50401859257739
3.100917935E9	51.1568171075384
3.1009210515E9	53.34770779863791
3.1009240305E9	50.337784353998416
3.100926116E9	46.04104498411342
3.1009275335E9	30.626969242310576
3.100928649E9	40.61877500769467
3.1009304855E9	44.621128871128874
3.100935775E9	59.62493269212916
3.1009404825E9	7.0
3.1009433075E9	54.4238873999698
3.100962012E9	11.460264473511057
3.100979643E9	27.5908624814857
3.1009826315E9	57.23359167524795
3.100986095E9	55.16499085923218
3.100988659E9	33.1124363274941
3.1009913515E9	53.825632954372956
3.100994484E9	32.45542128417887
3.100999235E9	42.95137465712394
3.1010045095E9	55.03997487923575
3.101007663E9	37.33786563071298
3.101009454E9	41.01023890784983
3.1010139635E9	0.0
3.10102777E9	0.0
3.101038557E9	55.506293797041266
3.1010399745E9	0.0
3.10104147E9	0.9942857142857143
3.101043057E9	39.881361223852636
3.101044461E9	45.551656920077974
3.101046252E9	52.71316897173782
3.101048543E9	59.60502958579882
3.101051444E9	59.14488526167166
3.101053714E9	0.0
3.101055658E9	60.0
3.1010593945E9	59.29889320004577
3.1010636115E9	56.795301197847344
3.101066684E9	20.395792563600782
3.101069485E9	0.0
3.10107171E9	51.48734693877551
3.1010747125E9	0.0
3.101082788E9	0.0
3.1010891985E9	0.0
3.101090371E9	0.0
3.101091454E9	0.0
3.1010926105E9	0.0
3.101093789E9	0.0
3.101094954E9	0.0
3.1010960955E9	0.0
3.1010976565E9	50.203467267492805
3.1010992105E9	46.04810221721157
3.1011004015E9	0.0
3.101103073E9	59.16469296525763
3.101108811E9	0.0
3.1011134185E9	34.90504160548213
3.1011171035E9	58.37414779595455
3.1011208445E9	40.87721369539551
3.1011223705E9	55.88437622298561
3.1011236055E9	58.62232779097387
3.101126918E9	59.88263790046695
3.101130602E9	35.09140373370024
3.1011321595E9	0.0
3.101133927E9	55.0530463194311
3.1011356635E9	0.0
3.1011368845E9	56.20223866439006
3.1011381815E9	0.0
3.10113931E9	53.20642668293675
3.1011404165E9	0.0
3.101141667E9	59.51869229604964
3.101143503E9	54.00503403289847
3.1011454715E9	56.13313949039712
3.101147397E9	57.986156323887194
3.1011501335E9	47.65775075987842
3.101157518E9	58.215657782112785
3.1011645045E9	58.87970910530091
3.1011668885E9	28.213142935487614
3.1011686545E9	12.89516129032258
3.1011709785E9	59.39890710382514
3.101173445E9	58.87766554433221
3.101205684E9	42.01536284904254
3.1012403025E9	51.407242010328716
3.1012453615E9	51.456271904800715
3.1012505225E9	55.56197479692333
3.1012614495E9	35.79932546776877
3.1012739195E9	46.287583185782296
3.101281912E9	56.99916839546624
3.1012871705E9	54.92084789540916
3.101295694E9	50.143649891752446
3.1013044905E9	55.558436768892115
3.1013083555E9	50.6435812472422
3.1013114625E9	51.45745412844037
3.101316135E9	47.31600818628797
3.1013198035E9	14.509204782691214
3.101320917E9	0.9076433121019108
3.101322018E9	46.73585858585859
3.1013238925E9	34.01260577303282
3.101326703E9	41.96329861290156
3.1013294495E9	48.79921108113623
3.1013318685E9	0.9625850340136054
3.1013343305E9	43.368095769820044
3.101336736E9	50.01459412199879
3.101339303E9	38.170270985965224
3.101342702E9	49.51157186393503
3.101345195E9	59.85345997286296
3.1013472335E9	9.203319502074688
3.101349218E9	0.0
3.1013517465E9	56.604849820887296
3.101354867E9	38.63735578422202
3.1013568785E9	54.67357001972387
3.101370363E9	59.14327882376193
3.1013921985E9	59.3443090288551
3.1014090845E9	59.18943590166314
3.101423574E9	55.358875234706844
3.101436092E9	0.0
3.1014467775E9	59.74673909282773
3.10145676E9	58.1864776963573
3.1014665925E9	59.70171693177376
3.101476343E9	59.094082598816804
3.1014858855E9	55.005617302336276
3.1014950245E9	0.0
3.101503724E9	0.0
3.1015121195E9	49.02643591266156
3.101520406E9	0.0
3.101528602E9	59.24228408403216
3.101536693E9	59.485830742918495
3.1015446345E9	59.12449864498645
3.1015524055E9	58.767340882045936
3.1015601115E9	0.0
3.101567702E9	59.30111388213065
3.1015751255E9	0.0
3.1015823905E9	59.53268711432336
3.101589504E9	58.42590420038304
3.101596546E9	0.0
3.101603554E9	0.0
3.1016105495E9	57.08475493316359
3.101617536E9	32.59576884850206
3.101624424E9	0.0
3.101631085E9	57.33828260719594
3.1016374705E9	58.66038260688959
3.1016435565E9	59.71421085726263
3.1016494765E9	0.0
3.1016553825E9	59.57322539281545
3.101661271E9	0.0
3.1016671275E9	0.0
3.101672916E9	0.0
3.101678576E9	0.0
3.101684071E9	0.0
3.1016894025E9	0.0
3.1016946505E9	59.377279498817245
3.1016998325E9	59.54496757823513
3.1017049205E9	0.0
3.101709929E9	0.0
3.101714835E9	58.303911093616
3.1017196755E9	58.153127179952484
3.101724499E9	58.73508922812299
3.101729313E9	0.0
3.1017340725E9	59.58185512171697
3.1017387675E9	0.0
3.10174343E9	58.51974602314831
3.1017480095E9	0.0
3.101752486E9	57.71291553752075
3.1017569135E9	59.8988120492151
3.101761326E9	58.563246334985465
3.1017657265E9	0.0
3.101770102E9	0.0
3.101774441E9	0.0
3.1017787455E9	51.3105561861521
3.1017830115E9	59.49387382504386
3.1017872465E9	59.30137221416496
3.1017914715E9	59.62799252928858
3.1017956905E9	0.0
3.1017999035E9	59.17136528260713
3.1018041115E9	58.695416489221934
3.1018082655E9	0.0
3.101812367E9	59.66197808705952
3.101816459E9	0.0
3.101820484E9	57.79296053817046
3.101824445E9	0.0
3.101828395E9	0.0
3.1018323325E9	54.90711997585074
3.101836262E9	57.33473059956788
3.1018401885E9	0.0
3.10184411E9	31.685828886094022
3.1018480235E9	0.0
3.1018519235E9	0.0
3.1018558145E9	53.97692835251505
3.101859689E9	0.0
3.1018635415E9	59.055266485823786
3.101867382E9	0.0
3.1018712145E9	0.0
3.1018750435E9	0.0
3.10187887E9	0.0
3.101882693E9	0.0
3.101886508E9	0.0
3.101890313E9	0.0
3.101894113E9	47.632552774253085
3.101897881E9	0.0
3.1019016E9	56.96060037523452
3.1019052995E9	49.085509095308275
3.1019089945E9	0.0
3.1019126835E9	58.969559145610916
3.101916365E9	57.777192463911824
3.1019200355E9	0.0
3.101923674E9	0.0
3.101927286E9	57.30736217278046
3.1019308945E9	59.877416743906736
3.1019344895E9	52.36172284233332
3.101938072E9	26.395443925233646
3.101941634E9	0.0
3.1019451695E9	0.0
3.101948697E9	0.9942857142857143
3.1019522085E9	59.76645135813612
3.101955703E9	0.0
3.1019591915E9	59.562757568048845
3.101962651E9	59.32421097097339
3.101966064E9	59.034090424245875
3.1019694465E9	0.0
3.101972819E9	0.0
3.101976185E9	59.92496717313825
3.101979541E9	58.61319881260321
3.1019828865E9	53.956577326953266
3.1019862165E9	59.490019226861335
3.1019895175E9	51.49140533288613
3.1019927975E9	59.766668645728195
3.1019960665E9	56.42984208279983
3.1019993255E9	58.64785721848695
3.102002581E9	56.328099369766036
3.102005831E9	0.0
3.1020090695E9	0.0
3.1020122965E9	0.0
3.1020155165E9	0.0
3.1020187305E9	59.28350892053576
3.1020219335E9	54.198832898530824
3.102025125E9	59.65557505693274
3.102028308E9	58.99992081246412
3.1020314845E9	40.46905587314706
3.102034659E9	0.0
3.1020378305E9	51.57613025521744
3.1020409985E9	36.58360655737705
3.102044163E9	0.0
3.102047316E9	57.59121596557608
3.102050456E9	57.972756494704115
3.1020535825E9	57.778997675019376
3.1020566935E9	54.741008383642296
3.102059793E9	55.781137561625364
3.102062879E9	59.478567648615275
3.102065945E9	0.0
3.102068997E9	0.0
3.10207203E9	45.1882129792711
3.1020750435E9	55.69295931120678
3.102078054E9	0.0
3.102081057E9	0.0
3.102084054E9	54.50214403889658
3.102087044E9	58.46489048465046
3.102090025E9	56.418707932810925
3.102092998E9	0.0
3.102095965E9	33.222857142857144
3.1020989315E9	0.0
3.1021018915E9	52.17954402258885
3.1021048445E9	56.300184132053644
3.1021077875E9	59.61069935629472
3.1021107135E9	36.779728244140536
3.10211362E9	58.340236310506924
3.102116511E9	55.93748288608981
3.102119394E9	58.854931830299336
3.1021222725E9	59.50879721371525
3.1021251475E9	52.54425548633328
3.1021280175E9	53.14971016207264
3.1021308845E9	0.0
3.10213375E9	59.21519034493034
3.1021366145E9	59.773481815939746
3.102139476E9	58.94944169870035
3.1021423325E9	43.72254813565805
3.1021451745E9	0.0
3.1021480035E9	0.0
3.1021508295E9	57.31337886195252
3.102153651E9	59.2207242631914
3.102156467E9	22.250310302027305
3.102159278E9	0.0
3.1021620835E9	0.0
3.10216488E9	0.0
3.102167667E9	59.743288052198096
3.1021704475E9	37.63800986644206
3.102173225E9	0.0
3.1021759985E9	0.0
3.102178768E9	0.0
3.102181536E9	52.737775660604704
3.102184301E9	54.43212667497512
3.102187055E9	47.32041321237901
3.1021897985E9	56.848823284781616
3.1021925375E9	56.75792193017799
3.10219527E9	36.79262142308957
3.1021979975E9	0.0
3.10220072E9	49.72933771209633
3.102203437E9	57.851179875333926
3.1022061485E9	0.0
3.1022088545E9	0.0
3.1022115525E9	0.0
3.102214244E9	57.592550220700836
3.1022169345E9	58.28294447952757
3.102219623E9	49.03403802685813
3.102222305E9	0.0
3.1022249775E9	53.86089631662094
3.1022276455E9	59.17720532706807
3.102230311E9	57.930711119844545
3.10223297E9	0.0
3.1022356195E9	0.0
3.1022382625E9	59.38132093667318
3.1022408995E9	59.18698167191906
3.1022435315E9	0.0
3.1022461615E9	58.39106959488556
3.102248787E9	0.0
3.1022514095E9	0.0
3.10225403E9	54.51795186958209
3.102256642E9	57.915215772490335
3.102259246E9	58.37787812564143
3.102261848E9	58.53424579736483
3.1022644475E9	0.0
3.102267045E9	0.0
3.1022696415E9	0.0
3.1022722365E9	55.10961459973179
3.1022748265E9	0.0
3.102277412E9	58.61488934806696
3.102279996E9	59.445655434456555
3.1022825765E9	58.895475544842824
3.10228515E9	55.889928103327605
3.102287719E9	54.072601250339765
3.102290279E9	0.0
3.1022928285E9	0.0
3.1022953765E9	0.0
3.1022979235E9	52.76562918724398
3.102300469E9	55.942669123054415
3.1023030085E9	0.0
3.102305542E9	58.02598837685193
3.1023080695E9	53.83468630407051
3.1023105915E9	50.03319690768531
3.10231311E9	59.455484303215925
3.102315624E9	0.0
3.102318134E9	0.0
3.1023206395E9	0.0
3.10232314E9	59.75852626338063
3.102325624E9	0.0
3.102328092E9	57.43905817174515
3.1023305565E9	0.0
3.102333018E9	59.3717277486911
3.102335476E9	59.688703568131906
3.1023379295E9	0.0
3.102340372E9	0.0
3.1023428065E9	60.0
3.1023452395E9	50.3134575404865
3.102347669E9	30.45958429561201
3.102350093E9	48.2370784024382
3.1023525135E9	59.42965779467681
3.1023549305E9	51.80662447979021
3.1023573395E9	57.17349254909701
3.102359743E9	0.0
3.1023621455E9	56.24764265316019
3.102364545E9	58.00211554395924
3.102366941E9	0.0
3.1023693355E9	57.7077046411086
3.1023717265E9	0.0
3.1023741115E9	59.533490731024834
3.102376493E9	47.646353646353646
3.1023788735E9	0.0
3.1023812475E9	0.0
3.1023836135E9	53.56773829932133
3.102385977E9	56.61009952265526
3.1023883325E9	0.0
3.102390676E9	57.77051650074309
3.102393013E9	0.0
3.1023953465E9	53.47394296951819
3.102397678E9	55.51239092495637
3.1024000085E9	36.15980629539951
3.102402335E9	0.0
3.102404656E9	59.38347389400942
3.1024069725E9	58.19817291803074
3.1024092835E9	56.36253798292577
3.1024115905E9	46.96496332125582
3.1024138915E9	53.906248087632335
3.102416183E9	59.3174908264896
3.102418466E9	51.355932203389834
3.1024207435E9	45.817187977931596
3.102423018E9	57.9570820668693
3.1024252855E9	0.0
3.1024275435E9	11.304591265397537
3.1024297965E9	56.38285552714398
3.102432045E9	0.0
3.102434287E9	41.337278106508876
3.102436518E9	44.18156010861516
3.1024387395E9	52.86473429951691
3.1024409585E9	48.54068751213828
3.102443175E9	0.0
3.102445389E9	59.816120134845235
3.102447597E9	53.89877527535755
3.1024497985E9	0.0
3.102451997E9	56.2880093773702
3.1024541925E9	50.00257271181267
3.102456381E9	0.0
3.102458562E9	58.777574141952684
3.10246074E9	58.67560188632415
3.102462917E9	59.727633789907834
3.102465094E9	58.02539084573366
3.1024672665E9	4.917127071823204
3.1024694305E9	53.44730823031265
3.102471588E9	0.0
3.1024737375E9	50.04749455337691
3.102475881E9	55.481633712629254
3.1024780205E9	59.368840727867514
3.1024801555E9	0.0
3.102482287E9	0.0
3.1024844155E9	57.760806373472576
3.102486542E9	57.63082159987622
3.102488667E9	0.0
3.1024907905E9	0.0
3.102492907E9	45.595048868747675
3.1024950155E9	59.12018061827023
3.1024971155E9	59.633380335854376
3.102499209E9	59.32236248872859
3.1025012995E9	0.0
3.1025033865E9	0.0
3.1025054725E9	59.546929605591615
3.1025075575E9	0.0
3.1025096395E9	0.0
3.102511719E9	35.07840026717876
3.1025137965E9	59.74062621956711
3.10251587E9	57.91024758191815
3.1025179385E9	59.600224435404684
3.102520002E9	59.528561807383824
3.10252206E9	0.0
3.102524114E9	58.91642119752237
3.1025261605E9	54.00111370976723
3.1025281985E9	57.29250095651065
3.102530234E9	51.27768959435626
3.1025322685E9	59.568020631850416
3.1025343015E9	51.723421647352986
3.102536332E9	0.0
3.102538359E9	0.0
3.102540382E9	54.4519788253088
3.1025424015E9	0.0
3.102544418E9	0.956953642384106
3.10254643E9	47.8894964028777
3.102548438E9	0.0
3.102550444E9	57.74241150442478
3.102552448E9	0.0
3.10255445E9	0.0
3.102556451E9	56.17530327466517
3.1025584515E9	0.0
3.1025604495E9	58.22681935722202
3.1025624435E9	56.029834931965205
3.102564432E9	29.32413388138579
3.102566415E9	20.052952447308833
3.102568394E9	54.65653716412702
3.102570368E9	56.18285632204546
3.1025723375E9	54.77481344193533
3.1025743025E9	53.49790432143374
3.102576264E9	55.622796733104146
3.1025782245E9	54.662604233483
3.1025801845E9	54.749448222191035
3.1025821415E9	59.64869888475837
3.1025840945E9	58.303626306084816
3.102586044E9	53.264367816091955
3.1025879895E9	59.957792715335316
3.102589933E9	59.94714587737843
3.102591875E9	0.0
3.102593814E9	0.0
3.1025957495E9	50.736854008820536
3.102597681E9	58.42075038284839
3.1025996075E9	0.0
3.1026015315E9	53.67063039582994
3.102603455E9	50.59873064363215
3.102605377E9	0.0
3.1026072965E9	0.0
3.102609213E9	0.0
3.102611128E9	0.0
3.1026130425E9	57.4562595712098
3.1026149555E9	0.0
3.1026168665E9	55.99148824148824
3.102618775E9	59.08355795148248
3.1026206805E9	0.0
3.102622581E9	59.36737390223051
3.102624475E9	57.91674600152323
3.1026263655E9	4.940711462450593
3.1026282545E9	56.41908943840998
3.1026301425E9	0.0
3.102632029E9	0.0
3.102633912E9	50.274247491638796
3.102635792E9	57.34244306418219
3.10263767E9	59.90993695586911
3.1026395465E9	59.27577014218009
3.1026414225E9	58.93232523549826
3.1026432975E9	0.0
3.1026451705E9	52.42344786015672
3.102647041E9	43.610357709431455
3.1026489085E9	0.0
3.102650774E9	0.0
3.102652639E9	35.747717348154026
3.102654504E9	21.733436055469955
3.1026563675E9	0.0
3.1026582295E9	59.196503301404256
3.10266009E9	0.0
3.1026619475E9	49.294845360824745
3.1026638035E9	0.0
3.1026656585E9	59.254856172380855
3.1026675105E9	40.33563262438526
3.10266936E9	46.33249786385645
3.102671209E9	44.129714487134294
3.102673057E9	58.15348288075561
3.1026749E9	38.03235065478682
3.1026767365E9	59.503174165056585
3.102678564E9	52.98681293033026
3.102680382E9	52.65394859089501
3.102682195E9	50.34164452619388
3.1026840045E9	57.87285581826611
3.1026858125E9	59.8697943577555
3.10268762E9	0.0
3.102689427E9	56.19873176392573
3.1026912315E9	55.70736923974334
3.102693033E9	55.556942675159235
3.1026948335E9	53.03395432692308
3.102696631E9	49.85040718783975
3.1026984255E9	59.90927745976887
3.1027002185E9	0.0
3.1027020085E9	0.0
3.1027037955E9	0.0
3.1027055795E9	0.0
3.1027073615E9	23.212521739130434
3.102709143E9	42.00876792401132
3.102710924E9	54.29884381736234
3.102712704E9	53.112403838312446
3.102714482E9	0.0
3.1027162525E9	0.0
3.1027180155E9	57.82212498008827
3.102719774E9	58.0637769715486
3.102721526E9	50.772861356932154
3.102723274E9	40.8597842835131
3.1027250205E9	42.3322619525914
3.102726766E9	0.0
3.1027285105E9	48.578433487970656
3.1027302535E9	35.86629615775129
3.1027319945E9	0.0
3.1027337345E9	0.0
3.1027354725E9	59.76377952755905
3.102737208E9	56.56466246347839
3.1027389415E9	59.372962607861936
3.1027406735E9	2.0
3.1027424045E9	59.630650849631294
3.102744133E9	59.15811883104316
3.1027458575E9	54.597468088459316
3.1027475775E9	0.0
3.1027492945E9	58.16385530654179
3.1027510075E9	6.787878787878788
3.1027527165E9	0.0
3.102754424E9	57.540843922498425
3.1027561305E9	59.70495833902472
3.102757836E9	0.0
3.1027595405E9	53.01862473416253
3.102761242E9	0.0
3.1027629405E9	58.51110973953833
3.102764638E9	55.161695447409734
3.102766335E9	59.51060857862379
3.102768031E9	44.45675471698113
3.102769726E9	0.0
3.10277142E9	0.0
3.10277311E9	0.0
3.1027747965E9	35.89991753504761
3.1027764795E9	0.0
3.102778159E9	44.58121305576972
3.102779838E9	50.98713245668491
3.1027815165E9	52.747900511599475
3.1027831925E9	47.6732863549007
3.1027848665E9	0.0
3.102786539E9	0.0
3.102788209E9	0.0
3.102789876E9	56.74170254131371
3.10279154E9	43.72044808560442
3.1027932E9	54.75978615440377
3.102794855E9	0.0
3.1027965075E9	0.0
3.1027981585E9	0.0
3.102799808E9	54.89808523780111
3.102801457E9	56.392747821991996
3.1028031015E9	59.536934950385884
3.1028047405E9	0.0
3.1028063775E9	0.0
3.1028080115E9	59.1157440690151
3.102809643E9	58.720379146919434
3.1028112735E9	0.0
3.102812902E9	5.696741854636591
3.1028145275E9	48.729216152019
3.102816148E9	54.45440494590417
3.1028177645E9	58.55763610780387
3.10281938E9	0.0
3.102820993E9	58.06678420916832
3.102822604E9	59.51082802547771
3.1028242125E9	0.0
3.102825818E9	59.13943098988949
3.102827423E9	0.0
3.1028290255E9	58.60113526235636
3.1028306245E9	16.888278388278387
3.1028322225E9	51.1647589316684
3.10283382E9	45.0205319645357
3.1028354165E9	48.97994666666666
3.102837012E9	0.0
3.1028386055E9	0.9916839916839917
3.102840196E9	0.0
3.102841783E9	0.0
3.102843365E9	0.0
3.1028449435E9	0.0
3.102846521E9	0.0
3.102848098E9	0.0
3.102849675E9	58.64992150706436
3.1028512515E9	49.74783775723233
3.102852827E9	0.0
3.1028544015E9	59.594128279564
3.1028559745E9	59.15101777700642
3.102857546E9	0.0
3.102859113E9	0.0
3.102860675E9	38.95752009184845
3.102862236E9	58.15354734286485
3.1028637965E9	54.19440050616893
3.1028653565E9	58.50084650112867
3.1028669135E9	57.43377538196971
3.1028684665E9	0.0
3.1028700165E9	38.603369884995985
3.1028715635E9	0.0
3.102873107E9	29.856037151702786
3.1028746455E9	59.53304414391426
3.10287618E9	51.97164608560125
3.1028777125E9	33.50902486093768
3.1028792445E9	59.326047358834245
3.1028807755E9	0.0
3.102882304E9	50.8387015283567
3.1028838305E9	59.78196500672947
3.1028853555E9	0.0
3.102886879E9	52.32276690458174
3.102888402E9	57.11477272727273
3.1028899245E9	25.419298245614034
3.1028914465E9	58.251291548883906
3.102892967E9	56.349707680935424
3.102894483E9	0.0
3.1028959935E9	0.0
3.1028975015E9	0.0
3.102899008E9	0.0
3.102900512E9	0.0
3.1029020115E9	59.21875
3.102903505E9	47.99929810488319
3.1029049955E9	57.00295998105612
3.1029064855E9	42.28213507625272
3.102907974E9	14.066059225512529
3.1029094605E9	59.163519914604045
3.102910946E9	58.35546929935589
3.1029124305E9	40.0900939066582
3.102913914E9	46.657268417934034
3.102915395E9	0.0
3.102916874E9	12.957167832167832
3.1029183515E9	55.19381926683717
3.102919827E9	52.87471665213601
3.1029213005E9	0.0
3.102922771E9	55.77266576454669
3.1029242395E9	40.630630630630634
3.102925707E9	52.14000453823463
3.102927173E9	48.45493107104984
3.1029286375E9	58.906490410662045
3.102930101E9	0.0
3.102931564E9	0.0
3.102933025E9	57.22710369281329
3.102934484E9	0.0
3.1029359425E9	48.20356425702811
3.1029374005E9	59.8488188976378
3.1029388565E9	52.934720739950194
3.102940308E9	0.0
3.102941757E9	0.0
3.1029432055E9	52.8537174038512
3.1029446525E9	0.0
3.1029460965E9	48.07318952234206
3.102947538E9	42.81287317888703
3.1029489785E9	48.4822256568779
3.102950418E9	0.0
3.102951856E9	0.0
3.1029532925E9	59.58518518518518
3.102954725E9	37.66617429837518
3.102956154E9	36.83765586034913
3.102957582E9	0.0
3.1029590085E9	0.0
3.102960434E9	59.80541053630755
3.1029618585E9	46.013428827215755
3.1029632825E9	49.017391304347825
3.102964706E9	0.0
3.102966129E9	59.65927240461402
3.102967552E9	35.296784830997524
3.1029689705E9	0.0
3.1029703845E9	0.0
3.102971798E9	0.0
3.102973211E9	21.248527679623088
3.1029746225E9	36.08349552355002
3.102976032E9	0.0
3.102977441E9	0.0
3.1029788485E9	32.69443057833559
3.102980254E9	58.037881613298524
3.102981659E9	52.64148499892079
3.1029830635E9	0.0
3.1029844675E9	36.795092134831464
3.1029858705E9	5.887651821862348
3.1029872725E9	55.75432258064516
3.1029886745E9	52.80228774282615
3.1029900765E9	0.9729064039408867
3.1029914775E9	45.5009633911368
3.1029928765E9	57.64434219495569
3.1029942735E9	46.472168284789646
3.102995669E9	0.0
3.1029970635E9	57.60105576458696
3.102998457E9	50.35191637630662
3.102999849E9	0.0
3.103001239E9	57.62478485370052
3.103002628E9	59.61750956226094
3.1030040165E9	58.44062086391529
3.103005404E9	0.0
3.1030067895E9	57.940148698884755
3.103008172E9	59.24069295982307
3.103009553E9	58.929577464788736
3.103010933E9	57.579894508222154
3.103012311E9	0.0
3.1030136875E9	59.569968276348256
3.1030150635E9	57.15022935779817
3.103016439E9	11.846808510638297
3.1030178135E9	39.83355256501063
3.1030191865E9	56.91746791565221
3.103020558E9	53.278567234292424
3.1030219285E9	0.0
3.1030232985E9	33.13669950738916
3.1030246665E9	0.0
3.103026031E9	52.420484255996364
3.1030273925E9	35.50371155885472
3.1030287505E9	0.0
3.103030106E9	57.59941186080706
3.103031461E9	22.964788732394368
3.1030328145E9	52.81621462015438
3.103034163E9	59.13506532968702
3.1030355075E9	0.0
3.1030368515E9	0.0
3.1030381945E9	56.27121524827
3.1030395365E9	54.35819250551065
3.1030408755E9	54.67282321899736
3.1030422105E9	0.907725321888412
3.1030435445E9	0.0
3.103044878E9	34.794135293235335
3.1030462105E9	48.384929978931716
3.1030475405E9	56.82849002849003
3.1030488685E9	50.16674606955693
3.1030501965E9	59.545507516606456
3.103051524E9	56.9942218798151
3.10305285E9	57.02521751953989
3.1030541735E9	0.0
3.1030554945E9	35.43327745791123
3.103056814E9	54.78858991122428
3.1030581325E9	0.0
3.103059449E9	59.032531824611034
3.1030607635E9	0.0
3.103062077E9	49.32570057347379
3.10306339E9	59.44074567243675
3.1030647025E9	59.877800407331975
3.1030660135E9	8.717190388170055
3.103067323E9	58.59841628959276
3.103068632E9	0.9803921568627451
3.10306994E9	59.88619347109913
3.103071247E9	47.18738841097225
3.103072553E9	36.303030303030305
3.1030738575E9	4.0
3.103075161E9	56.33698128559805
3.1030764635E9	59.203841117415976
3.1030777655E9	0.0
3.103079067E9	58.3083474321108
3.103080368E9	0.0
3.1030816685E9	56.139987949387425
3.103082968E9	35.23807106598985
3.103084266E9	22.88888888888889
3.103085562E9	57.407271053842614
3.1030868565E9	0.0
3.10308815E9	58.73854181356649
3.103089442E9	0.0
3.103090733E9	43.61851975329222
3.103092023E9	58.140756302521005
3.1030933115E9	0.0
3.1030945995E9	17.62960288808664
3.103095887E9	0.0
3.103097174E9	42.069042316258354
3.103098461E9	0.0
3.1030997475E9	0.0
3.103101032E9	0.0
3.103102314E9	46.04137426900585
3.103103593E9	27.173531026908293
3.1031048685E9	0.0
3.1031061405E9	0.0
3.103107409E9	59.51901456642878
3.1031086755E9	51.78476232785429
3.1031099385E9	0.0
3.103111198E9	49.87211155378486
3.1031124565E9	0.0
3.1031137145E9	0.0
3.1031149725E9	57.891237145921394
3.1031162295E9	1.0
3.103117485E9	0.0
3.1031187395E9	54.75794621026895
3.1031199935E9	0.0
3.103121247E9	0.0
3.1031224985E9	0.0
3.103123748E9	0.0
3.1031249965E9	0.0
3.1031262445E9	0.0
3.103127492E9	50.20141271442987
3.1031287365E9	0.0
3.1031299785E9	35.01428096977748
3.10313122E9	56.129233455997
3.103132461E9	0.0
3.103133702E9	59.4044665012407
3.103134942E9	52.94505494505494
3.1031361805E9	0.0
3.103137418E9	0.0
3.1031386545E9	0.861646234676007
3.10313989E9	0.0
3.1031411245E9	0.0
3.1031423585E9	0.0
3.1031435925E9	56.690403110292614
3.103144826E9	49.44667614646285
3.1031460585E9	0.9237875288683602
3.1031472905E9	41.7671522556391
3.103148522E9	0.0
3.1031497525E9	48.33171433711099
3.1031509815E9	2.644474034620506
3.103152209E9	59.97211247966535
3.103153436E9	58.66193853427896
3.1031546625E9	53.47209226417147
3.1031558875E9	0.0
3.1031571115E9	0.0
3.1031583335E9	0.0
3.1031595535E9	50.34118486795146
3.103160773E9	59.95147594015366
3.103161991E9	59.33550488599349
3.1031632075E9	47.82479784366577
3.103164423E9	0.0
3.1031656375E9	39.93681210691824
3.1031668515E9	56.49581316153954
3.1031680655E9	46.73101861535244
3.103169279E9	0.0
3.1031704915E9	57.98671096345515
3.103171702E9	58.00442067736186
3.1031729105E9	52.45590881823635
3.103174118E9	43.03250743310208
3.103175325E9	56.069370330843114
3.103176532E9	0.0
3.1031777385E9	9.072056239015817
3.1031789445E9	59.15747241725175
3.10318015E9	0.0
3.103181355E9	0.0
3.1031825595E9	10.941411451398135
3.1031837635E9	0.0
3.1031849675E9	59.85472154963681
3.103186171E9	32.41767068273092
3.103187373E9	42.784323705306015
3.103188574E9	38.08152173913044
3.1031897745E9	59.42098629914217
3.1031909745E9	0.0
3.103192174E9	59.51086956521739
3.1031933725E9	0.0
3.10319457E9	0.0
3.1031957665E9	0.0
3.103196962E9	0.0
3.1031981565E9	59.28064595057499
3.1031993505E9	0.0
3.103200543E9	0.0
3.103201733E9	35.34867231025252
3.1032029205E9	0.0
3.1032041065E9	16.454014598540144
3.1032052915E9	58.325581395348834
3.103206475E9	0.0
3.103207658E9	48.49862258953168
3.1032088405E9	0.0
3.103210022E9	0.0
3.103211203E9	0.94875261152759
3.103212384E9	48.71516603902773
3.103213565E9	0.0
3.103214745E9	0.0
3.1032159235E9	57.43239475885141
3.1032171015E9	0.0
3.103218279E9	0.0
3.103219456E9	0.0
3.10322063E9	0.0
3.103221801E9	59.33168316831683
3.103222972E9	50.10278130735564
3.1032241425E9	0.0
3.1032253125E9	59.50313339301701
3.103226481E9	43.75405885337392
3.103227648E9	46.212126568852746
3.103228815E9	0.0
3.103229981E9	0.0
3.103231146E9	0.0
3.1032323095E9	0.0
3.103233469E9	54.015676141257536
3.1032346255E9	0.0
3.1032357815E9	33.33227747861894
3.1032369365E9	59.57782995304226
3.1032380905E9	28.817391304347826
3.103239243E9	0.0
3.103240394E9	0.0
3.1032415445E9	43.85851472471191
3.1032426945E9	57.69230769230769
3.103243843E9	52.59694971145919
3.10324499E9	46.09598134194474
3.1032461365E9	59.566265060240966
3.1032472815E9	55.625082786441084
3.1032484255E9	44.97490129723632
3.103249569E9	51.63189678836124
3.1032507115E9	55.9775461106656
3.103251853E9	0.0
3.103252994E9	2.0
3.1032541345E9	0.0
3.1032552735E9	52.602356810084956
3.1032564095E9	55.507246376811594
3.1032575435E9	53.932386085252325
3.1032586765E9	56.515691868758914
3.103259808E9	0.0
3.103260939E9	37.958174904942965
3.1032620695E9	0.0
3.103263198E9	56.625
3.1032643245E9	59.11854723525811
3.1032654495E9	58.306363834264566
3.1032665725E9	0.0
3.1032676945E9	0.0
3.103268816E9	49.83456719817767
3.103269936E9	58.521341463414636
3.103271055E9	0.0
3.103272174E9	59.66548968593198
3.103273293E9	58.896418199419166
3.1032744115E9	58.7380548966452
3.1032755285E9	50.276752767527675
3.1032766445E9	32.784576565210536
3.10327776E9	0.0
3.103278875E9	55.75027759920519
3.10327999E9	58.62398471094123
3.1032811045E9	0.0
3.103282218E9	59.62900940358109
3.103283331E9	59.966120835686056
3.1032844425E9	0.0
3.1032855525E9	59.248826291079816
3.103286662E9	56.46515878455563
3.1032877705E9	52.459164232185955
3.103288878E9	56.80476626947755
3.103289985E9	0.0
3.103291092E9	58.05929919137466
3.103292199E9	51.540815039111784
3.1032933055E9	0.0
3.10329441E9	43.864401591674316
3.103295513E9	38.63787721123829
3.103296616E9	58.28329701320344
3.1032977175E9	50.646868686868686
3.103298817E9	0.0
3.1032999155E9	58.58585795490037
3.103301013E9	0.0
3.1033021095E9	43.23907358983937
3.1033032055E9	25.437208554429972
3.1033043005E9	34.38879384088965
3.103305394E9	0.0
3.1033064855E9	0.0
3.1033075745E9	48.884113712374585
3.103308662E9	59.378023496890115
3.1033097485E9	0.0
3.103310834E9	0.0
3.1033119185E9	0.0
3.1033130025E9	42.87435258008824
3.1033140865E9	0.0
3.1033151705E9	59.91967871485944
3.103316254E9	0.0
3.103317337E9	33.617731172545284
3.1033184195E9	0.0
3.1033195015E9	59.026343519494205
3.103320583E9	44.52437147255002
3.103321664E9	53.25
3.103322744E9	44.11699779249448
3.1033238215E9	36.64396673466185
3.1033248965E9	53.82117028270874
3.10332597E9	37.53586636095643
3.103327043E9	0.9833887043189369
3.103328115E9	59.42245989304813
3.103329185E9	0.0
3.103330253E9	0.0
3.10333132E9	0.0
3.103332387E9	53.71783496007099
3.1033334535E9	50.55205104831358
3.103334519E9	31.94796137339056
3.103335584E9	0.0
3.103336649E9	0.0
3.103337714E9	0.0
3.103338779E9	53.17487266553481
3.1033398435E9	58.01903057495022
3.1033409075E9	1.4407894736842106
3.1033419715E9	0.0
3.103343035E9	0.0
3.1033440975E9	0.0
3.1033451595E9	48.567649281935
3.1033462215E9	59.62081610361239
3.103347283E9	0.0
3.1033483435E9	59.44444444444444
3.103349402E9	0.0
3.103350459E9	0.0
3.1033515155E9	30.648019155420112
3.103352571E9	0.0
3.103353626E9	52.736079077429984
3.103354681E9	52.06815505583833
3.103355736E9	43.653676719756014
3.1033567905E9	60.0
3.103357843E9	56.67641446180824
3.1033588935E9	2.674424487730837
3.1033599435E9	0.0
3.103360993E9	59.863013698630134
3.1033620415E9	48.13066987083208
3.103363089E9	0.0
3.1033641355E9	0.0
3.1033651815E9	0.0
3.1033662275E9	59.44070429829104
3.103367273E9	60.0
3.103368318E9	0.0
3.103369363E9	58.902165795369676
3.1033704075E9	40.0
3.1033714505E9	0.0
3.103372492E9	0.0
3.103373532E9	0.0
3.103374571E9	53.91363251481795
3.1033756095E9	0.0
3.1033766465E9	0.0
3.1033776825E9	0.0
3.103378718E9	56.205730202944686
3.103379753E9	11.496820349761526
3.103380787E9	0.0
3.1033818195E9	37.39398084815321
3.103382851E9	0.0
3.103383882E9	40.91219129753038
3.103384913E9	1.9621451104100947
3.103385942E9	32.577488217355146
3.103386969E9	0.0
3.1033879955E9	0.0
3.1033890215E9	0.0
3.1033900465E9	0.0
3.1033910705E9	3.8857142857142857
3.1033920935E9	39.89084935507423
3.1033931155E9	57.539302802460696
3.103394137E9	58.11169861202908
3.1033951575E9	6.905245346869712
3.103396177E9	0.0
3.1033971955E9	0.0
3.1033982135E9	35.728487548086655
3.1033992315E9	55.06964229186451
3.1034002485E9	0.0
3.1034012615E9	60.0
3.1034022715E9	57.83410857457617
3.103403281E9	41.01672535211268
3.1034042895E9	0.0
3.103405297E9	0.0
3.1034063035E9	0.0
3.103407309E9	0.0
3.103408314E9	0.0
3.1034093185E9	58.353846153846156
3.1034103225E9	0.0
3.103411326E9	0.0
3.103412329E9	57.984
3.103413332E9	59.11937955287616
3.103414335E9	41.92880855772778
3.1034153375E9	59.63963963963964
3.1034163395E9	0.0
3.1034173405E9	10.813559322033898
3.1034183405E9	7.882352941176471
3.1034230195E9	59.65385307346327
3.1034311645E9	55.48576615831518
3.1034385535E9	0.0
3.103444272E9	3.422246416258392
3.103448588E9	59.560765924189134
3.103452529E9	59.72909855207847
3.1034563265E9	58.42823257261289
3.103460075E9	47.664776517678455
3.1034637975E9	56.62548972188634
3.103467461E9	55.99606106199178
3.103471038E9	57.606804171348756
3.1034745565E9	43.6340139244616
3.10347799E9	58.16485223525218
3.1034813295E9	54.971576726289804
3.103484605E9	55.108538519677666
3.1034878305E9	0.9890047393364929
3.1034910465E9	54.30507249956772
3.1034942485E9	53.059975781750836
3.1034973905E9	4.944196428571429
3.10350048E9	58.38319598988159
3.1035035475E9	58.122858200832596
3.103506574E9	56.68023835146877
3.1035095785E9	55.955205355799606
3.10351256E9	56.63288338127904
3.1035155065E9	49.87087776286985
3.10351844E9	50.61708615245828
3.10352132E9	22.077707454289733
3.1035241305E9	34.032934131736525
3.103526902E9	0.0
3.103529649E9	49.02340885684861
3.103532388E9	38.46371098829649
3.1035351035E9	58.16831683168317
3.103537785E9	15.755021743632222
3.1035404345E9	46.98474827424193
3.1035429975E9	54.235870491337685
3.103545488E9	25.70754724242774
3.1035479665E9	55.711874444773464
3.1035504075E9	57.6566320579004
3.103552812E9	43.74084124830394
3.1035551875E9	13.82716049382716
3.103557535E9	51.03320038200101
3.1035598595E9	52.37155070160912
3.1035621585E9	42.768149063207744
3.103564445E9	53.555829577345015
3.103566722E9	22.949698189134807
3.103568983E9	60.0
3.103571211E9	56.51429291309726
3.1035734005E9	57.39475982532751
3.103575568E9	0.0
3.103577725E9	52.291767137444026
3.103579877E9	39.37765308611856
3.103582016E9	16.0
3.1035841385E9	47.15646635281085
3.103586253E9	54.38465636654235
3.1035883585E9	59.08484270734032
3.1035904405E9	57.11655479888296
3.1035925065E9	56.403319982628
3.103594569E9	50.34413580246913
3.103596622E9	29.36843009275163
3.1035986655E9	59.47256824807845
3.1036007005E9	24.929038338755284
3.1036027275E9	40.40719138957369
3.10360474E9	0.0
3.1036067365E9	44.66417362270451
3.103608723E9	0.0
3.103610703E9	0.0
3.103612671E9	53.271868356822296
3.103614626E9	58.468442527872924
3.1036165745E9	31.907563025210084
3.1036185145E9	52.555487459928344
3.1036204485E9	57.514919011082696
3.1036223555E9	56.77224151749933
3.1036242355E9	44.878655738146186
3.1036261095E9	40.59738219895288
3.103627955E9	0.0
3.103629772E9	0.0
3.103631583E9	16.79734219269103
3.1036333895E9	52.01721943048576
3.10363519E9	58.60007183621343
3.103636984E9	0.0
3.10363877E9	51.32195259593679
3.1036405435E9	53.491808298882255
3.1036423085E9	0.0
3.103644062E9	0.9723502304147466
3.103645804E9	42.9077626918536
3.103647529E9	47.98115324209109
3.1036492365E9	44.22415266305896
3.10365094E9	31.517887563884155
3.103652635E9	56.78827578228932
3.1036543025E9	0.0
3.103655946E9	58.01238340940663
3.103657586E9	0.0
3.1036592235E9	59.52641739709309
3.1036608575E9	56.42224744608399
3.103662488E9	37.86745462220346
3.103664114E9	51.85486018641811
3.1036657365E9	52.79366049598323
3.1036673585E9	40.077543960795616
3.103668979E9	58.39092728485657
3.1036705915E9	58.68696479543292
3.103672191E9	0.0
3.1036737835E9	57.785083482820475
3.1036753585E9	50.28299319727891
3.10367691E9	54.50719782957754
3.1036784535E9	52.834295071740485
3.1036799945E9	54.81321866387912
3.103681529E9	57.57649092480553
3.1036830525E9	58.6132017811927
3.103684569E9	0.0
3.103686083E9	0.0
3.103687593E9	31.90849025437727
3.1036890985E9	59.837184059544114
3.1036906E9	43.51835512840712
3.103692097E9	53.05101252125522
3.103693592E9	0.0
3.1036950855E9	0.0
3.1036965775E9	56.14181951294698
3.103698068E9	12.217283950617285
3.103699555E9	27.146695715323165
3.103701039E9	58.2829373650108
3.103702517E9	14.631904069767442
3.1037039885E9	0.0
3.103705455E9	57.701676074185
3.1037069165E9	44.30055594162613
3.1037083755E9	0.0
3.1037098325E9	16.829145728643216
3.103711287E9	0.0
3.103712735E9	59.30010604453871
3.103714177E9	2.135329341317365
3.1037156105E9	0.0
3.103717036E9	26.934555754323195
3.1037184575E9	49.4576281771061
3.103719873E9	9.601241272304112
3.103721286E9	0.0
3.1037226985E9	50.8990435706695
3.103724108E9	6.97463768115942
3.1037255145E9	52.249665292133024
3.1037269155E9	57.66325036603221
3.1037283085E9	31.83046614872364
3.1037296945E9	42.36301314622147
3.1037310735E9	16.2136563876652
3.103732449E9	0.0
3.103733822E9	23.554852320675106
3.103735191E9	0.0
3.1037365565E9	51.814804007392276
3.1037379165E9	23.005935892362483
3.103739272E9	5.326086956521739
3.1037406255E9	39.91553335183643
3.1037419765E9	0.0
3.1037433245E9	55.415301305193005
3.10374467E9	35.64293742974897
3.1037460125E9	58.70202372644801
3.1037473475E9	7.851851851851852
3.103748677E9	0.0
3.1037500035E9	37.30128205128205
3.1037513235E9	53.27262839879154
3.103752635E9	34.57774737802097
3.1037539405E9	59.93993993993994
3.1037552445E9	36.33005441607367
3.103756548E9	52.18487394957983
3.10375785E9	0.9743589743589743
3.1037591505E9	57.90941916204943
3.103760449E9	1.9692307692307693
3.1037617455E9	58.98148148148148
3.1037630385E9	58.19775918962474
3.1037643255E9	52.63535726266353
3.1037656085E9	58.74257771568285
3.10376689E9	49.10665944775311
3.1037681705E9	1.9861111111111112
3.10376945E9	0.0
3.1037707255E9	36.35634564492003
3.103771995E9	11.872189349112427
3.103773262E9	0.0
3.1037745285E9	0.0
3.1037757935E9	21.140677966101695
3.1037770575E9	18.32134703196347
3.1037783215E9	0.0
3.103779585E9	0.0
3.103780841E9	30.038227628149436
3.1037820855E9	2.644186046511628
3.103783325E9	50.26790893271462
3.103784562E9	54.891364046973806
3.103785797E9	54.43485111843922
3.103787031E9	24.35727788279773
3.1037882635E9	41.135474452554746
3.1037894945E9	43.78
3.1037907225E9	58.828125
3.103791947E9	23.702879581151834
3.1037931655E9	4.873949579831932
3.103794379E9	5.8364928909952605
3.103795591E9	35.44
3.103796801E9	11.622047244094489
3.1037980065E9	0.0
3.103799207E9	55.50113100848257
3.103800405E9	47.445773979107315
3.1038016E9	25.78490566037736
3.103802792E9	0.0
3.103803981E9	0.0
3.1038051675E9	21.153134992353678
3.1038063525E9	0.0
3.1038075365E9	0.0
3.1038087195E9	51.82248520710059
3.1038099E9	17.0
3.103811076E9	0.0
3.103812247E9	26.723996723996724
3.103813415E9	19.067574257425743
3.1038145815E9	29.985009993337776
3.103815747E9	0.0
3.1038169115E9	0.0
3.103818075E9	0.0
3.1038192355E9	53.981181850158286
3.1038203935E9	58.52760736196319
3.103821551E9	0.0
3.103822708E9	47.15444711538461
3.103823865E9	49.10994363649015
3.103825021E9	0.0
3.1038261755E9	0.9241706161137441
3.103827327E9	0.0
3.1038284755E9	52.00613496932515
3.1038296235E9	41.53809171597633
3.1038307705E9	3.92434988179669
3.1038319155E9	0.0
3.1038330575E9	11.510805500982318
3.1038341955E9	10.100197758734344
3.1038353305E9	0.0
3.103836464E9	45.509780534351144
3.103837595E9	28.33768352365416
3.103838723E9	0.0
3.10383985E9	0.0
3.1038409725E9	46.056014912701635
3.1038420865E9	56.92900964066608
3.1038431935E9	50.37820983125459
3.1038442975E9	58.566639276910436
3.1038454E9	59.2564796124344
3.1038464995E9	0.0
3.1038475965E9	0.0
3.1038486915E9	5.860058309037901
3.103849784E9	6.520653907496013
3.103850874E9	0.0
3.1038519615E9	59.44930707512764
3.103853047E9	7.153265215459796
3.1038541315E9	57.0649419218585
3.103855215E9	47.277904761904765
3.103856298E9	59.752066115702476
3.103857379E9	21.373456790123456
3.1038584565E9	0.0
3.103859529E9	51.6983922829582
3.1038605975E9	0.0
3.103861665E9	41.062621045836025
3.103862732E9	49.30558858501784
3.103863799E9	54.676
3.103864864E9	15.474545454545455
3.1038659265E9	53.526687376447335
3.103866987E9	27.596007984031935
3.1038680455E9	33.16259595254711
3.1038691035E9	24.60141509433962
3.10387016E9	6.0
3.1038712145E9	0.0
3.1038722685E9	40.11871113623516
3.103873322E9	0.0
3.103874375E9	0.0
3.1038754275E9	46.05860677311809
3.103876479E9	0.0
3.103877529E9	29.833082706766916
3.103878577E9	0.0
3.1038796225E9	0.0
3.103880666E9	44.57675574891237
3.103881709E9	44.33928258967629
3.1038827515E9	58.73320537428023
3.1038837935E9	33.43221238938053
3.103884835E9	0.0
3.1038858755E9	45.893395133256085
3.103886915E9	34.845062884666845
3.1038879535E9	0.0
3.103888991E9	32.16627906976744
3.103890028E9	0.9711538461538461
3.103891064E9	38.41164953499755
3.103892095E9	25.613533834586466
3.103893119E9	0.0
3.10389414E9	58.09532841297984
3.10389516E9	40.22477313974591
3.103896179E9	51.88522503760269
3.1038971965E9	35.895348837209305
3.1038982115E9	0.0
3.103899225E9	0.0
3.103900236E9	60.0
3.1039012445E9	0.0
3.103902252E9	0.9767441860465116
3.1039032575E9	0.0
3.1039042615E9	0.0
3.103905265E9	50.387580163819926
3.103906267E9	30.894209354120267
3.1039072675E9	0.0
3.1039082675E9	59.058629232039635
3.1039092675E9	0.0
3.103918732E9	59.4279641821696
3.103932571E9	0.0
3.103941472E9	59.053349563681
3.1039494115E9	0.0
3.1039572085E9	58.829232296852474
3.103963938E9	57.67062739281896
3.1039695055E9	58.78545131395201
3.103974766E9	0.0
3.1039797995E9	0.0
3.103984567E9	59.58067833798053
3.1039891115E9	0.0
3.1039934845E9	0.0
3.103997683E9	58.769114307342925
3.104001684E9	58.13575042158516
3.104005458E9	46.312680737909254
3.104009178E9	0.0
3.1040128475E9	0.0
3.104016433E9	59.64607128113389
3.104019926E9	56.86046863571014
3.104023359E9	59.681535163825664
3.104026758E9	0.0
3.1040301305E9	54.59736456808199
3.104033452E9	0.0
3.104036731E9	0.9244280602840724
3.1040399985E9	25.222689075630253
3.104043259E9	58.46001437224104
3.1040464995E9	0.0
3.104049674E9	59.19707040866568
3.1040527925E9	0.0
3.1040558995E9	0.0
3.104058987E9	0.0
3.104062054E9	0.0
3.104065115E9	44.646061953049035
3.1040681395E9	59.69604998884178
3.1040711275E9	52.620779395900755
3.1040740845E9	0.0
3.1040770095E9	19.32818273429627
3.104079908E9	55.9788887012329
3.104082775E9	0.0
3.1040856295E9	0.0
3.104088461E9	47.56871877581527
3.10409126E9	58.43598593799936
3.1040940205E9	0.0
3.1040967325E9	59.88832997987927
3.1040994055E9	58.162966059456245
3.104102056E9	59.33265925176946
3.1041046865E9	0.0
3.104107298E9	59.706091587227384
3.104109892E9	52.76020027091008
3.1041124505E9	59.67011912060962
3.1041149735E9	0.0
3.1041174795E9	0.0
3.10411997E9	58.37976122797044
3.1041224495E9	39.05035372451103
3.104124925E9	0.0
3.104127395E9	58.12195138740699
3.1041298495E9	48.10440510252742
3.1041322855E9	59.13664122137405
3.104134709E9	59.48408962530597
3.1041371215E9	52.37179847137732
3.104139523E9	39.84958367299406
3.1041418965E9	46.68689123376623
3.104144241E9	18.685655680156728
3.1041465705E9	47.42375809935205
3.104148885E9	55.74191221142163
3.1041511915E9	0.0
3.1041534905E9	58.46592671512765
3.104155772E9	47.03705187262167
3.10415804E9	58.85606839804577
3.1041603025E9	0.0
3.1041625525E9	0.0
3.1041647915E9	30.595066803699897
3.1041670245E9	57.89676702568199
3.104169246E9	59.39560742004734
3.104171456E9	0.0
3.104173654E9	21.33896042341417
3.104175845E9	56.82629482071713
3.1041780355E9	55.19790704832256
3.1041802225E9	59.64329492522677
3.1041823975E9	39.798004933255946
3.104184563E9	48.76305486842874
3.1041867265E9	54.01453566621804
3.1041888805E9	0.9420731707317073
3.1041910115E9	0.0
3.1041931255E9	0.0
3.1041952355E9	0.0
3.1041973425E9	35.94490685691637
3.1041994485E9	46.563282525857375
3.1042015545E9	50.06271321106802
3.104203656E9	58.75038933532673
3.104205745E9	56.773214857508805
3.1042078145E9	59.58353487472187
3.104209871E9	54.67695770577447
3.1042119255E9	0.0
3.104213971E9	59.73305954825462
3.1042160055E9	0.0
3.1042180375E9	50.42830781848004
3.1042200635E9	0.0
3.1042220825E9	29.722543352601157
3.1042240985E9	59.23006416131989
3.104226106E9	0.0
3.104228107E9	38.0851948852257
3.104230103E9	57.91800078094494
3.1042320935E9	51.763905711357495
3.10423408E9	6.96858996244452
3.104236062E9	58.98144611186903
3.104238043E9	59.69427657305368
3.104240023E9	0.0
3.104241994E9	59.17978173463527
3.1042439415E9	0.0
3.104245872E9	9.827927215189874
3.104247777E9	46.267752945062206
3.1042496545E9	59.429482495183684
3.104251516E9	0.0
3.104253365E9	50.957964902734325
3.104255206E9	0.0
3.1042570385E9	56.8015895245431
3.1042588675E9	54.02016298039722
3.1042606875E9	22.27843717214617
3.1042625015E9	58.93846929063322
3.104264304E9	53.50311518589808
3.104266094E9	21.091555037856725
3.1042678815E9	0.0
3.1042696635E9	0.0
3.1042714405E9	23.080119680851062
3.1042732095E9	47.0
3.1042749695E9	0.0
3.104276727E9	0.0
3.1042784825E9	58.30104321907601
3.1042802355E9	57.623258449150576
3.104281987E9	47.48992138932838
3.104283737E9	42.568564920273346
3.1042854805E9	0.0
3.104287214E9	32.98231060364936
3.1042889415E9	48.29277798951539
3.1042906625E9	59.82153480071386
3.1042923765E9	59.33728248796742
3.104294088E9	36.49571716912368
3.104295795E9	59.49624118024374
3.1042974975E9	59.92134831460674
3.104299198E9	55.278084714548804
3.1043008905E9	50.35699616383152
3.1043025755E9	38.57223544599992
3.1043042575E9	56.92542715259658
3.1043059365E9	58.552215189873415
3.1043076145E9	59.58651026392962
3.104309292E9	57.75574400657296
3.1043109685E9	59.105431309904155
3.1043126425E9	39.345960643866526
3.104314313E9	0.0
3.1043159815E9	0.0
3.104317647E9	28.833333333333332
3.1043193085E9	0.0
3.1043209685E9	55.68404279535625
3.1043226275E9	59.56925675675676
3.1043242845E9	0.0
3.1043259405E9	58.091872791519435
3.1043275945E9	0.0
3.104329244E9	0.0
3.10433089E9	30.853126514784293
3.104332533E9	39.663661309290475
3.1043341725E9	57.119509703779364
3.104335808E9	0.0
3.1043374375E9	0.0
3.1043390575E9	47.09685932963843
3.1043406705E9	0.0
3.104342279E9	0.0
3.104343883E9	40.990901888624805
3.104345484E9	0.0
3.104347078E9	0.0
3.1043486665E9	0.0
3.104350253E9	0.0
3.1043518375E9	39.55310469859496
3.1043534215E9	49.198901851151525
3.1043550035E9	0.0
3.1043565795E9	0.0
3.1043581505E9	47.60753468900103
3.10435972E9	57.88381230867638
3.1043612885E9	55.74900377877018
3.104362856E9	0.0
3.104364422E9	42.53128219703699
3.104365984E9	46.96336870934611
3.104367543E9	37.005023723137036
3.1043691005E9	0.0
3.1043706555E9	37.10612573885008
3.104372207E9	0.0
3.1043737525E9	60.0
3.104375294E9	57.307206068268016
3.1043768335E9	0.0
3.104378371E9	46.61156931135651
3.104379907E9	0.0
3.1043814395E9	58.397626112759646
3.1043829685E9	0.0
3.1043844935E9	54.45333835577738
3.1043860115E9	0.0
3.104387523E9	58.5328125
3.104389031E9	52.154501216545015
3.1043905345E9	34.250020008003204
3.104392034E9	54.762285675712164
3.104393533E9	0.0
3.104395031E9	55.22707619742827
3.1043965275E9	49.52956989247312
3.1043980195E9	57.37054659127477
3.1043995065E9	30.428044280442805
3.104400992E9	0.0
3.104402475E9	54.95692938763551
3.104403955E9	59.13683506189361
3.1044054305E9	57.853233830845774
3.1044069025E9	49.168855909721024
3.1044083735E9	57.385319798395685
3.1044098415E9	51.345080442158256
3.104411307E9	0.0
3.10441277E9	0.0
3.1044142295E9	55.079152731326644
3.104415687E9	18.94762519730234
3.1044171395E9	53.05754096245646
3.104418587E9	56.29964122231845
3.1044200325E9	8.605766184391172
3.104421476E9	43.77708978328173
3.104422919E9	0.0
3.1044243595E9	55.3954857703631
3.1044257945E9	16.769241784205626
3.1044272255E9	0.984251968503937
3.1044286555E9	0.0
3.104430085E9	0.0
3.104431514E9	0.0
3.104432943E9	58.369272744378584
3.1044343705E9	55.14412313432836
3.1044357965E9	0.0
3.1044372195E9	56.23024708118382
3.1044386375E9	53.375
3.1044400535E9	51.52010658914729
3.104441469E9	47.04245709123758
3.104442884E9	15.146666666666667
3.1044442985E9	0.0
3.104445712E9	0.954468802698145
3.1044471235E9	0.0
3.104448531E9	59.62507558959887
3.1044499345E9	58.194626828457444
3.1044513345E9	0.0
3.104452732E9	0.0
3.104454128E9	49.992502609851
3.1044555215E9	0.0
3.1044569115E9	39.80380775481774
3.1044582985E9	0.0
3.1044596825E9	0.0
3.104461064E9	47.69106273274134
3.104462444E9	0.0
3.1044638215E9	41.20904971114263
3.1044651965E9	24.026705387106762
3.1044665705E9	55.78151091439493
3.104467944E9	0.0
3.104469317E9	0.0
3.1044706895E9	57.921465394318304
3.1044720605E9	0.0
3.104473429E9	7.123638086215064
3.104474795E9	0.0
3.1044761595E9	55.38861051459477
3.104477522E9	0.0
3.104478883E9	1.9767141009055627
3.104480241E9	0.0
3.104481596E9	57.28
3.1044829505E9	0.0
3.104484304E9	54.658508320585916
3.104485655E9	0.0
3.104487002E9	0.9915254237288136
3.1044883465E9	42.01636068440115
3.10448969E9	0.0
3.1044910305E9	42.548858773181166
3.1044923685E9	4.932885906040268
3.1044937065E9	0.0
3.1044950435E9	0.0
3.104496378E9	27.53510232057182
3.104497711E9	0.0
3.1044990435E9	0.0
3.1045003715E9	44.16352213018194
3.104501695E9	0.0
3.104503018E9	46.433817250213494
3.1045043395E9	60.0
3.1045056595E9	0.0
3.104506978E9	51.26933853088074
3.1045082945E9	0.0
3.1045096045E9	50.736259851218975
3.1045109085E9	0.0
3.104512212E9	49.00743541272842
3.1045135145E9	0.0
3.104514816E9	0.0
3.1045161165E9	58.49483521888834
3.1045174155E9	38.585817600807296
3.104518713E9	57.97752808988764
3.104520009E9	0.0
3.1045212985E9	0.0
3.104522582E9	23.648820075337913
3.104523865E9	27.29457200296265
3.104525146E9	0.0
3.1045264245E9	0.0
3.104527699E9	43.82046702043051
3.10452897E9	0.0
3.1045302395E9	0.0
3.1045315055E9	23.047033285094066
3.104532769E9	38.626178715761114
3.1045340315E9	48.55541871921182
3.104535293E9	34.21864171864172
3.1045365535E9	59.966442953020135
3.104537813E9	22.661290322580644
3.104539072E9	0.0
3.1045403305E9	46.030875603504796
3.1045415875E9	53.93908629441624
3.104542842E9	34.144766997708174
3.1045440925E9	0.0
3.1045453405E9	0.0
3.1045465875E9	0.0
3.1045478335E9	0.0
3.1045490785E9	0.0
3.1045503195E9	54.924108036012
3.1045515575E9	0.0
3.1045527945E9	0.0
3.1045540295E9	5.956834532374101
3.1045552635E9	0.0
3.104556496E9	0.0
3.104557727E9	0.0
3.1045589575E9	54.257144288326195
3.1045601875E9	0.0
3.1045614165E9	45.07578136149565
3.104562644E9	15.3937106918239
3.1045638685E9	0.0
3.1045650905E9	58.49420849420849
3.104566312E9	14.194510739856803
3.104567533E9	59.49899489717025
3.1045687535E9	46.47540983606557
3.1045699725E9	52.748522652659226
3.1045711905E9	0.0
3.1045724075E9	59.763105944286025
3.1045736235E9	0.0
3.1045748375E9	56.74821459178427
3.1045760485E9	12.078516902944385
3.104577258E9	0.0
3.1045784665E9	58.38296572785884
3.1045796745E9	0.0
3.1045808815E9	0.0
3.104582087E9	0.0
3.104583292E9	0.0
3.1045844955E9	16.603823335530652
3.1045856965E9	0.0
3.104586896E9	0.0
3.1045880945E9	56.74902601482971
3.1045892925E9	57.822978398011855
3.1045904905E9	20.369113204194065
3.104591687E9	54.0500826446281
3.1045928815E9	0.0
3.104594074E9	41.082014388489206
3.104595264E9	27.428852975955852
3.1045964525E9	59.309545492176504
3.1045976365E9	15.535632183908046
3.1045988165E9	55.95320754716981
3.104599996E9	0.0
3.1046011715E9	40.95121347201585
3.1046023415E9	0.0
3.1046035085E9	34.88453484893808
3.10460467E9	0.0
3.1046058265E9	0.0
3.1046069825E9	57.086713286713284
3.104608138E9	59.1360294117647
3.1046092925E9	0.0
3.1046104465E9	59.505388091572726
3.104611598E9	54.77107142857143
3.104612744E9	0.0
3.104613887E9	0.0
3.1046150285E9	54.497725980670836
3.104616167E9	39.57657888008182
3.104617303E9	0.0
3.104618438E9	26.200869407715995
3.104619573E9	0.0
3.104620704E9	41.84364014062
3.104621831E9	55.336604001759014
3.1046229575E9	54.50694698354662
3.104624082E9	32.463497372193025
3.104625205E9	56.734781060875754
3.104626328E9	10.608414239482201
3.1046274505E9	30.70684359257894
3.1046285725E9	0.0
3.104629694E9	52.71099575271354
3.104630815E9	28.471927162367223
3.104631935E9	0.0
3.104633054E9	56.59089430894309
3.104634173E9	0.0
3.1046352915E9	34.64871194379391
3.104636408E9	0.0
3.1046375185E9	56.07164320733829
3.1046386245E9	0.0
3.1046397295E9	0.0
3.1046408325E9	0.0
3.104641934E9	58.831663326653306
3.1046430335E9	13.274779636625292
3.1046441315E9	0.0
3.1046452285E9	2.4267985913130974
3.1046463245E9	56.24835164835165
3.10464742E9	0.9757575757575757
3.104648514E9	58.65845070422535
3.1046496055E9	9.775175644028103
3.104650695E9	0.0
3.104651783E9	0.9514415781487102
3.10465287E9	0.0
3.104653956E9	56.31755797444392
3.104655041E9	45.38383504245231
3.104656126E9	48.78712446351931
3.10465721E9	59.178082191780824
3.1046582915E9	58.51651982378855
3.1046593715E9	37.73674655047204
3.104660451E9	4.696098562628337
3.10466153E9	0.0
3.104662609E9	46.435333581811406
3.104663686E9	14.33406774993115
3.1046647605E9	53.59192348565356
3.104665834E9	0.0
3.1046669055E9	10.979402261712439
3.1046679745E9	24.256052589385924
3.104669042E9	0.0
3.1046701085E9	12.0
3.1046711745E9	0.0
3.1046722405E9	46.27825247543679
3.104673305E9	0.0
3.104674368E9	42.02931703691469
3.104675431E9	24.917767119675602
3.1046764935E9	0.9642857142857143
3.1046775535E9	0.0
3.1046786105E9	58.81646273637375
3.1046796645E9	49.857241697416974
3.104680716E9	0.0
3.104681767E9	0.0
3.1046828175E9	0.0
3.1046838665E9	46.54461384653837
3.1046849135E9	0.0
3.1046859595E9	1.3399533488837054
3.104687005E9	0.0
3.104688049E9	20.31972789115646
3.1046890895E9	7.259883956281204
3.1046901265E9	54.21870637505817
3.104691162E9	6.569101123595505
3.104692197E9	59.64499032556574
3.104693232E9	59.23972071373157
3.104694266E9	56.66572018585441
3.1046952985E9	0.0
3.10469633E9	40.58980044345898
3.1046973585E9	42.918011076330366
3.1046983845E9	59.971870604782
3.1046994105E9	12.012557077625571
3.104700435E9	36.342133537989255
3.1047014575E9	53.45601359966001
3.1047024785E9	0.0
3.1047034985E9	0.9444444444444444
3.1047045185E9	59.543533389687234
3.104705538E9	58.93478260869565
3.1047065565E9	53.56877391145928
3.1047075745E9	0.0
3.104708592E9	0.0
3.104709608E9	58.04915912031048
3.104710623E9	0.0
3.104711638E9	0.9287356321839081
3.1047126525E9	0.0
3.1047136665E9	0.0
3.10471468E9	0.0
3.104715693E9	32.22466960352423
3.104716706E9	59.93617021276596
3.1047177185E9	59.78043631245602
3.10471873E9	0.0
3.104719741E9	0.0
3.104720751E9	37.790928243896396
3.1047217595E9	0.0
3.1047227675E9	0.9721311475409836
3.104723775E9	0.0
3.104724782E9	55.233050847457626
3.104725789E9	43.26439909297052
3.1047267955E9	0.0
3.104727801E9	0.0
3.104728805E9	0.0
3.104729807E9	59.068191816981965
3.1047308075E9	19.572763684913216
3.104740963E9	0.0
3.104756475E9	53.055112343608485
3.104767963E9	53.7812048870181
3.104778484E9	58.75283428326139
3.1047881575E9	45.285841091238105
3.1047976135E9	54.761646599400606
3.1048068795E9	40.96646916240237
3.1048160235E9	58.97170649397071
3.104824959E9	50.97577324672762
3.1048336895E9	52.98742624389223
3.1048423175E9	49.023915160696895
3.1048506295E9	58.711282875031145
3.104858538E9	58.508608110810016
3.10486621E9	28.619082584618035
3.104873738E9	0.9803312629399586
3.104881204E9	47.380594006181965
3.1048886055E9	55.542506670080506
3.104895888E9	52.13484392204725
3.1049030315E9	55.743226781245575
3.1049100215E9	35.591939711404635
3.104916928E9	39.4499810454488
3.1049238165E9	49.574142454571955
3.104930685E9	51.8021470680184
3.1049375335E9	53.68046970183949
3.1049443175E9	5.9789596727060195
3.1049510255E9	58.49860605243042
3.104957646E9	51.85075926985283
3.1049641205E9	2.160845313137726
3.104970491E9	24.544884374158297
3.104976811E9	56.9938917859191
3.1049830915E9	56.98924954072815
3.104989311E9	56.18618634347159
3.104995483E9	45.49890097064716
3.1050016285E9	57.112209291636795
3.105007741E9	52.72582840279071
3.105013843E9	51.38262797905312
3.105019839E9	58.41613037588512
3.1050257E9	45.914675878886406
3.105031511E9	54.157614050994354
3.1050372955E9	1.8361130020422056
3.105043063E9	0.0
3.1050488005E9	57.197156255827814
3.1050545125E9	58.84421405912372
3.1050601615E9	0.0
3.1050657395E9	59.50139581143548
3.1050713015E9	49.2312461726883
3.1050767895E9	16.608322641603262
3.105082186E9	42.368665839220405
3.1050875235E9	58.76811521719164
3.105092801E9	52.81676467947567
3.105098007E9	52.14392140429297
3.1051031505E9	51.75941418314958
3.1051082045E9	50.459734764210616
3.105113172E9	39.04818308500375
3.105118124E9	53.90731538480556
3.105123046E9	53.5363135721167
3.105127928E9	6.771927449918787
3.105132784E9	57.963298975664536
3.1051375455E9	52.96739972123277
3.105142205E9	57.96463334508161
3.1051468215E9	55.02411408815903
3.105151389E9	57.036203060742935
3.1051559265E9	52.587269322858724
3.105160444E9	59.035140461832626
3.105164943E9	58.062804963417356
3.1051694125E9	1.0523690773067331
3.1051738415E9	45.861149315314236
3.105178253E9	54.873569692298574
3.1051826085E9	44.64043541219354
3.1051869095E9	50.833341670522614
3.105191198E9	56.28752487751524
3.105195423E9	41.41834996349477
3.105199594E9	54.36094350504272
3.1052037465E9	6.506363636363637
3.105207865E9	42.68184534755425
3.10521196E9	52.930136889141075
3.105216012E9	57.40841615749087
3.1052200195E9	1.5784623486045286
3.105224006E9	51.5034020029558
3.1052278585E9	55.12034689793195
3.105231579E9	55.56781575757576
3.1052352765E9	53.823638881675755
3.1052389575E9	48.24042693162742
3.105242632E9	57.66233766233766
3.1052463045E9	40.92143683145418
3.105249957E9	54.490494841948475
3.10525359E9	55.534813860200025
3.105257213E9	20.182152833885016
3.105260822E9	14.47234615154596
3.1052644205E9	50.53699257725601
3.1052680095E9	55.732934387689674
3.1052715945E9	30.378896882494004
3.105275175E9	58.19751375878382
3.105278732E9	53.377218205718044
3.1052822555E9	36.300373985894545
3.105285765E9	53.93374915711396
3.1052892635E9	57.35538291911839
3.105292744E9	7.728390259083483
3.105296203E9	0.0
3.105299639E9	58.52333777722127
3.10530305E9	55.64436706176477
3.105306431E9	59.194144473180266
3.105309783E9	46.14892637047818
3.1053131135E9	54.866164921465966
3.105316433E9	51.35528196916843
3.105319747E9	0.8825413774693006
3.105323045E9	0.0
3.1053263115E9	0.9942140790742526
3.10532956E9	0.0
3.105332802E9	56.58367101173331
3.105336038E9	26.59559902200489
3.1053392555E9	58.52504127682994
3.105342453E9	58.75577191639775
3.105345638E9	26.26442668685253
3.1053488045E9	58.27891935533412
3.105351955E9	45.728535640007564
3.105355096E9	54.80079322418026
3.1053582345E9	58.47405171965243
3.1053613715E9	0.9784172661870504
3.1053645055E9	0.0
3.1053676375E9	58.91923076923077
3.105370751E9	50.88735919899875
3.1053738455E9	56.71121248631894
3.105376939E9	56.62813607317567
3.105380015E9	0.0
3.105383037E9	59.35223157221986
3.105386017E9	42.15846627704944
3.105388988E9	41.7413166204191
3.105391952E9	5.2714718760525425
3.10539491E9	58.642287892659354
3.105397855E9	53.90913897099464
3.105400789E9	21.314174174174173
3.10540371E9	50.51429138547042
3.1054066165E9	55.21735598227474
3.1054095145E9	55.87884193439055
3.1054124035E9	26.40137350985933
3.105415289E9	14.836872883964297
3.1054181705E9	2.0
3.105421047E9	56.242994193385506
3.105423915E9	57.89280583227461
3.1054267735E9	26.82680628272251
3.1054296205E9	45.79497807301593
3.10543244E9	49.26170074083495
3.105435239E9	51.52985137919508
3.1054380315E9	35.31001488411652
3.105440812E9	55.24460503010981
3.105443576E9	56.75351210859316
3.1054463305E9	14.24794104898136
3.105449079E9	59.32783509421857
3.105451813E9	40.525999457957134
3.1054545365E9	53.53214562950097
3.1054572385E9	21.903508771929825
3.105459914E9	34.47328042328042
3.10546258E9	29.00564642066543
3.1054652375E9	24.302431516109575
3.105467887E9	58.51688601590476
3.105470528E9	54.111344359626806
3.105473162E9	25.223443223443223
3.105475793E9	41.59813207484901
3.1054784135E9	42.347671745631345
3.105481019E9	54.99254261363637
3.1054836015E9	55.12887980945746
3.1054861625E9	52.47004347004347
3.105488716E9	56.20084559875385
3.105491267E9	27.30898030651035
3.1054938115E9	48.579856892129065
3.1054963495E9	52.9584262295082
3.105498881E9	9.76842105263158
3.1055013925E9	22.462226640159045
3.1055038895E9	0.0
3.105506379E9	55.88755350675008
3.105508858E9	51.258472198029764
3.10551133E9	59.11805374104022
3.105513792E9	57.91861313868613
3.1055162415E9	59.467289719626166
3.105518682E9	56.29437125388694
3.105521118E9	52.53274415573837
3.105523549E9	49.625338722618345
3.105525972E9	50.79727817826585
3.105528388E9	46.13515231598871
3.1055308005E9	51.1849907893397
3.1055332065E9	53.373674349225986
3.105535606E9	53.91697285275267
3.1055380035E9	49.14795052458342
3.105540398E9	27.006363094054485
3.1055427875E9	57.14704425874342
3.1055451725E9	14.262647710487444
3.1055475555E9	51.37592397043294
3.1055499375E9	25.797403685092128
3.105552312E9	44.02211108186365
3.1055546785E9	34.17719568567026
3.1055570425E9	56.210717144606114
3.105559404E9	54.80841583568629
3.105561761E9	46.59779337014372
3.105564112E9	24.29435313100484
3.1055664605E9	0.0
3.1055688045E9	45.38568247472316
3.105571144E9	28.49478506677064
3.1055734815E9	41.99464078794902
3.105575816E9	37.074330620612535
3.1055781475E9	0.0
3.105580476E9	40.341158294208526
3.1055827985E9	52.5308740533768
3.105585104E9	49.09993763642033
3.1055873965E9	59.251811196487374
3.105589686E9	50.98277874721704
3.1055919665E9	39.06809008482012
3.1055942405E9	27.889370078740157
3.105596511E9	58.178284612913586
3.1055987745E9	52.94352813412068
3.105601033E9	56.78350515463917
3.1056032815E9	55.101571509548286
3.105605521E9	42.41523840914085
3.1056077565E9	10.917387197558671
3.1056099875E9	38.39370365868482
3.1056122175E9	0.0
3.1056144435E9	18.946403385049365
3.1056166625E9	0.0
3.1056188775E9	20.674194267871083
3.1056210895E9	13.972758529489553
3.105623296E9	38.2283328915982
3.105625496E9	28.26382920859396
3.1056276925E9	44.263672654690616
3.1056298885E9	57.62336777563302
3.105632076E9	43.708299147996215
3.1056342545E9	39.05924499574582
3.1056364325E9	25.20502040131094
3.1056386075E9	0.9746457867263236
3.1056407785E9	56.30494441639215
3.105642947E9	58.47695623856341
3.105645114E9	1.9295238095238094
3.105647276E9	42.17549022381936
3.105649431E9	33.85436193222783
3.105651583E9	0.0
3.105653732E9	54.86543033153549
3.105655878E9	36.724993874512315
3.1056580215E9	40.28205538658556
3.1056601635E9	30.490946111879634
3.1056623025E9	19.49133294046352
3.1056644355E9	37.869911680608524
3.1056665645E9	49.10011275498001
3.1056686915E9	59.504828137114394
3.1056708175E9	0.0
3.10567294E9	48.19564398555381
3.105675053E9	37.96238016849036
3.105677152E9	56.91106507017263
3.105679241E9	38.83246365208938
3.1056813275E9	24.375168203948817
3.105683412E9	56.187702181284344
3.105685491E9	18.616514440878795
3.105687566E9	47.21164346500074
3.1056896395E9	37.51606492215966
3.1056917095E9	36.60762668030076
3.105693777E9	0.0
3.105695838E9	0.0
3.105697891E9	58.398503546788454
3.1056999415E9	52.347202077106154
3.105701983E9	50.35521220570013
3.1057040115E9	46.337688986420055
3.1057060315E9	25.34374526156179
3.105708045E9	20.172514915562747
3.105710055E9	43.7910134687569
3.105712061E9	49.545729202554796
3.105714063E9	21.959590278487916
