#Position (bp)	mapping quality
3882144.5	55.007338858644
1.16464325E7	57.385379018047374
1.94107205E7	57.789268057943325
2.71750085E7	58.5190705150448
3.49392965E7	58.59455368506375
4.27035845E7	58.669043677277045
5.04678725E7	58.693339660224865
5.82321605E7	58.52519336624614
6.59964485E7	58.65574670224968
7.37607365E7	58.6740686091194
8.15250245E7	58.625953803545116
8.92893125E7	58.632646585522004
9.70536005E7	58.69595406248801
1.048178885E8	56.449179968447496
1.125821765E8	58.61438102395324
1.203464645E8	18.345644002217657
1.281107525E8	10.062010371635587
1.358750405E8	0.0
1.436393285E8	28.029165158205966
1.514036165E8	52.83797674727054
1.591679045E8	57.78079987089992
1.669321925E8	58.63186121239245
1.746964805E8	58.614378472178444
1.824607685E8	58.61134842994948
1.902250565E8	58.65119965515453
1.979893445E8	58.59811550115115
2.057536325E8	58.10113519107885
2.135179205E8	58.65532719631233
2.212822085E8	58.50361701587846
2.290464965E8	57.432994356257566
2.368107845E8	58.55627713902985
2.445750725E8	58.53987285048507
2.487068195E8	53.15162070739591
2.525889635E8	58.40974886092549
2.601036485E8	58.658003450172274
2.678679365E8	58.580313955346995
2.756322245E8	58.636388609321756
2.833965125E8	58.05210719358529
2.911608005E8	58.6292304957273
2.989250885E8	58.63911110828396
3.066893765E8	58.63415720065597
3.144536645E8	58.62040845739136
3.222179525E8	58.5460587767289
3.299822405E8	58.61927615224256
3.377465285E8	41.16769684685786
3.455108165E8	53.45700652970853
3.532751045E8	58.21147394813549
3.610393925E8	52.88601596190646
3.688036805E8	58.58162170111592
3.765679685E8	56.66886253220004
3.843322565E8	58.3363283662259
3.920965445E8	58.62654347781604
3.998608325E8	58.60567342314681
4.076251205E8	58.608514850112705
4.153894085E8	58.57172247202934
4.231536965E8	58.68437883333536
4.309179845E8	58.675695499701575
4.386822725E8	58.66926215558121
4.464465605E8	58.63367504968134
4.542108485E8	58.67907531310144
4.619751365E8	58.63452790444245
4.697394245E8	58.633269970203905
4.775037125E8	58.551894735164076
4.852680005E8	58.548759170547115
4.90150048E8	57.85155625532126
4.94032192E8	58.55257182287635
5.007965765E8	58.59811436444165
5.085608645E8	58.620668958574655
5.163251525E8	58.642685448092536
5.240894405E8	58.63708394420583
5.318537285E8	58.5875744801247
5.396180165E8	58.62623729475627
5.473823045E8	58.62784773270451
5.551465925E8	58.63444818400712
5.629108805E8	58.6073869502851
5.706751685E8	58.499648508722174
5.784394565E8	54.87837253474341
5.862037445E8	41.0860646407179
5.939680325E8	58.62090627994521
6.017323205E8	58.677597679613264
6.094966085E8	58.66955111456742
6.172608965E8	58.54394887246807
6.250251845E8	58.60496857829682
6.327894725E8	58.60562181160729
6.405537605E8	58.562072960574376
6.483180485E8	58.72196433150128
6.560823365E8	58.67039671228539
6.638466245E8	58.68684218974042
6.716109125E8	58.648136295367955
6.793752005E8	58.41611993456232
6.863514275E8	57.91187639803908
6.902335715E8	57.477029722356995
6.949037765E8	56.558002834393335
7.026680645E8	58.248298899225944
7.104323525E8	58.517783042623826
7.181966405E8	58.641405859794624
7.259609285E8	58.69962649340653
7.337252165E8	58.625132835364056
7.414895045E8	30.9220646997849
7.492537925E8	58.570484234685686
7.570180805E8	58.634156531856256
7.647823685E8	58.54891223424749
7.725466565E8	58.65172018078279
7.803109445E8	58.63528561535901
7.880752325E8	58.69576902725251
7.958395205E8	58.65892307386628
8.036038085E8	58.679656127472555
8.113680965E8	58.43114926269487
8.191323845E8	58.49984028031484
8.268966725E8	58.59779682116617
8.346609605E8	58.63819943468024
8.424252485E8	58.61925554318922
8.501895365E8	58.64089409507216
8.579538245E8	58.536559247771336
8.657181125E8	58.63490776176728
8.734824005E8	58.50086465358357
8.78512305E8	54.7663328342442
8.82394449E8	58.264561648423886
8.890109765E8	58.52801404698205
8.967752645E8	58.10442367807072
9.045395525E8	58.578088189846305
9.123038405E8	58.51220591028173
9.200681285E8	58.69555880195357
9.278324165E8	45.1281460727131
9.355967045E8	58.607404158877195
9.433609925E8	58.57350521170308
9.511252805E8	48.89503219620456
9.588895685E8	58.637577925246006
9.666538565E8	58.696496112519796
9.744181445E8	58.6039931461985
9.821824325E8	58.519719282306006
9.899467205E8	58.59138884539024
9.977110085E8	58.69338250654851
1.0054752965E9	58.6435526866169
1.0132395845E9	58.638730218845254
1.0210038725E9	58.659818318049645
1.0287681605E9	58.6070040241281
1.0365324485E9	58.52726918524476
1.0442967365E9	58.65015797187862
1.0520610245E9	57.92860765099328
1.0585707465E9	56.246401359456414
1.0624528905E9	58.10146898669988
1.0675896005E9	58.56181839271983
1.0753538885E9	58.629618616547894
1.0831181765E9	58.600696697428184
1.0908824645E9	57.681972084977765
1.0986467525E9	58.553216763774095
1.1064110405E9	58.65614605510029
1.1141753285E9	58.63511443299668
1.1219396165E9	43.50803121739604
1.1297039045E9	58.65198620111819
1.1374681925E9	58.64307545696899
1.1452324805E9	58.610558425615665
1.1529967685E9	58.677227237876885
1.1607610565E9	58.673467248051566
1.1685253445E9	58.62825419969315
1.1762896325E9	58.64985233824041
1.1840539205E9	58.67524075959808
1.1918182085E9	58.64258313118954
1.1995824965E9	58.676993787587044
1.2073467845E9	58.66144126566362
1.2151110725E9	58.567700341411395
1.2228753605E9	58.07735828313507
1.229380904E9	57.85642678767598
1.233263048E9	57.71385478803114
1.2384039365E9	57.917784652070054
1.2461682245E9	58.63162912966481
1.2539325125E9	58.62537672471397
1.2616968005E9	58.59063437977307
1.2694610885E9	58.53892998286767
1.2772253765E9	58.59397613680347
1.2849896645E9	58.20258051012617
1.2927539525E9	29.824287850110615
1.3005182405E9	57.675752079572455
1.3082825285E9	54.29521477304023
1.3160468165E9	58.684326529039616
1.3238111045E9	58.636987257646396
1.3315753925E9	56.87345152639199
1.3393396805E9	58.6108603281631
1.3471039685E9	58.64718299853768
1.3548682565E9	58.65197659715691
1.3626325445E9	58.59701261641667
1.3703968325E9	58.627285292266215
1.3781611205E9	56.49864635678911
1.3859254085E9	58.352615854099156
1.3905789145E9	57.58925874486848
1.3944610585E9	56.61140247274011
1.4014539845E9	53.42399040713819
1.4092182725E9	58.62412683838523
1.4169825605E9	58.63814126543228
1.4247468485E9	58.62310113002292
1.4325111365E9	43.58993151304318
1.4402754245E9	53.07757237162252
1.4480397125E9	58.61928781481233
1.4558040005E9	58.617368227905416
1.4635682885E9	58.54469288514415
1.4713325765E9	58.73652051609849
1.4790968645E9	54.927819812980836
1.4868611525E9	58.6643337815314
1.4946254405E9	58.687265208086885
1.5023897285E9	58.689313725660256
1.5101540165E9	58.659423189433014
1.5179183045E9	58.57681764760562
1.5256825925E9	58.5796316453188
1.5330268245E9	58.39220387935297
1.5369089685E9	57.230931905140764
1.5412111685E9	58.63783239007781
1.5489754565E9	58.686954113770994
1.5567397445E9	58.70049813927535
1.5645040325E9	58.65993952669939
1.5722683205E9	56.05662742680216
1.5800326085E9	20.925181855748697
1.5877968965E9	0.0
1.5955611845E9	18.50027999575459
1.6033254725E9	39.12976901832125
1.6110897605E9	58.64767146228961
1.6188540485E9	58.57890304295836
1.6266183365E9	58.54054331046978
1.6343826245E9	58.523922935948114
1.6421469125E9	58.59262755444195
1.6499112005E9	58.317998396953854
1.6576754885E9	58.674497678728535
1.6654397765E9	58.52901989201119
1.672102775E9	57.708854596446166
1.675984919E9	57.70052563405137
1.6809683525E9	58.556159396264746
1.6887326405E9	58.676274984251584
1.6964969285E9	58.590638780164525
1.7042612165E9	58.58447076598147
1.7120255045E9	44.422030590801164
1.7197897925E9	41.047543169132815
1.7275540805E9	58.40097405923534
1.7353183685E9	58.63479216362095
1.7430826565E9	58.63765005425373
1.7508469445E9	58.590553267191645
1.7586112325E9	58.09768320317564
1.7663755205E9	58.61387251302094
1.7741398085E9	58.64984574653008
1.7819040965E9	58.585636227286706
1.7896683845E9	58.641353057237176
1.7974326725E9	58.57767142320889
1.804997934E9	57.03902931197142
1.808880078E9	51.66333228637394
1.8129612485E9	57.96695884087561
1.8207255365E9	58.622335828330904
1.8284898245E9	58.59040206768166
1.8362541125E9	58.608918769404575
1.8440184005E9	58.674600620609006
1.8517826885E9	58.64070220744203
1.8595469765E9	31.450579472943804
1.8673112645E9	58.56077191796408
1.8750755525E9	58.56426760525196
1.8828398405E9	58.601094869087376
1.8906041285E9	58.640947864805305
1.8983684165E9	57.4362314149786
1.9061327045E9	58.58604828896464
1.9138969925E9	58.64347998547261
1.9216612805E9	58.60365701231242
1.9294255685E9	58.58045947262069
1.9371898565E9	58.58696728441861
1.942419837E9	58.5181869231079
1.946301981E9	58.54571141115586
1.9527184325E9	58.42914373078042
1.9604827205E9	58.69003619800336
1.9682470085E9	58.666746010850886
1.9760112965E9	45.643723249430465
1.9837755845E9	53.37044992528954
1.9915398725E9	58.62664165701622
1.9993041605E9	58.614460866117234
2.0070684485E9	58.64581589514329
2.0148327365E9	58.65457629034439
2.0225970245E9	58.69278362866638
2.0303613125E9	58.642968925860885
2.0381256005E9	58.63814941349461
2.0458898885E9	58.68033495686081
2.0536541765E9	58.662460955562686
2.0614184645E9	58.62980975735709
2.0691827525E9	58.53029168304917
2.0750539395E9	58.30852612726416
2.0789360835E9	0.0
2.0847113285E9	0.0
2.0924756165E9	10.868404505637292
2.1002399045E9	58.512392577928246
2.1080041925E9	58.58330852091535
2.1157684805E9	58.64512617832897
2.1235327685E9	58.617056059615955
2.1312970565E9	58.26203396714987
2.1390613445E9	58.562768345954545
2.1468256325E9	58.67033571115819
2.1545899205E9	58.651888654548706
2.1623542085E9	58.68065948377721
2.1701184965E9	58.66427276858289
2.1778827845E9	58.60855334965061
2.1856470725E9	58.45318468457875
2.1904682635E9	58.25260894029691
2.1943504075E9	0.0
2.2011756485E9	0.0
2.2089399365E9	39.44562417219655
2.2167042245E9	58.606462051473436
2.2244685125E9	58.71832660409485
2.2322328005E9	58.69208455479852
2.2399970885E9	58.68622656870847
2.2477613765E9	58.66743544221279
2.2555256645E9	58.59968281436252
2.2632899525E9	58.64328729325907
2.2710542405E9	58.554488415914776
2.2788185285E9	58.59678379155043
2.2865828165E9	58.588019560894836
2.2943471045E9	58.374541328643325
2.2983401385E9	58.752395481365674
2.3022222825E9	0.0
2.3098756805E9	0.0
2.3176399685E9	20.60424977153283
2.3254042565E9	54.09382925788151
2.3331685445E9	55.442313961542176
2.3409328325E9	58.339793926581265
2.3486971205E9	58.62376505542116
2.3564614085E9	58.62971569899272
2.3642256965E9	58.58392162566543
2.3719899845E9	58.16697111631899
2.3797542725E9	56.88692153563328
2.3875185605E9	58.463754320280046
2.3952828485E9	58.61199291091593
2.399803605E9	56.36388480952423
2.403685749E9	58.31380014365239
2.4108114245E9	58.65816976332142
2.4185757125E9	51.42920631569955
2.4263400005E9	54.628700475580835
2.4341042885E9	37.56052131461054
2.4418685765E9	2.0953563235291037
2.4496328645E9	48.12272150845662
2.4573971525E9	58.615044283387554
2.4651614405E9	58.69564635578225
2.4729257285E9	57.80829931156582
2.4806900165E9	58.57484810922993
2.4876763615E9	57.61973038789057
2.4915585055E9	57.71536278563293
2.4962185925E9	58.58158066927882
2.5039828805E9	58.45499427894018
2.5117471685E9	40.43899042323002
2.5195114565E9	44.79217342194917
2.5272757445E9	55.913244474716514
2.5350400325E9	56.68136510019234
2.5428043205E9	58.66180823577665
2.5505686085E9	58.57980722229804
2.5583328965E9	58.455064811163645
2.5660971845E9	58.5953670824816
2.572008666E9	58.193413177429264
2.57589081E9	57.62800608273745
2.5816257605E9	58.61222341061184
2.5893900485E9	29.26715473956622
2.5971543365E9	54.07975135236257
2.6049186245E9	58.702272806612676
2.6126829125E9	58.60934164508998
2.6204472005E9	58.43809326760752
2.6282114885E9	58.595220983431346
2.6359757765E9	58.65021676584082
2.6437400645E9	58.58672944955418
2.6510167485E9	58.378616472188625
2.6548988925E9	49.93569824446527
2.6592686405E9	58.37472661270141
2.6670329285E9	58.27453485131657
2.6747972165E9	58.566840917962416
2.6825615045E9	57.2440349269046
2.6903257925E9	56.53957111579784
2.6980900805E9	58.60595371515078
2.7058543685E9	57.120786282969526
2.7113827085E9	58.577648898568874
2.7152648525E9	58.57667805236799
2.7213829445E9	58.587416047650116
2.7291472325E9	58.58610165811558
2.7369115205E9	38.67278895617533
2.7446758085E9	44.5966090394625
2.7524400965E9	58.600289476905274
2.7602043845E9	58.62341220156114
2.7679686725E9	58.652422714426166
2.774661944E9	58.31527284297959
2.778544088E9	0.0
2.7834972485E9	22.178664768295864
2.7912615365E9	53.54483902462328
2.7990258245E9	58.66946875702369
2.8067901125E9	58.6519178580578
2.8145544005E9	58.40291099969285
2.8213097995E9	56.45115093318864
2.8251919435E9	0.0
2.8300829765E9	0.0
2.8378472645E9	38.64039017439508
2.8456115525E9	54.07486537178954
2.8533758405E9	58.64427537070548
2.8611401285E9	58.54850309826713
2.8689044165E9	58.48506965930692
2.8738940415E9	58.14108263152149
2.8777761855E9	57.468793464487476
2.8844329925E9	58.49701591263953
2.8921972805E9	58.65263092831978
2.8999615685E9	58.694239084561985
2.9077258565E9	58.64833723767203
2.9154901445E9	58.63696396656675
2.9232544325E9	56.761742257335584
2.9310187205E9	42.105259130761354
2.9387830085E9	45.08710704251187
2.9465472965E9	56.8083258030602
2.9543115845E9	58.66125265824082
2.9620758725E9	58.48645799902802
2.9698401605E9	58.51437728208281
2.9776044485E9	56.78501381742946
2.9853687365E9	58.647180077491434
2.9931330245E9	57.50119430647625
3.0008973125E9	58.65474325640447
3.0086616005E9	57.934521590826236
3.0164258885E9	56.846518442362175
3.0241901765E9	57.90739314419737
3.029557369E9	54.328188661756904
3.033439513E9	57.101309055766656
3.0397187525E9	22.966989427900213
3.0474830405E9	18.662019761783935
3.0552473285E9	12.161769391685024
3.0630116165E9	0.0
3.0707759045E9	0.0
3.0785401925E9	0.0
3.0853460845E9	46.85623394621383
3.088278117E9	58.07343973340776
3.088373929E9	46.44404013551015
3.0884774725E9	47.2201872246696
3.0885573295E9	54.27720857430891
3.0886546005E9	23.30467884930702
3.0887081185E9	47.37642092117863
3.0887493115E9	42.13740665256975
3.088858438E9	28.37197641703851
3.088966832E9	54.34173713262522
3.089008063E9	53.12847163752707
3.089109657E9	14.803724300729717
3.089267292E9	7.471711789272174
3.08942189E9	8.135873627486623
3.089604443E9	39.22378938976167
3.089755642E9	53.63668708827059
3.0898220175E9	33.669582844056684
3.0898610755E9	25.764573257209353
3.089968525E9	35.83122741856894
3.0900764725E9	48.84193348420007
3.090141311E9	8.565449277840022
3.090191469E9	0.3618311533888228
3.090297168E9	40.361319337535114
3.090503609E9	32.835227284140664
3.0907062205E9	49.772275589628116
3.09089898E9	43.86366786226598
3.091013772E9	50.89971786118595
3.091052607E9	56.21063182305829
3.0911587895E9	49.006996664626904
3.091267064E9	56.84386425756984
3.0915130575E9	11.170857097011137
3.092673561E9	10.363982457977833
3.093702736E9	50.321963599096094
3.093935951E9	33.61603101685905
3.094132646E9	31.460580145025645
3.0942642985E9	18.551232228475044
3.094360447E9	54.55037162871767
3.0944711045E9	13.673599012163763
3.0946435155E9	14.479118782616567
3.094747446E9	46.86194861288202
3.0948598115E9	7.116751555635576
3.0950026905E9	38.44803410953166
3.095104297E9	41.47578115530092
3.095190977E9	11.840197401551013
3.0952465895E9	0.0
3.0952663465E9	0.0
3.095268566E9	0.0
3.0952706195E9	0.9756929637526652
3.0952723265E9	0.0
3.0952838005E9	20.551303122798778
3.0952967465E9	23.81715923532434
3.095299555E9	1.1956001912960306
3.0953008775E9	1.4323279195668988
3.0953027375E9	0.9919678714859438
3.0953043745E9	0.0
3.095311073E9	0.9905547226386806
3.0953361175E9	3.7844621513944223
3.095355552E9	0.0
3.0953574645E9	0.0
3.095360032E9	0.0
3.095361791E9	0.0
3.095363378E9	10.928776094965206
3.095365611E9	27.802783213742117
3.0953678415E9	0.0
3.095369933E9	0.0
3.095371677E9	22.83129584352078
3.09537289E9	0.9963547995139733
3.0953743225E9	0.0
3.095375945E9	0.9624134520276953
3.095572656E9	46.895259115784825
3.095769303E9	51.821661114994996
3.0957708065E9	15.92807881773399
3.0957736535E9	52.771819252263114
3.095822105E9	43.13425366946453
3.095924849E9	20.920594069189278
3.095983129E9	55.840820536328216
3.095986364E9	20.32816370186895
3.0959887305E9	59.06620351450756
3.0959909825E9	27.17450046220579
3.095993051E9	38.83087652559835
3.0959946765E9	47.499519626681305
3.096006671E9	41.29498715609438
3.0960870785E9	46.89520765773788
3.0961589785E9	46.01643770348606
3.096165879E9	48.54676009033528
3.096173123E9	54.828104464599406
3.09617898E9	41.02429308627818
3.096183283E9	57.13102694104782
3.096185859E9	13.55838570956004
3.0961883E9	19.280898876404493
3.0961908755E9	36.63843648208469
3.096192456E9	0.0
3.096238607E9	47.53941812211923
3.0962848625E9	17.2449203734212
3.096286263E9	0.0
3.0962877625E9	56.05166051660517
3.096289947E9	47.05497542997543
3.096292208E9	59.9576570218772
3.0962965075E9	0.0
3.096315547E9	9.298010867884518
3.0963533005E9	32.76956545336132
3.09637788E9	52.614584913824594
3.096382479E9	57.07464228934817
3.0963879875E9	11.740302164148632
3.0963943185E9	22.091728448902458
3.096398918E9	12.8948432760364
3.0964033365E9	31.76968894145476
3.0964070605E9	47.184083734839675
3.0964084065E9	0.0
3.0964096105E9	0.0
3.096411644E9	26.176120956751365
3.0964135175E9	0.0
3.0964147555E9	0.0
3.0964161835E9	0.0
3.0964174105E9	20.12009429318965
3.096418484E9	22.973751401591397
3.096419946E9	0.0
3.096422275E9	0.975609756097561
3.0964254675E9	15.937888198757763
3.0964313925E9	0.8346829093514869
3.0964360765E9	0.0
3.096437123E9	0.0
3.0964382945E9	0.0
3.096440137E9	5.969556025369979
3.096442099E9	0.0
3.096443439E9	0.0
3.0964449505E9	0.0
3.0964464985E9	0.0
3.0964475915E9	0.0
3.0964489705E9	0.0
3.0964506065E9	0.0
3.0964522235E9	0.0
3.0964537525E9	0.0
3.0964552355E9	0.0
3.09645655E9	0.0
3.0964580005E9	0.0
3.0964594605E9	0.0
3.096462063E9	23.25399413107271
3.0964647385E9	0.0
3.0964666345E9	0.0
3.0964687875E9	0.0
3.096470338E9	0.0
3.0964722525E9	0.0
3.096474844E9	0.0
3.0964802425E9	58.51915126558492
3.0964880595E9	54.60481208448284
3.0965833285E9	28.15683894576564
3.0967643755E9	49.68903280570619
3.0969348755E9	17.355005232609837
3.097105623E9	42.34329712145929
3.0972741855E9	15.657108201240524
3.0973604055E9	3.1956132288422636
3.097450029E9	2.382172503049597
3.0976374775E9	44.01468742666921
3.0978270425E9	35.66557250247017
3.0979310955E9	40.983134195451946
3.097952041E9	0.0
3.0979864125E9	56.482733069721526
3.098119023E9	22.642229955803902
3.098265051E9	19.171124607329844
3.098391091E9	52.61460486549985
3.0985448955E9	36.82088225005019
3.0986946915E9	35.10211467440555
3.098783935E9	0.0
3.0988292795E9	34.619233670469065
3.098880847E9	23.909203298261268
3.098919304E9	24.573324497009246
3.0989774605E9	29.90873846227276
3.099052881E9	39.276725577068916
3.0991573655E9	30.848572535451297
3.099319594E9	29.036651723796865
3.0995012675E9	20.860198895463064
3.099670145E9	39.271859734255926
3.09983663E9	0.0
3.0999236415E9	0.0
3.099926258E9	50.97949886104784
3.0999293305E9	58.598684210526315
3.0999317075E9	0.0
3.099933225E9	42.951829268292684
3.099934473E9	0.0
3.099935544E9	0.0
3.099936873E9	59.30815109343936
3.0999392435E9	47.4874245472837
3.0999417715E9	59.09803417705255
3.099944294E9	56.61668426610348
3.099947122E9	23.651113716295427
3.099949542E9	26.909266782743277
3.099951465E9	0.0
3.0999532635E9	0.0
3.0999548975E9	0.0
3.099956276E9	0.0
3.0999589355E9	59.21399531846741
3.099961492E9	0.0
3.0999627755E9	59.84293193717277
3.099966206E9	51.80914237333156
3.099971928E9	0.0
3.0999763185E9	58.910675381263616
3.0999787225E9	0.0
3.099980804E9	28.98876404494382
3.099982934E9	59.68017057569296
3.0999846185E9	58.600706713780916
3.0999859675E9	59.62771458117891
3.099987108E9	0.0
3.0999883185E9	0.0
3.099989888E9	0.0
3.0999934275E9	57.72327911704909
3.099997199E9	57.71997561471246
3.0999989405E9	0.0
3.100000503E9	55.368806875631954
3.100002242E9	0.0
3.100004537E9	0.0
3.100007437E9	54.06623026569118
3.1000093805E9	0.0
3.1000104305E9	0.0
3.100011833E9	0.0
3.1000136915E9	57.90819672131148
3.1000154645E9	57.323588709677416
3.100017134E9	55.74431171786121
3.1000187915E9	0.0
3.100020568E9	58.60661505981703
3.1000221625E9	0.0
3.1000236955E9	8.94508009153318
3.1000264625E9	48.03473684210526
3.100029677E9	56.93760932944606
3.100031578E9	57.740112994350284
3.1000326205E9	0.0
3.100033658E9	0.0
3.100035464E9	41.59781719873838
3.1000409715E9	40.78395191262946
3.1000479435E9	8.38218333166182
3.100051797E9	56.17309584727416
3.100053416E9	50.717667436489606
3.10005829E9	52.530866436906706
3.1000639665E9	29.66499980986424
3.1000665115E9	14.703540544950236
3.100068816E9	58.641176470588235
3.100070957E9	37.14230019493177
3.1000725955E9	0.0
3.10007379E9	32.12423931587591
3.1000757855E9	0.0
3.1000785755E9	58.67145721925134
3.1000897445E9	58.17183363814275
3.1001009405E9	58.83144289105777
3.1001076425E9	57.48458484669313
3.1001174535E9	58.79747785617775
3.10012562E9	58.628227587782774
3.1001304845E9	57.37236873941447
3.1001326025E9	55.83673469387755
3.100134138E9	7.902075226977951
3.100136976E9	59.15617258464079
3.1001412695E9	58.960171853228054
3.1001454075E9	0.0
3.1001489115E9	0.0
3.1001523505E9	58.27456864216054
3.1001553555E9	38.77358932334348
3.1001569595E9	0.0
3.1001596515E9	2.7260273972602738
3.100164687E9	58.88066701406983
3.100169456E9	58.50173293843342
3.100173756E9	58.72451516658379
3.100178605E9	0.0
3.100182461E9	58.84255930984903
3.1001845245E9	13.706281227694504
3.100186698E9	59.17789527545625
3.1001901715E9	58.768465701330996
3.1001926785E9	58.17977528089887
3.1001942255E9	0.0
3.100196577E9	58.9873897790841
3.100199826E9	58.02125757425251
3.1002050385E9	59.023539668700955
3.1002116325E9	58.391288538457125
3.100215983E9	58.18604651162791
3.100218536E9	0.0
3.1002222875E9	0.0
3.100226716E9	0.0
3.100230998E9	58.14974301986387
3.10023432E9	58.266162888329134
3.100237109E9	6.789760626221257
3.100241596E9	58.78843768880974
3.1002465235E9	56.76415338216286
3.100249222E9	23.93526405451448
3.1002504975E9	0.0
3.1002526125E9	0.0
3.1002555955E9	58.723404255319146
3.1002585615E9	59.129464285714285
3.1002608765E9	0.0
3.100264232E9	0.0
3.1002683515E9	0.0
3.1002730005E9	58.845709888418625
3.100276567E9	0.0
3.1002785615E9	58.04907975460123
3.1002805655E9	38.006425339366515
3.1002818545E9	58.76580958999305
3.100283864E9	57.83209351753454
3.100286221E9	0.0
3.1002886105E9	52.3440270156184
3.100297238E9	0.0
3.100308266E9	0.0
3.1003148695E9	9.918095069800318
3.1003201675E9	0.0
3.100323191E9	0.0
3.100327556E9	59.0625
3.1003361335E9	57.7317928378456
3.100341505E9	37.64693465079721
3.100343284E9	58.810931756432794
3.1003451525E9	58.605940594059405
3.10034797E9	58.8140079405477
3.1003522945E9	59.40602006688963
3.1003595775E9	57.55396402910904
3.100367519E9	59.0869207567864
3.1003726985E9	58.74132442728174
3.1003758895E9	58.52773826458037
3.1003787135E9	58.498767460969596
3.1003813635E9	0.0
3.100384543E9	58.02436540565006
3.100388122E9	15.123332258159106
3.100390936E9	59.11131898971001
3.1003962175E9	58.41431185200244
3.1004020815E9	56.6130687649675
3.1004062135E9	41.17214069415327
3.100409423E9	0.0
3.1004119315E9	57.95256312165264
3.100414125E9	55.68545510141678
3.100417918E9	58.840937114673245
3.100423028E9	59.2969564569783
3.1004269835E9	57.92137915888877
3.1004299135E9	0.0
3.100431937E9	0.0
3.100433132E9	0.0
3.100434876E9	0.0
3.1004377605E9	53.825334719080516
3.1004408225E9	59.382918467729915
3.1004441155E9	59.02540063229042
3.1004490815E9	59.43724922545584
3.100453243E9	59.37620331151329
3.1004556705E9	59.39090649127824
3.1004587745E9	0.0
3.100461398E9	0.0
3.100462798E9	0.0
3.1004649905E9	59.15440414507772
3.100471036E9	0.0
3.1004779445E9	59.29417961548591
3.1004820575E9	48.7948689096433
3.100486718E9	58.90489758615128
3.1004910255E9	0.0
3.10049749E9	0.0
3.1005038655E9	0.0
3.1005113075E9	0.0
3.100520375E9	58.327614870361856
3.100524579E9	59.56011730205279
3.100528576E9	57.065230232623556
3.100533401E9	58.14406853745957
3.1005371995E9	59.42083273303559
3.100540127E9	59.30998017184402
3.100544135E9	0.0
3.1005486665E9	59.01711491442543
3.1005512115E9	55.80926687221651
3.100552639E9	59.069686411149824
3.1005539095E9	0.0
3.1005560785E9	58.4042907342334
3.100558656E9	59.252267258930225
3.100561947E9	55.805572707625814
3.10056789E9	0.0
3.100573138E9	0.0
3.100576513E9	59.543754674644724
3.100580371E9	58.9747381392483
3.100591292E9	19.325195785188587
3.100602639E9	0.0
3.100606305E9	59.409924005364324
3.100608874E9	60.0
3.1006116575E9	57.98251386669174
3.1006156585E9	58.73740641464091
3.100620518E9	0.0
3.1006254325E9	59.02610183996577
3.1006312815E9	0.0
3.1006367155E9	42.782690347158876
3.100640534E9	52.14098276305634
3.100643878E9	53.829110835866835
3.100647993E9	58.78607728449516
3.1006508345E9	0.0
3.100653317E9	59.426861549085054
3.1006563755E9	56.99965616833998
3.1006598935E9	57.83620889492334
3.1006649805E9	58.59117445054945
3.1006712605E9	58.349295265630644
3.1006757165E9	58.93296853625171
3.100677201E9	22.92773892773893
3.10067847E9	43.77643504531722
3.100683289E9	58.839240975142154
3.1006885805E9	58.65323950497452
3.100691006E9	58.44943958615593
3.1006942785E9	0.0
3.1006969395E9	0.0
3.1006991355E9	52.29643024579733
3.1007016905E9	15.752252252252251
3.100704182E9	0.0
3.100706833E9	38.694898556024285
3.100708945E9	59.39238339751819
3.100712266E9	58.7888198757764
3.10071577E9	58.77667140825036
3.100717503E9	39.89561091340451
3.100719116E9	59.21828420006625
3.1007206285E9	59.33649289099526
3.1007221265E9	0.0
3.100724699E9	59.55538221528861
3.1007268945E9	57.69740474875759
3.1007289465E9	57.50883392226148
3.1007309285E9	0.0
3.1007330965E9	56.94503466785954
3.1007392415E9	0.0
3.1007470865E9	58.916111550186294
3.1007528755E9	0.0
3.1007561985E9	58.76356712154872
3.1007588475E9	0.0
3.100761762E9	0.0
3.1007635275E9	0.0
3.100764747E9	28.809306190278356
3.1007667445E9	36.37214611872146
3.1007691425E9	56.16362980335558
3.100772442E9	0.0
3.100775528E9	0.0
3.100781116E9	59.07736746033338
3.10079114E9	59.04616240266963
3.100797975E9	0.0
3.1008007345E9	56.16024012930039
3.100804877E9	59.203453153904746
3.100809349E9	0.0
3.1008114985E9	0.0
3.1008137425E9	23.04538074139307
3.1008164375E9	29.364887821451585
3.100825815E9	34.63694671444407
3.100837982E9	11.933844698113587
3.100842972E9	0.0
3.1008451085E9	0.0
3.10084822E9	58.16717268727926
3.1008510465E9	59.23566878980892
3.100852321E9	0.0
3.1008571395E9	0.0
3.1008619615E9	0.0
3.1008648315E9	58.93019595800626
3.100868278E9	57.71205891816524
3.100873156E9	55.631574364332984
3.1008795525E9	49.143173889907175
3.100884274E9	45.549719530851604
3.10088846E9	23.479863705406625
3.1008916615E9	5.173708920187793
3.10089384E9	0.0
3.1008970555E9	57.84055266005453
3.1008998325E9	41.61465892597968
3.100902708E9	47.0393804432103
3.1009063655E9	46.82027210608488
3.1009089965E9	54.49526213734314
3.1009125255E9	37.94393781337282
3.1009156975E9	50.46607448630137
3.100917935E9	45.86693158629578
3.1009210515E9	49.731429101363254
3.1009240305E9	51.797622027534416
3.100926116E9	32.233967582804794
3.1009275335E9	9.96124031007752
3.100928649E9	39.04499631177772
3.1009304855E9	0.0
3.100935775E9	58.80726509987129
3.1009404825E9	0.0
3.1009433075E9	17.980958422098283
3.100962012E9	10.531386981579239
3.100979643E9	6.185524126455907
3.1009826315E9	57.8390684286275
3.100986095E9	59.40692363170126
3.100988659E9	52.303903345724905
3.1009913515E9	44.61659928293539
3.100994484E9	59.38864628820961
3.100999235E9	54.71180233840724
3.1010045095E9	54.8518212659584
3.101007663E9	0.0
3.101009454E9	0.0
3.1010139635E9	0.0
3.10102777E9	0.0
3.101038557E9	10.284600389863547
3.1010399745E9	0.0
3.10104147E9	0.0
3.101043057E9	0.0
3.101044461E9	0.0
3.101046252E9	0.0
3.101048543E9	59.48437919613284
3.101051444E9	58.94086101593922
3.101053714E9	0.0
3.101055658E9	0.0
3.1010593945E9	58.54286382901272
3.1010636115E9	59.413735343383586
3.101066684E9	0.0
3.101069485E9	0.0
3.10107171E9	53.708920187793424
3.1010747125E9	59.21899692256508
3.101082788E9	59.331264799542744
3.1010891985E9	57.71624266144814
3.101090371E9	0.0
3.101091454E9	0.0
3.1010926105E9	0.0
3.101093789E9	0.0
3.101094954E9	0.0
3.1010960955E9	0.0
3.1010976565E9	58.35748792270532
3.1010992105E9	59.862385321100916
3.1011004015E9	0.0
3.101103073E9	57.95481773061783
3.101108811E9	58.461877201811774
3.1011134185E9	42.26109112709832
3.1011171035E9	58.60855378161053
3.1011208445E9	0.0
3.1011223705E9	58.89739663093415
3.1011236055E9	58.60142554421113
3.101126918E9	0.0
3.101130602E9	26.471042112113043
3.1011321595E9	0.0
3.101133927E9	59.5945945945946
3.1011356635E9	0.0
3.1011368845E9	38.51547303271441
3.1011381815E9	0.0
3.10113931E9	58.18681318681319
3.1011404165E9	0.0
3.101141667E9	58.940998487140696
3.101143503E9	59.17172832689122
3.1011454715E9	58.12255541069101
3.101147397E9	58.91410858914109
3.1011501335E9	0.0
3.101157518E9	57.95749224589414
3.1011645045E9	58.660633484162894
3.1011668885E9	21.33279619817556
3.1011686545E9	0.0
3.1011709785E9	59.322381930184804
3.101173445E9	0.0
3.101205684E9	39.05689792917535
3.1012403025E9	46.8320087695259
3.1012453615E9	56.16275244448506
3.1012505225E9	54.07910361842105
3.1012614495E9	38.510527263124736
3.1012739195E9	41.80869137121067
3.101281912E9	55.41806586478268
3.1012871705E9	53.9939389548923
3.101295694E9	50.732354385232256
3.1013044905E9	55.03606600544194
3.1013083555E9	52.92572548803048
3.1013114625E9	56.242812250832515
3.101316135E9	44.69194005192353
3.1013198035E9	60.0
3.101320917E9	0.0
3.101322018E9	59.624413145539904
3.1013238925E9	27.14644180594419
3.101326703E9	17.810106617878997
3.1013294495E9	15.328239089828493
3.1013318685E9	7.104927605314902
3.1013343305E9	44.110972427096335
3.101336736E9	50.78165137614679
3.101339303E9	4.633288227334235
3.101342702E9	38.15593681284398
3.101345195E9	0.0
3.1013472335E9	0.0
3.101349218E9	0.0
3.1013517465E9	58.025387870239776
3.101354867E9	0.0
3.1013568785E9	0.0
3.101370363E9	57.923558359369544
3.1013921985E9	58.37471916755351
3.1014090845E9	58.32716250305151
3.101423574E9	58.39947059373848
3.101436092E9	0.0
3.1014467775E9	0.0
3.10145676E9	56.5945635116834
3.1014665925E9	59.0652663863008
3.101476343E9	58.558295403391185
3.1014858855E9	57.20584892157
3.1014950245E9	0.0
3.101503724E9	59.18881118881119
3.1015121195E9	42.00223635167726
3.101520406E9	0.0
3.101528602E9	59.25620500698399
3.101536693E9	58.54581218496988
3.1015446345E9	58.26330247227592
3.1015524055E9	56.76451787289333
3.1015601115E9	0.0
3.101567702E9	58.27173484601806
3.1015751255E9	0.0
3.1015823905E9	58.278939644102
3.101589504E9	50.218253177904046
3.101596546E9	0.0
3.101603554E9	0.0
3.1016105495E9	58.62145884452376
3.101617536E9	0.0
3.101624424E9	0.0
3.101631085E9	58.90236200581028
3.1016374705E9	57.30844709897611
3.1016435565E9	59.09998571405895
3.1016494765E9	0.0
3.1016553825E9	58.360518914995914
3.101661271E9	0.0
3.1016671275E9	0.0
3.101672916E9	0.0
3.101678576E9	0.0
3.101684071E9	0.0
3.1016894025E9	57.52009894867038
3.1016946505E9	58.50472354859508
3.1016998325E9	59.09387497368975
3.1017049205E9	0.0
3.101709929E9	0.0
3.101714835E9	56.400368684832074
3.1017196755E9	57.27843236409608
3.101724499E9	56.831522995146756
3.101729313E9	58.960506706408346
3.1017340725E9	57.66063839014659
3.1017387675E9	0.0
3.10174343E9	52.44611845597715
3.1017480095E9	0.0
3.101752486E9	50.84877784653465
3.1017569135E9	58.67036011080332
3.101761326E9	58.88628615648464
3.1017657265E9	58.54535082715345
3.101770102E9	0.0
3.101774441E9	0.0
3.1017787455E9	59.2008987081071
3.1017830115E9	58.82952951676654
3.1017872465E9	58.2497286708844
3.1017914715E9	58.047464940668824
3.1017956905E9	0.0
3.1017999035E9	59.05112173593233
3.1018041115E9	58.46114811290834
3.1018082655E9	0.0
3.101812367E9	58.45760923879851
3.101816459E9	0.0
3.101820484E9	57.19190731303628
3.101824445E9	0.0
3.101828395E9	0.0
3.1018323325E9	58.73305114148914
3.101836262E9	49.39384700665188
3.1018401885E9	0.0
3.10184411E9	28.445754473058226
3.1018480235E9	0.0
3.1018519235E9	0.0
3.1018558145E9	56.532707403416964
3.101859689E9	0.0
3.1018635415E9	58.941214447114525
3.101867382E9	0.0
3.1018712145E9	59.09138381201044
3.1018750435E9	58.9768574908648
3.10187887E9	0.0
3.101882693E9	0.0
3.101886508E9	0.0
3.101890313E9	0.0
3.101894113E9	49.4117915487816
3.101897881E9	0.0
3.1019016E9	53.046907430469076
3.1019052995E9	57.68590763486709
3.1019089945E9	0.0
3.1019126835E9	59.174934725848566
3.101916365E9	58.43688288014583
3.1019200355E9	0.0
3.101923674E9	0.0
3.101927286E9	48.59619317288029
3.1019308945E9	59.21238938053097
3.1019344895E9	58.84609837011395
3.101938072E9	54.48084544253633
3.101941634E9	0.0
3.1019451695E9	58.70842625812082
3.101948697E9	44.9084388185654
3.1019522085E9	0.0
3.101955703E9	0.0
3.1019591915E9	58.103511434402634
3.101962651E9	58.92901618929016
3.101966064E9	59.357907253269914
3.1019694465E9	58.925067538745914
3.101972819E9	0.0
3.101976185E9	58.0709219858156
3.101979541E9	38.548849893289066
3.1019828865E9	56.374281826428785
3.1019862165E9	55.01298701298701
3.1019895175E9	59.162234042553195
3.1019927975E9	59.287169042769854
3.1019960665E9	56.89411215576449
3.1019993255E9	59.09364445809027
3.102002581E9	24.603505843071787
3.102005831E9	55.83219512195122
3.1020090695E9	0.0
3.1020122965E9	0.0
3.1020155165E9	0.0
3.1020187305E9	54.84499229583975
3.1020219335E9	56.700979192166464
3.102025125E9	56.71884654994851
3.102028308E9	54.1971218297721
3.1020314845E9	35.00079549626729
3.102034659E9	0.0
3.1020378305E9	54.019457345392325
3.1020409985E9	0.0
3.102044163E9	0.0
3.102047316E9	55.216141957641675
3.102050456E9	58.13369299502655
3.1020535825E9	57.77610285967635
3.1020566935E9	51.12722519606623
3.102059793E9	53.058816024496046
3.102062879E9	0.0
3.102065945E9	0.0
3.102068997E9	0.0
3.10207203E9	47.41010028653295
3.1020750435E9	57.76757441418619
3.102078054E9	0.0
3.102081057E9	0.0
3.102084054E9	57.01071178733823
3.102087044E9	56.50817610062893
3.102090025E9	58.022067838169185
3.102092998E9	0.0
3.102095965E9	37.86767857142857
3.1020989315E9	0.0
3.1021018915E9	31.83493821216498
3.1021048445E9	52.45973843564907
3.1021077875E9	58.80294014700735
3.1021107135E9	43.360682394443835
3.10211362E9	57.3549328663164
3.102116511E9	57.80586952210985
3.102119394E9	59.14721516061937
3.1021222725E9	57.649943192011
3.1021251475E9	49.34747389614646
3.1021280175E9	0.9906542056074766
3.1021308845E9	0.0
3.10213375E9	58.987212276214834
3.1021366145E9	58.907733001400345
3.102139476E9	59.06817067189799
3.1021423325E9	47.17985152339682
3.1021451745E9	59.2791519434629
3.1021480035E9	0.0
3.1021508295E9	59.5139911634757
3.102153651E9	58.617142291903654
3.102156467E9	24.508668332197743
3.102159278E9	0.0
3.1021620835E9	0.0
3.10216488E9	0.0
3.102167667E9	58.68339579599153
3.1021704475E9	52.448959454610694
3.102173225E9	0.0
3.1021759985E9	0.0
3.102178768E9	0.0
3.102181536E9	52.67390342942146
3.102184301E9	42.04770477047705
3.102187055E9	58.753606462781306
3.1021897985E9	49.77353979278151
3.1021925375E9	57.352757095068526
3.10219527E9	58.766588602654174
3.1021979975E9	0.0
3.10220072E9	57.04282022886674
3.102203437E9	0.0
3.1022061485E9	59.38177524954384
3.1022088545E9	58.91172914147521
3.1022115525E9	0.0
3.102214244E9	57.898402913981506
3.1022169345E9	58.472099202834364
3.102219623E9	3.2
3.102222305E9	0.0
3.1022249775E9	59.032761310452415
3.1022276455E9	58.67816911450164
3.102230311E9	59.04297351348715
3.10223297E9	0.0
3.1022356195E9	0.0
3.1022382625E9	57.69108280254777
3.1022408995E9	59.19219852994687
3.1022435315E9	0.0
3.1022461615E9	55.18116376724655
3.102248787E9	0.0
3.1022514095E9	55.68275456150677
3.10225403E9	58.65435356200528
3.102256642E9	51.733453325697454
3.102259246E9	57.787155260469866
3.102261848E9	58.56135401974612
3.1022644475E9	0.0
3.102267045E9	0.0
3.1022696415E9	0.0
3.1022722365E9	55.43981481481482
3.1022748265E9	0.0
3.102277412E9	0.0
3.102279996E9	59.11894691821508
3.1022825765E9	58.51428571428571
3.10228515E9	55.88165680473373
3.102287719E9	58.42214532871972
3.102290279E9	0.0
3.1022928285E9	0.0
3.1022953765E9	59.03225806451613
3.1022979235E9	59.095601899648976
3.102300469E9	49.455636363636366
3.1023030085E9	0.0
3.102305542E9	55.60604376168578
3.1023080695E9	58.85776805251641
3.1023105915E9	21.337811280118455
3.10231311E9	58.29154938796884
3.102315624E9	0.0
3.102318134E9	0.9701492537313433
3.1023206395E9	0.0
3.10232314E9	58.64431486880466
3.102325624E9	56.44191714053615
3.102328092E9	51.33434256055364
3.1023305565E9	0.0
3.102333018E9	0.0
3.102335476E9	59.06558849955076
3.1023379295E9	0.0
3.102340372E9	0.0
3.1023428065E9	45.59039359573049
3.1023452395E9	54.79426612058291
3.102347669E9	0.0
3.102350093E9	43.55709087559302
3.1023525135E9	59.22793074084587
3.1023549305E9	58.65089680270341
3.1023573395E9	58.95239394352748
3.102359743E9	0.0
3.1023621455E9	58.53145361923943
3.102364545E9	58.33959115561118
3.102366941E9	0.0
3.1023693355E9	57.877480586712686
3.1023717265E9	0.0
3.1023741115E9	57.741437827830914
3.102376493E9	59.55334987593052
3.1023788735E9	0.0
3.1023812475E9	0.0
3.1023836135E9	0.0
3.102385977E9	54.8556363295997
3.1023883325E9	0.0
3.102390676E9	58.7968108238705
3.102393013E9	0.0
3.1023953465E9	0.0
3.102397678E9	57.05657674862736
3.1024000085E9	0.0
3.102402335E9	0.0
3.102404656E9	59.17364426011425
3.1024069725E9	58.07486631016043
3.1024092835E9	55.48455739299611
3.1024115905E9	51.28133036173496
3.1024138915E9	0.0
3.102416183E9	56.982648759925496
3.102418466E9	59.228971962616825
3.1024207435E9	31.749563395040166
3.102423018E9	50.74520766773163
3.1024252855E9	58.84928532657862
3.1024275435E9	0.0
3.1024297965E9	58.401270513499206
3.102432045E9	0.0
3.102434287E9	0.0
3.102436518E9	43.167046955686324
3.1024387395E9	58.58108108108108
3.1024409585E9	24.83606557377049
3.102443175E9	0.0
3.102445389E9	59.80613893376414
3.102447597E9	52.34897729529357
3.1024497985E9	0.0
3.102451997E9	0.0
3.1024541925E9	40.81317647058823
3.102456381E9	0.0
3.102458562E9	59.80725103258376
3.10246074E9	58.68579182012018
3.102462917E9	59.12455843956381
3.102465094E9	59.57031557409302
3.1024672665E9	0.0
3.1024694305E9	46.48405050672869
3.102471588E9	0.0
3.1024737375E9	57.80341023069207
3.102475881E9	59.21219226260258
3.1024780205E9	58.92562891354498
3.1024801555E9	0.0
3.102482287E9	0.0
3.1024844155E9	54.05369233191623
3.102486542E9	57.19677038918625
3.102488667E9	0.0
3.1024907905E9	0.0
3.102492907E9	1.0
3.1024950155E9	0.0
3.1024971155E9	58.765623271761974
3.102499209E9	59.39799331103679
3.1025012995E9	0.0
3.1025033865E9	0.0
3.1025054725E9	59.30457179652286
3.1025075575E9	0.0
3.1025096395E9	0.0
3.102511719E9	0.0
3.1025137965E9	0.0
3.10251587E9	57.724373499272886
3.1025179385E9	59.53533397870281
3.102520002E9	58.950336152678375
3.10252206E9	0.0
3.102524114E9	59.77142857142857
3.1025261605E9	59.1764705882353
3.1025281985E9	55.81024568740199
3.102530234E9	0.0
3.1025322685E9	58.63579991732121
3.1025343015E9	41.27943625880846
3.102536332E9	0.0
3.102538359E9	0.0
3.102540382E9	54.377528457947754
3.1025424015E9	0.0
3.102544418E9	59.64179104477612
3.10254643E9	59.256651017214395
3.102548438E9	0.0
3.102550444E9	58.6690518783542
3.102552448E9	0.0
3.10255445E9	0.0
3.102556451E9	59.57446808510638
3.1025584515E9	0.0
3.1025604495E9	0.0
3.1025624435E9	58.97872340425532
3.102564432E9	0.0
3.102566415E9	0.0
3.102568394E9	52.224072672218014
3.102570368E9	59.36046511627907
3.1025723375E9	56.87415426251692
3.1025743025E9	54.81796393517462
3.102576264E9	52.625244405822286
3.1025782245E9	58.18242343541944
3.1025801845E9	50.776496604012
3.1025821415E9	59.21840529467381
3.1025840945E9	7.656108597285068
3.102586044E9	58.91084760649978
3.1025879895E9	59.04320987654321
3.102589933E9	0.0
3.102591875E9	0.0
3.102593814E9	0.0
3.1025957495E9	0.0
3.102597681E9	58.07829181494662
3.1025996075E9	0.0
3.1026015315E9	54.27627627627628
3.102603455E9	56.13796224463408
3.102605377E9	0.0
3.1026072965E9	0.0
3.102609213E9	0.0
3.102611128E9	0.0
3.1026130425E9	0.0
3.1026149555E9	0.0
3.1026168665E9	46.13064008394544
3.102618775E9	58.458311484006295
3.1026206805E9	0.0
3.102622581E9	59.166666666666664
3.102624475E9	56.90576181139713
3.1026263655E9	0.0
3.1026282545E9	57.52258064516129
3.1026301425E9	0.0
3.102632029E9	59.3325315694528
3.102633912E9	0.0
3.102635792E9	58.30748781568454
3.10263767E9	0.0
3.1026395465E9	58.303785337805465
3.1026414225E9	56.386031146767344
3.1026432975E9	0.0
3.1026451705E9	58.68208092485549
3.102647041E9	59.738704409363095
3.1026489085E9	0.0
3.102650774E9	0.0
3.102652639E9	59.58188153310105
3.102654504E9	0.0
3.1026563675E9	0.0
3.1026582295E9	0.0
3.10266009E9	0.0
3.1026619475E9	0.0
3.1026638035E9	0.0
3.1026656585E9	57.60456273764259
3.1026675105E9	57.84203867702874
3.10266936E9	37.25905414908579
3.102671209E9	0.0
3.102673057E9	0.0
3.1026749E9	43.63231197771588
3.1026767365E9	59.17364600781686
3.102678564E9	59.55882352941177
3.102680382E9	0.0
3.102682195E9	48.0888602704443
3.1026840045E9	56.57861205915813
3.1026858125E9	58.40155653670583
3.10268762E9	0.0
3.102689427E9	56.99897225077081
3.1026912315E9	0.0
3.102693033E9	58.44114528101803
3.1026948335E9	0.0
3.102696631E9	51.36457549516
3.1026984255E9	0.0
3.1027002185E9	0.0
3.1027020085E9	0.0
3.1027037955E9	0.0
3.1027055795E9	0.0
3.1027073615E9	36.58777969018933
3.102709143E9	58.644067796610166
3.102710924E9	59.425028184892895
3.102712704E9	57.917222963951936
3.102714482E9	0.0
3.1027162525E9	0.0
3.1027180155E9	58.587675218196246
3.102719774E9	59.65346534653465
3.102721526E9	6.308026030368763
3.102723274E9	33.82614647501711
3.1027250205E9	0.0
3.102726766E9	0.0
3.1027285105E9	57.54372477416875
3.1027302535E9	32.030126336248784
3.1027319945E9	0.0
3.1027337345E9	0.0
3.1027354725E9	0.0
3.102737208E9	59.56786703601108
3.1027389415E9	0.0
3.1027406735E9	0.0
3.1027424045E9	58.767222625090646
3.102744133E9	0.0
3.1027458575E9	0.0
3.1027475775E9	0.0
3.1027492945E9	57.026683608640404
3.1027510075E9	0.0
3.1027527165E9	57.38284703801945
3.102754424E9	59.07484407484407
3.1027561305E9	0.0
3.102757836E9	0.0
3.1027595405E9	0.0
3.102761242E9	0.0
3.1027629405E9	59.30653266331658
3.102764638E9	56.932215850610206
3.102766335E9	59.20706501315295
3.102768031E9	59.2992700729927
3.102769726E9	0.0
3.10277142E9	58.89564502875925
3.10277311E9	0.0
3.1027747965E9	46.086455331412104
3.1027764795E9	0.0
3.102778159E9	56.90829694323144
3.102779838E9	49.20618556701031
3.1027815165E9	57.890345649582834
3.1027831925E9	58.93238434163701
3.1027848665E9	0.0
3.102786539E9	0.0
3.102788209E9	0.0
3.102789876E9	56.26086956521739
3.10279154E9	49.402227722772274
3.1027932E9	58.899576133029015
3.102794855E9	0.0
3.1027965075E9	0.0
3.1027981585E9	0.0
3.102799808E9	45.512953367875646
3.102801457E9	0.0
3.1028031015E9	55.55
3.1028047405E9	0.0
3.1028063775E9	58.40082919967424
3.1028080115E9	58.60379292670425
3.102809643E9	0.0
3.1028112735E9	0.0
3.102812902E9	0.0
3.1028145275E9	57.59668508287293
3.102816148E9	54.108119843682154
3.1028177645E9	59.40284360189573
3.10281938E9	0.0
3.102820993E9	54.004887320119465
3.102822604E9	0.0
3.1028242125E9	0.0
3.102825818E9	59.31156222418358
3.102827423E9	0.0
3.1028290255E9	58.70925684485007
3.1028306245E9	0.0
3.1028322225E9	58.60813704496788
3.10283382E9	0.0
3.1028354165E9	59.48936170212766
3.102837012E9	0.0
3.1028386055E9	0.0
3.102840196E9	0.0
3.102841783E9	0.0
3.102843365E9	0.0
3.1028449435E9	57.222574508560555
3.102846521E9	0.0
3.102848098E9	0.0
3.102849675E9	59.20265780730897
3.1028512515E9	0.0
3.102852827E9	0.0
3.1028544015E9	59.36240381091975
3.1028559745E9	53.89110998650472
3.102857546E9	0.0
3.102859113E9	0.0
3.102860675E9	0.0
3.102862236E9	57.25775714634742
3.1028637965E9	58.80769230769231
3.1028653565E9	59.435336976320585
3.1028669135E9	58.9899985913509
3.1028684665E9	59.00359811790756
3.1028700165E9	0.0
3.1028715635E9	0.0
3.102873107E9	0.0
3.1028746455E9	59.21875
3.10287618E9	58.02348336594912
3.1028777125E9	54.741379310344826
3.1028792445E9	0.0
3.1028807755E9	0.0
3.102882304E9	49.10651428571428
3.1028838305E9	57.757009345794394
3.1028853555E9	0.0
3.102886879E9	58.5378421900161
3.102888402E9	0.0
3.1028899245E9	0.0
3.1028914465E9	58.013468013468014
3.102892967E9	50.90058183657981
3.102894483E9	0.0
3.1028959935E9	0.0
3.1028975015E9	0.0
3.102899008E9	30.71356783919598
3.102900512E9	0.0
3.1029020115E9	58.98245614035088
3.102903505E9	59.354838709677416
3.1029049955E9	48.842070338420704
3.1029064855E9	59.53020134228188
3.102907974E9	0.0
3.1029094605E9	0.0
3.102910946E9	58.73809523809524
3.1029124305E9	7.490196078431373
3.102913914E9	58.155970755483345
3.102915395E9	0.0
3.102916874E9	58.83842144452718
3.1029183515E9	0.0
3.102919827E9	58.89807162534435
3.1029213005E9	0.0
3.102922771E9	56.70822441182385
3.1029242395E9	56.59375
3.102925707E9	59.25362819626814
3.102927173E9	7.76978417266187
3.1029286375E9	58.93251533742331
3.102930101E9	0.0
3.102931564E9	0.0
3.102933025E9	50.9807115302186
3.102934484E9	57.55278310940499
3.1029359425E9	59.303000968054214
3.1029374005E9	58.12416257257704
3.1029388565E9	38.77073282793476
3.102940308E9	0.0
3.102941757E9	0.0
3.1029432055E9	58.10526315789474
3.1029446525E9	0.0
3.1029460965E9	47.57971014492754
3.102947538E9	57.98736658680026
3.1029489785E9	56.13122171945702
3.102950418E9	0.0
3.102951856E9	0.0
3.1029532925E9	36.79213483146067
3.102954725E9	58.309859154929576
3.102956154E9	0.0
3.102957582E9	0.0
3.1029590085E9	0.0
3.102960434E9	0.0
3.1029618585E9	0.0
3.1029632825E9	0.0
3.102964706E9	0.0
3.102966129E9	0.0
3.102967552E9	54.82958199356913
3.1029689705E9	0.0
3.1029703845E9	0.0
3.102971798E9	0.0
3.102973211E9	21.944262295081966
3.1029746225E9	0.0
3.102976032E9	0.0
3.102977441E9	0.0
3.1029788485E9	58.68653421633554
3.102980254E9	59.72871137905049
3.102981659E9	0.0
3.1029830635E9	0.0
3.1029844675E9	28.602295805739516
3.1029858705E9	0.0
3.1029872725E9	0.0
3.1029886745E9	54.29647506216177
3.1029900765E9	0.9111933395004626
3.1029914775E9	0.0
3.1029928765E9	58.96551724137931
3.1029942735E9	59.22636103151862
3.102995669E9	0.0
3.1029970635E9	56.954314720812185
3.102998457E9	0.0
3.102999849E9	0.0
3.103001239E9	12.594117647058823
3.103002628E9	59.688581314878896
3.1030040165E9	57.202355910811946
3.103005404E9	0.0
3.1030067895E9	58.215465961665565
3.103008172E9	59.28646934460888
3.103009553E9	0.0
3.103010933E9	0.0
3.103012311E9	0.0
3.1030136875E9	59.38953488372093
3.1030150635E9	59.316306483300586
3.103016439E9	58.985915492957744
3.1030178135E9	0.0
3.1030191865E9	59.06263688129654
3.103020558E9	59.04270295635852
3.1030219285E9	0.0
3.1030232985E9	55.87827715355805
3.1030246665E9	0.0
3.103026031E9	57.94824399260629
3.1030273925E9	0.0
3.1030287505E9	0.0
3.103030106E9	12.185538881309686
3.103031461E9	0.0
3.1030328145E9	55.560340510766146
3.103034163E9	57.90162887256468
3.1030355075E9	0.0
3.1030368515E9	0.0
3.1030381945E9	58.94343649946638
3.1030395365E9	59.06865671641791
3.1030408755E9	0.0
3.1030422105E9	0.0
3.1030435445E9	0.0
3.103044878E9	56.001247731397456
3.1030462105E9	18.24
3.1030475405E9	59.28378045778981
3.1030488685E9	0.0
3.1030501965E9	58.98321497740478
3.103051524E9	0.0
3.10305285E9	59.77358490566038
3.1030541735E9	0.0
3.1030554945E9	43.37743006164059
3.103056814E9	57.4051593323217
3.1030581325E9	0.0
3.103059449E9	0.0
3.1030607635E9	0.0
3.103062077E9	24.59016393442623
3.10306339E9	59.31570762052877
3.1030647025E9	0.0
3.1030660135E9	0.0
3.103067323E9	0.0
3.103068632E9	57.203972498090145
3.10306994E9	58.8249976000768
3.103071247E9	55.16246251543482
3.103072553E9	0.0
3.1030738575E9	0.0
3.103075161E9	58.349381017881704
3.1030764635E9	59.3711467324291
3.1030777655E9	0.0
3.103079067E9	59.22162162162162
3.103080368E9	59.86164488854727
3.1030816685E9	58.81002087682672
3.103082968E9	59.76851851851852
3.103084266E9	0.9630901287553648
3.103085562E9	0.0
3.1030868565E9	0.0
3.10308815E9	59.32475884244373
3.103089442E9	0.0
3.103090733E9	59.442292796281954
3.103092023E9	0.0
3.1030933115E9	0.0
3.1030945995E9	52.87066735644076
3.103095887E9	0.0
3.103097174E9	5.168674698795181
3.103098461E9	0.0
3.1030997475E9	0.0
3.103101032E9	0.0
3.103102314E9	0.0
3.103103593E9	57.4025974025974
3.1031048685E9	0.0
3.1031061405E9	0.0
3.103107409E9	58.4734663153933
3.1031086755E9	59.15404699738903
3.1031099385E9	0.0
3.103111198E9	0.9482758620689655
3.1031124565E9	0.0
3.1031137145E9	0.0
3.1031149725E9	58.89473684210526
3.1031162295E9	0.0
3.103117485E9	0.0
3.1031187395E9	58.945470932852636
3.1031199935E9	0.0
3.103121247E9	58.699729110231296
3.1031224985E9	0.0
3.103123748E9	59.1670459717797
3.1031249965E9	0.0
3.1031262445E9	57.568455640744794
3.103127492E9	57.28038507821901
3.1031287365E9	0.0
3.1031299785E9	56.53080568720379
3.10313122E9	0.969208211143695
3.103132461E9	0.0
3.103133702E9	0.0
3.103134942E9	57.753837866953944
3.1031361805E9	0.0
3.103137418E9	0.0
3.1031386545E9	0.0
3.10313989E9	0.0
3.1031411245E9	0.0
3.1031423585E9	0.0
3.1031435925E9	59.92974238875878
3.103144826E9	50.21873599282833
3.1031460585E9	0.0
3.1031472905E9	5.0
3.103148522E9	0.0
3.1031497525E9	39.42234227281497
3.1031509815E9	26.273949579831932
3.103152209E9	0.0
3.103153436E9	56.289308176100626
3.1031546625E9	21.26017699115044
3.1031558875E9	0.0
3.1031571115E9	0.0
3.1031583335E9	0.0
3.1031595535E9	0.0
3.103160773E9	50.28162291169451
3.103161991E9	0.0
3.1031632075E9	41.8496583143508
3.103164423E9	0.0
3.1031656375E9	0.0
3.1031668515E9	56.42845144356956
3.1031680655E9	42.6159880032299
3.103169279E9	0.0
3.1031704915E9	59.24528301886792
3.103171702E9	51.216540249571814
3.1031729105E9	59.7887323943662
3.103174118E9	50.326141495233315
3.103175325E9	55.08026030368764
3.103176532E9	0.0
3.1031777385E9	0.0
3.1031789445E9	0.0
3.10318015E9	0.0
3.103181355E9	0.0
3.1031825595E9	59.32330827067669
3.1031837635E9	56.35521235521235
3.1031849675E9	58.84095299420476
3.103186171E9	0.0
3.103187373E9	58.84555382215289
3.103188574E9	0.0
3.1031897745E9	59.22068636796949
3.1031909745E9	0.0
3.103192174E9	0.0
3.1031933725E9	0.0
3.10319457E9	58.189438390611905
3.1031957665E9	0.0
3.103196962E9	0.0
3.1031981565E9	59.14651493598862
3.1031993505E9	0.0
3.103200543E9	57.431488447071466
3.103201733E9	43.28914018327159
3.1032029205E9	0.0
3.1032041065E9	0.0
3.1032052915E9	58.3277027027027
3.103206475E9	0.0
3.103207658E9	0.0
3.1032088405E9	0.0
3.103210022E9	0.0
3.103211203E9	28.268388545760807
3.103212384E9	59.47229551451187
3.103213565E9	0.0
3.103214745E9	0.0
3.1032159235E9	56.72075149444919
3.1032171015E9	0.0
3.103218279E9	0.0
3.103219456E9	0.0
3.10322063E9	59.25133689839572
3.103221801E9	3.251264755480607
3.103222972E9	58.56041131105398
3.1032241425E9	0.0
3.1032253125E9	39.128715365239294
3.103226481E9	0.0
3.103227648E9	51.232373800584064
3.103228815E9	0.0
3.103229981E9	0.0
3.103231146E9	0.0
3.1032323095E9	0.0
3.103233469E9	57.27730035631943
3.1032346255E9	0.0
3.1032357815E9	55.013550135501355
3.1032369365E9	58.44178503523096
3.1032380905E9	24.32842287694974
3.103239243E9	0.0
3.103240394E9	0.0
3.1032415445E9	58.49658314350797
3.1032426945E9	58.91304347826087
3.103243843E9	49.318232871583675
3.10324499E9	0.0
3.1032461365E9	0.0
3.1032472815E9	57.05234159779614
3.1032484255E9	0.0
3.103249569E9	0.0
3.1032507115E9	58.69172932330827
3.103251853E9	0.0
3.103252994E9	0.0
3.1032541345E9	0.0
3.1032552735E9	55.71738456770995
3.1032564095E9	58.32200731834814
3.1032575435E9	0.0
3.1032586765E9	56.96774193548387
3.103259808E9	0.0
3.103260939E9	55.822784810126585
3.1032620695E9	0.0
3.103263198E9	50.8936170212766
3.1032643245E9	0.0
3.1032654495E9	59.20257234726688
3.1032665725E9	0.0
3.1032676945E9	0.0
3.103268816E9	58.24876515491693
3.103269936E9	0.0
3.103271055E9	0.0
3.103272174E9	0.0
3.103273293E9	0.0
3.1032744115E9	0.0
3.1032755285E9	0.0
3.1032766445E9	2.799838144051794
3.10327776E9	0.0
3.103278875E9	59.555428897121686
3.10327999E9	58.45070422535211
3.1032811045E9	0.0
3.103282218E9	0.0
3.103283331E9	0.0
3.1032844425E9	0.0
3.1032855525E9	59.45945945945946
3.103286662E9	58.140589569160994
3.1032877705E9	0.0
3.103288878E9	58.26625386996904
3.103289985E9	0.0
3.103291092E9	0.0
3.103292199E9	58.13981244671782
3.1032933055E9	0.0
3.10329441E9	58.89686098654708
3.103295513E9	46.96056338028169
3.103296616E9	52.91270091396155
3.1032977175E9	35.73025146050292
3.103298817E9	0.0
3.1032999155E9	58.2345971563981
3.103301013E9	0.0
3.1033021095E9	52.943231441048034
3.1033032055E9	59.010989010989015
3.1033043005E9	0.0
3.103305394E9	0.0
3.1033064855E9	0.0
3.1033075745E9	59.11764705882353
3.103308662E9	59.50207468879668
3.1033097485E9	0.0
3.103310834E9	0.0
3.1033119185E9	0.0
3.1033130025E9	56.864754098360656
3.1033140865E9	0.0
3.1033151705E9	0.0
3.103316254E9	59.099604221635886
3.103317337E9	0.0
3.1033184195E9	0.0
3.1033195015E9	59.033816425120776
3.103320583E9	0.0
3.103321664E9	58.54938271604938
3.103322744E9	58.668459986550104
3.1033238215E9	45.289834681674286
3.1033248965E9	60.0
3.10332597E9	12.615458015267176
3.103327043E9	0.0
3.103328115E9	0.0
3.103329185E9	0.0
3.103330253E9	0.0
3.10333132E9	0.0
3.103332387E9	0.0
3.1033334535E9	58.30455259026687
3.103334519E9	57.379912663755455
3.103335584E9	0.0
3.103336649E9	0.0
3.103337714E9	0.0
3.103338779E9	0.0
3.1033398435E9	58.52095316351684
3.1033409075E9	0.0
3.1033419715E9	0.0
3.103343035E9	0.0
3.1033440975E9	0.0
3.1033451595E9	57.93893129770992
3.1033462215E9	46.16792030900589
3.103347283E9	52.950470219435736
3.1033483435E9	58.96402877697842
3.103349402E9	58.01324503311258
3.103350459E9	0.0
3.1033515155E9	50.98232558139535
3.103352571E9	0.0
3.103353626E9	58.588235294117645
3.103354681E9	56.410835829022595
3.103355736E9	0.0
3.1033567905E9	59.77229601518027
3.103357843E9	0.0
3.1033588935E9	0.0
3.1033599435E9	0.0
3.103360993E9	0.0
3.1033620415E9	58.05097451274363
3.103363089E9	0.0
3.1033641355E9	0.0
3.1033651815E9	57.645933014354064
3.1033662275E9	0.0
3.103367273E9	0.0
3.103368318E9	0.0
3.103369363E9	58.91859417242415
3.1033704075E9	48.0
3.1033714505E9	0.0
3.103372492E9	0.0
3.103373532E9	0.0
3.103374571E9	0.0
3.1033756095E9	0.0
3.1033766465E9	0.0
3.1033776825E9	0.0
3.103378718E9	59.743589743589745
3.103379753E9	2.0
3.103380787E9	0.0
3.1033818195E9	51.99897828863346
3.103382851E9	0.0
3.103383882E9	0.0
3.103384913E9	58.42565597667638
3.103385942E9	0.0
3.103386969E9	0.0
3.1033879955E9	0.0
3.1033890215E9	0.0
3.1033900465E9	0.0
3.1033910705E9	0.0
3.1033920935E9	38.8091976516634
3.1033931155E9	58.414872798434445
3.103394137E9	60.0
3.1033951575E9	0.0
3.103396177E9	0.0
3.1033971955E9	0.0
3.1033982135E9	0.0
3.1033992315E9	59.49579831932773
3.1034002485E9	0.0
3.1034012615E9	0.0
3.1034022715E9	59.04448105436573
3.103403281E9	53.24686192468619
3.1034042895E9	0.0
3.103405297E9	0.0
3.1034063035E9	0.0
3.103407309E9	58.149253731343286
3.103408314E9	0.0
3.1034093185E9	0.0
3.1034103225E9	0.0
3.103411326E9	0.0
3.103412329E9	0.0
3.103413332E9	58.156739811912225
3.103414335E9	0.0
3.1034153375E9	58.70307167235495
3.1034163395E9	0.0
3.1034173405E9	0.0
3.1034183405E9	0.0
3.1034230195E9	58.86510551600976
3.1034311645E9	48.2650595591772
3.1034385535E9	0.0
3.103444272E9	0.0
3.103448588E9	59.325103665220915
3.103452529E9	48.0
3.1034563265E9	57.41247228212995
3.103460075E9	19.102516814927316
3.1034637975E9	0.0
3.103467461E9	42.32326652221018
3.103471038E9	48.84601894072255
3.1034745565E9	53.130114458623865
3.10347799E9	55.98724069634108
3.1034813295E9	56.82505164727628
3.103484605E9	49.092731931508524
3.1034878305E9	55.55776852952834
3.1034910465E9	49.87193338238725
3.1034942485E9	52.38534624520373
3.1034973905E9	0.0
3.10350048E9	57.08533611981888
3.1035035475E9	58.508402917239195
3.103506574E9	38.8487850177991
3.1035095785E9	58.384004382361
3.10351256E9	0.9706723891273248
3.1035155065E9	27.024850323956368
3.10351844E9	44.92612900769172
3.10352132E9	19.271311173801056
3.1035241305E9	43.70700971383565
3.103526902E9	0.0
3.103529649E9	34.405914659907054
3.103532388E9	31.59589817582191
3.1035351035E9	54.40416907932831
3.103537785E9	59.20075046904315
3.1035404345E9	57.29205962884089
3.1035429975E9	58.62760834670947
3.103545488E9	22.815198530162295
3.1035479665E9	58.32356548998228
3.1035504075E9	54.6282752998719
3.103552812E9	56.432694527822676
3.1035551875E9	14.090909090909092
3.103557535E9	58.50558424402546
3.1035598595E9	57.68089887640449
3.1035621585E9	34.64202922896019
3.103564445E9	58.604651162790695
3.103566722E9	0.0
3.103568983E9	0.0
3.103571211E9	51.88221508549605
3.1035734005E9	0.0
3.103575568E9	0.0
3.103577725E9	0.0
3.103579877E9	58.003992015968066
3.103582016E9	2.9403973509933774
3.1035841385E9	58.59640831758034
3.103586253E9	58.04070042593469
3.1035883585E9	49.37025195037729
3.1035904405E9	56.023914518317504
3.1035925065E9	49.272999572100986
3.103594569E9	0.0
3.103596622E9	50.19755244755245
3.1035986655E9	57.3601602938721
3.1036007005E9	28.644712081294692
3.1036027275E9	50.92927794263106
3.10360474E9	0.0
3.1036067365E9	46.68396973429527
3.103608723E9	0.0
3.103610703E9	0.0
3.103612671E9	8.743589743589743
3.103614626E9	58.894009216589865
3.1036165745E9	33.093333333333334
3.1036185145E9	44.108384872756766
3.1036204485E9	49.400730554361836
3.1036223555E9	0.9640287769784173
3.1036242355E9	38.691316734794995
3.1036261095E9	3.7738693467336684
3.103627955E9	0.0
3.103629772E9	0.0
3.103631583E9	2.1658456486042694
3.1036333895E9	43.35695089176643
3.10363519E9	59.49152542372882
3.103636984E9	0.0
3.10363877E9	0.0
3.1036405435E9	59.02259366810681
3.1036423085E9	0.0
3.103644062E9	0.0
3.103645804E9	52.49122807017544
3.103647529E9	0.0
3.1036492365E9	57.796208530805686
3.10365094E9	43.355409648872396
3.103652635E9	53.32023010546501
3.1036543025E9	0.0
3.103655946E9	50.698663101604275
3.103657586E9	0.0
3.1036592235E9	56.59533154306961
3.1036608575E9	0.0
3.103662488E9	17.54237288135593
3.103664114E9	0.0
3.1036657365E9	56.898022249690975
3.1036673585E9	52.30812324929972
3.103668979E9	58.54477611940298
3.1036705915E9	0.0
3.103672191E9	0.0
3.1036737835E9	58.10026385224275
3.1036753585E9	38.357794181502385
3.10367691E9	49.15057427742017
3.1036784535E9	58.28793774319066
3.1036799945E9	52.32342116885029
3.103681529E9	59.11052975801177
3.1036830525E9	58.96739130434783
3.103684569E9	0.0
3.103686083E9	0.0
3.103687593E9	58.57847976307996
3.1036890985E9	58.62910381543922
3.1036906E9	41.606929637526655
3.103692097E9	0.0
3.103693592E9	0.0
3.1036950855E9	25.0
3.1036965775E9	58.71984110390968
3.103698068E9	0.0
3.103699555E9	0.0
3.103701039E9	41.6333994271866
3.103702517E9	0.0
3.1037039885E9	0.0
3.103705455E9	55.86096774193548
3.1037069165E9	59.256198347107436
3.1037083755E9	0.0
3.1037098325E9	0.0
3.103711287E9	0.0
3.103712735E9	56.333333333333336
3.103714177E9	0.0
3.1037156105E9	0.0
3.103717036E9	57.55703755703756
3.1037184575E9	58.99094437257438
3.103719873E9	20.401120896717373
3.103721286E9	0.0
3.1037226985E9	0.0
3.103724108E9	0.0
3.1037255145E9	51.89880239520958
3.1037269155E9	2.1897753679318357
3.1037283085E9	0.0
3.1037296945E9	33.909038737446195
3.1037310735E9	0.0
3.103732449E9	0.0
3.103733822E9	0.0
3.103735191E9	0.0
3.1037365565E9	57.137713771377136
3.1037379165E9	14.836053938963804
3.103739272E9	0.0
3.1037406255E9	57.81624069880298
3.1037419765E9	0.0
3.1037433245E9	0.0
3.10374467E9	39.4792899408284
3.1037460125E9	0.0
3.1037473475E9	0.0
3.103748677E9	0.0
3.1037500035E9	0.0
3.1037513235E9	58.09090909090909
3.103752635E9	0.0
3.1037539405E9	57.97546012269939
3.1037552445E9	0.0
3.103756548E9	0.0
3.10375785E9	0.0
3.1037591505E9	49.33878807517822
3.103760449E9	56.23497997329773
3.1037617455E9	0.0
3.1037630385E9	53.85988587990218
3.1037643255E9	59.7
3.1037656085E9	56.77847113884555
3.10376689E9	59.51298701298701
3.1037681705E9	5.9271255060728745
3.10376945E9	0.0
3.1037707255E9	57.50016123831022
3.103771995E9	0.0
3.103773262E9	0.0
3.1037745285E9	0.0
3.1037757935E9	0.0
3.1037770575E9	0.0
3.1037783215E9	0.0
3.103779585E9	0.0
3.103780841E9	46.859083191850594
3.1037820855E9	0.0
3.103783325E9	37.43023135179998
3.103784562E9	46.39473321384255
3.103785797E9	59.14427449359239
3.103787031E9	0.0
3.1037882635E9	0.0
3.1037894945E9	36.488617886178865
3.1037907225E9	58.384991843393145
3.103791947E9	0.0
3.1037931655E9	0.0
3.103794379E9	0.0
3.103795591E9	0.0
3.103796801E9	2.952830188679245
3.1037980065E9	0.0
3.103799207E9	41.10122989593188
3.103800405E9	0.0
3.1038016E9	0.0
3.103802792E9	0.0
3.103803981E9	0.0
3.1038051675E9	35.871736011477765
3.1038063525E9	1.9281045751633987
3.1038075365E9	0.0
3.1038087195E9	58.15573770491803
3.1038099E9	0.0
3.103811076E9	0.0
3.103812247E9	0.0
3.103813415E9	28.06039296794209
3.1038145815E9	0.0
3.103815747E9	0.0
3.1038169115E9	0.0
3.103818075E9	0.0
3.1038192355E9	52.52060301507538
3.1038203935E9	0.0
3.103821551E9	0.993421052631579
3.103822708E9	7.82962962962963
3.103823865E9	32.19875361673715
3.103825021E9	0.8781163434903048
3.1038261755E9	0.0
3.103827327E9	58.57342657342657
3.1038284755E9	0.0
3.1038296235E9	0.0
3.1038307705E9	0.0
3.1038319155E9	0.0
3.1038330575E9	46.14170403587444
3.1038341955E9	12.781088082901555
3.1038353305E9	0.0
3.103836464E9	44.66785396260018
3.103837595E9	34.387224420576594
3.103838723E9	0.0
3.10383985E9	0.0
3.1038409725E9	48.02518228463408
3.1038420865E9	59.02439024390244
3.1038431935E9	58.285714285714285
3.1038442975E9	55.50723638869745
3.1038454E9	59.12806539509537
3.1038464995E9	0.0
3.1038475965E9	0.0
3.1038486915E9	0.0
3.103849784E9	43.80952380952381
3.103850874E9	0.0
3.1038519615E9	0.0
3.103853047E9	32.3150406504065
3.1038541315E9	54.99316005471956
3.103855215E9	42.62267296471242
3.103856298E9	57.96737766624843
3.103857379E9	55.096481271282634
3.1038584565E9	0.0
3.103859529E9	52.093244529019984
3.1038605975E9	0.0
3.103861665E9	9.256756756756756
3.103862732E9	0.0
3.103863799E9	59.12681912681913
3.103864864E9	0.0
3.1038659265E9	56.88639551192146
3.103866987E9	40.46297546702679
3.1038680455E9	30.99904397705545
3.1038691035E9	59.092627599243855
3.10387016E9	0.0
3.1038712145E9	0.9447761194029851
3.1038722685E9	0.0
3.103873322E9	0.0
3.103874375E9	0.0
3.1038754275E9	59.03139013452915
3.103876479E9	0.0
3.103877529E9	14.134615384615385
3.103878577E9	0.0
3.1038796225E9	0.0
3.103880666E9	44.11709601873536
3.103881709E9	51.30103092783505
3.1038827515E9	0.0
3.1038837935E9	0.0
3.103884835E9	0.0
3.1038858755E9	0.0
3.103886915E9	0.0
3.1038879535E9	0.0
3.103888991E9	58.55072463768116
3.103890028E9	0.0
3.103891064E9	54.657627118644065
3.103892095E9	58.15126050420168
3.103893119E9	55.12806539509537
3.10389414E9	51.721818810511756
3.10389516E9	39.17902692489372
3.103896179E9	51.03685503685504
3.1038971965E9	0.0
3.1038982115E9	0.0
3.103899225E9	0.0
3.103900236E9	0.0
3.1039012445E9	0.0
3.103902252E9	0.0
3.1039032575E9	0.0
3.1039042615E9	59.083969465648856
3.103905265E9	52.57079081632653
3.103906267E9	0.0
3.1039072675E9	0.0
3.1039082675E9	0.0
3.1039092675E9	0.0
3.103918732E9	43.68746499193754
3.103932571E9	0.0
3.103941472E9	52.6160852758038
3.1039494115E9	0.0
3.1039572085E9	0.0
3.103963938E9	0.8322929234643026
3.1039695055E9	38.416794582392775
3.103974766E9	0.0
3.1039797995E9	58.89705882352941
3.103984567E9	0.0
3.1039891115E9	0.0
3.1039934845E9	0.0
3.103997683E9	57.00351643021705
3.104001684E9	0.0
3.104005458E9	38.97740151566874
3.104009178E9	0.0
3.1040128475E9	0.0
3.104016433E9	59.46513615826108
3.104019926E9	59.247695144437614
3.104023359E9	0.0
3.104026758E9	0.0
3.1040301305E9	58.07524752475248
3.104033452E9	0.0
3.104036731E9	13.80983032747983
3.1040399985E9	0.0
3.104043259E9	57.5735830698127
3.1040464995E9	0.0
3.104049674E9	59.35375989770324
3.1040527925E9	0.0
3.1040558995E9	0.0
3.104058987E9	0.0
3.104062054E9	0.0
3.104065115E9	0.0
3.1040681395E9	0.0
3.1040711275E9	46.728661641882255
3.1040740845E9	0.0
3.1040770095E9	0.9557273366127899
3.104079908E9	59.77436540269508
3.104082775E9	57.19493094119322
3.1040856295E9	59.578947368421055
3.104088461E9	45.798991443079785
3.10409126E9	59.1767173571054
3.1040940205E9	0.0
3.1040967325E9	0.0
3.1040994055E9	59.4359415305245
3.104102056E9	48.39622641509434
3.1041046865E9	0.0
3.104107298E9	59.22565687789799
3.104109892E9	43.15585476649564
3.1041124505E9	58.958168902920285
3.1041149735E9	0.0
3.1041174795E9	0.0
3.10411997E9	43.19858781994704
3.1041224495E9	0.0
3.104124925E9	0.0
3.104127395E9	59.16137229987294
3.1041298495E9	48.04931506849315
3.1041322855E9	59.133115006742436
3.104134709E9	53.44882729211088
3.1041371215E9	53.586845514823565
3.104139523E9	43.23192995529061
3.1041418965E9	49.29070758738278
3.104144241E9	21.013698729028558
3.1041465705E9	40.546875
3.104148885E9	48.6980230284597
3.1041511915E9	0.0
3.1041534905E9	58.84542982639615
3.104155772E9	59.1044776119403
3.10415804E9	54.69752483776489
3.1041603025E9	58.68421052631579
3.1041625525E9	0.0
3.1041647915E9	46.88468912626678
3.1041670245E9	58.23308792887901
3.104169246E9	58.590866728797764
3.104171456E9	0.0
3.104173654E9	5.795065786961734
3.104175845E9	48.159574468085104
3.1041780355E9	0.0
3.1041802225E9	58.95412844036697
3.1041823975E9	40.382855952171056
3.104184563E9	24.89140703517588
3.1041867265E9	59.548355424644086
3.1041888805E9	22.42467324008255
3.1041910115E9	0.0
3.1041931255E9	0.0
3.1041952355E9	0.0
3.1041973425E9	49.97095853617593
3.1041994485E9	57.86467271390047
3.1042015545E9	43.46469462882982
3.104203656E9	55.41966893865628
3.104205745E9	59.09255898366606
3.1042078145E9	58.48542919447565
3.104209871E9	59.43644333124609
3.1042119255E9	0.0
3.104213971E9	56.99788583509514
3.1042160055E9	0.0
3.1042180375E9	52.26843929000778
3.1042200635E9	0.0
3.1042220825E9	1.8433734939759037
3.1042240985E9	59.15948275862069
3.104226106E9	0.0
3.104228107E9	5.612903225806452
3.104230103E9	58.3418043202033
3.1042320935E9	59.67505575023893
3.10423408E9	6.55406195207481
3.104236062E9	58.50303951367781
3.104238043E9	59.32688588007737
3.104240023E9	0.0
3.104241994E9	49.5427657873701
3.1042439415E9	0.0
3.104245872E9	59.522776572668114
3.104247777E9	0.0
3.1042496545E9	59.35965848452508
3.104251516E9	0.0
3.104253365E9	50.57818332642057
3.104255206E9	0.0
3.1042570385E9	59.245076586433264
3.1042588675E9	52.56498274564749
3.1042606875E9	14.469786354697863
3.1042625015E9	59.073869900771776
3.104264304E9	55.32750754002011
3.104266094E9	0.0
3.1042678815E9	0.0
3.1042696635E9	0.0
3.1042714405E9	0.9457142857142857
3.1042732095E9	58.29036635006784
3.1042749695E9	0.0
3.104276727E9	0.0
3.1042784825E9	0.0
3.1042802355E9	59.213680677641044
3.104281987E9	34.364295467452905
3.104283737E9	57.840314136125656
3.1042854805E9	0.0
3.104287214E9	21.06132996784759
3.1042889415E9	58.30734966592428
3.1042906625E9	58.76520112254443
3.1042923765E9	59.239386792452834
3.104294088E9	27.650172015646355
3.104295795E9	58.81060809000804
3.1042974975E9	0.0
3.104299198E9	4.036263977197983
3.1043008905E9	41.80874415257287
3.1043025755E9	55.17272727272727
3.1043042575E9	57.338153138350314
3.1043059365E9	58.65638766519824
3.1043076145E9	58.1169757489301
3.104309292E9	58.60652436568667
3.1043109685E9	59.65714285714286
3.1043126425E9	35.81323038067333
3.104314313E9	0.0
3.1043159815E9	53.60530634573304
3.104317647E9	0.0
3.1043193085E9	0.0
3.1043209685E9	59.792291714747286
3.1043226275E9	58.675496688741724
3.1043242845E9	26.804347826086957
3.1043259405E9	47.90789739446576
3.1043275945E9	0.0
3.104329244E9	0.0
3.10433089E9	0.0
3.104332533E9	30.078748280605225
3.1043341725E9	0.0
3.104335808E9	0.0
3.1043374375E9	35.704109589041096
3.1043390575E9	58.025851938895414
3.1043406705E9	0.0
3.104342279E9	0.0
3.104343883E9	46.11578266494178
3.104345484E9	59.49556282111163
3.104347078E9	0.0
3.1043486665E9	0.0
3.104350253E9	0.0
3.1043518375E9	58.84704073789393
3.1043534215E9	55.09544438781511
3.1043550035E9	0.0
3.1043565795E9	57.67178658043654
3.1043581505E9	55.75696712961987
3.10435972E9	58.8527724665392
3.1043612885E9	59.511090991398824
3.104362856E9	0.0
3.104364422E9	58.611378977820635
3.104365984E9	0.0
3.104367543E9	57.74888558692422
3.1043691005E9	0.0
3.1043706555E9	59.053254437869825
3.104372207E9	0.0
3.1043737525E9	0.0
3.104375294E9	0.0
3.1043768335E9	59.76923076923077
3.104378371E9	41.83562761292954
3.104379907E9	0.0
3.1043814395E9	58.705882352941174
3.1043829685E9	0.0
3.1043844935E9	58.34254143646409
3.1043860115E9	0.0
3.104387523E9	57.42248062015504
3.104389031E9	0.938337801608579
3.1043905345E9	57.96
3.104392034E9	56.400535236396074
3.104393533E9	0.0
3.104395031E9	48.668097861309136
3.1043965275E9	57.55786113328013
3.1043980195E9	59.168110918544194
3.1043995065E9	0.0
3.104400992E9	0.0
3.104402475E9	56.1917623227549
3.104403955E9	0.0
3.1044054305E9	58.858695652173914
3.1044069025E9	53.232563610009336
3.1044083735E9	58.18393480791618
3.1044098415E9	59.08064516129032
3.104411307E9	0.0
3.10441277E9	0.0
3.1044142295E9	58.36693548387097
3.104415687E9	32.77372089339458
3.1044171395E9	0.0
3.104418587E9	0.0
3.1044200325E9	0.9406424581005587
3.104421476E9	0.0
3.104422919E9	0.0
3.1044243595E9	0.0
3.1044257945E9	23.563547863710113
3.1044272255E9	0.0
3.1044286555E9	0.0
3.104430085E9	0.0
3.104431514E9	0.0
3.104432943E9	59.3976961053209
3.1044343705E9	59.04255319148936
3.1044357965E9	0.0
3.1044372195E9	58.68367823245682
3.1044386375E9	58.62039045553146
3.1044400535E9	54.30441898527005
3.104441469E9	59.22542204568024
3.104442884E9	57.21988205560236
3.1044442985E9	0.0
3.104445712E9	0.0
3.1044471235E9	0.0
3.104448531E9	56.850828729281766
3.1044499345E9	57.99695977549111
3.1044513345E9	0.0
3.104452732E9	0.0
3.104454128E9	59.76910390324354
3.1044555215E9	0.0
3.1044569115E9	46.07899628252788
3.1044582985E9	59.338456398262615
3.1044596825E9	0.0
3.104461064E9	59.2958616429895
3.104462444E9	0.0
3.1044638215E9	20.54364694471387
3.1044651965E9	35.00975030734664
3.1044665705E9	58.96938150642988
3.104467944E9	0.0
3.104469317E9	58.733509234828496
3.1044706895E9	58.56846473029046
3.1044720605E9	0.0
3.104473429E9	0.0
3.104474795E9	0.0
3.1044761595E9	59.04382470119522
3.104477522E9	59.64179104477612
3.104478883E9	0.0
3.104480241E9	0.0
3.104481596E9	50.9397278029812
3.1044829505E9	0.0
3.104484304E9	10.0
3.104485655E9	0.0
3.104487002E9	0.0
3.1044883465E9	59.037672510257366
3.10448969E9	0.0
3.1044910305E9	0.0
3.1044923685E9	58.29085457271364
3.1044937065E9	0.0
3.1044950435E9	0.0
3.104496378E9	30.606903657908294
3.104497711E9	59.0
3.1044990435E9	0.0
3.1045003715E9	32.52876911871814
3.104501695E9	0.0
3.104503018E9	0.0
3.1045043395E9	0.0
3.1045056595E9	0.0
3.104506978E9	59.63220269718022
3.1045082945E9	0.0
3.1045096045E9	53.33929422985217
3.1045109085E9	0.0
3.104512212E9	55.15151515151515
3.1045135145E9	0.0
3.104514816E9	0.0
3.1045161165E9	58.37837837837838
3.1045174155E9	43.78706919583222
3.104518713E9	0.0
3.104520009E9	0.0
3.1045212985E9	0.0
3.104522582E9	7.9118606072957
3.104523865E9	14.011406844106464
3.104525146E9	58.2412835544585
3.1045264245E9	0.0
3.104527699E9	23.949060123403644
3.10452897E9	0.0
3.1045302395E9	0.9329073482428115
3.1045315055E9	2.254667662434653
3.104532769E9	52.90971822886716
3.1045340315E9	57.98882681564246
3.104535293E9	56.3598971722365
3.1045365535E9	0.0
3.104537813E9	0.9340232858990944
3.104539072E9	0.0
3.1045403305E9	59.71061093247589
3.1045415875E9	59.67420814479638
3.104542842E9	50.25342874180083
3.1045440925E9	0.0
3.1045453405E9	0.0
3.1045465875E9	0.0
3.1045478335E9	0.0
3.1045490785E9	0.0
3.1045503195E9	59.515347334410336
3.1045515575E9	0.0
3.1045527945E9	0.0
3.1045540295E9	0.0
3.1045552635E9	0.0
3.104556496E9	0.0
3.104557727E9	0.0
3.1045589575E9	57.502584150543335
3.1045601875E9	0.0
3.1045614165E9	43.84513457556936
3.104562644E9	0.0
3.1045638685E9	0.0
3.1045650905E9	0.0
3.104566312E9	44.01156069364162
3.104567533E9	58.93410507569011
3.1045687535E9	0.0
3.1045699725E9	8.647573587907717
3.1045711905E9	0.0
3.1045724075E9	0.0
3.1045736235E9	0.0
3.1045748375E9	59.66728280961183
3.1045760485E9	0.0
3.104577258E9	0.0
3.1045784665E9	58.77824683387137
3.1045796745E9	0.0
3.1045808815E9	0.0
3.104582087E9	0.0
3.104583292E9	0.0
3.1045844955E9	7.427055702917772
3.1045856965E9	0.0
3.104586896E9	0.0
3.1045880945E9	59.60629921259842
3.1045892925E9	58.95040369088812
3.1045904905E9	0.0
3.104591687E9	57.15220949263502
3.1045928815E9	0.0
3.104594074E9	0.0
3.104595264E9	34.806629834254146
3.1045964525E9	52.17899543378996
3.1045976365E9	0.0
3.1045988165E9	58.79370629370629
3.104599996E9	0.0
3.1046011715E9	41.11694461601812
3.1046023415E9	35.47013782542113
3.1046035085E9	41.13907284768212
3.10460467E9	52.84287886467309
3.1046058265E9	0.0
3.1046069825E9	58.99354838709677
3.104608138E9	59.21671018276762
3.1046092925E9	0.0
3.1046104465E9	59.428693698512895
3.104611598E9	57.38903394255875
3.104612744E9	0.0
3.104613887E9	53.809633027522935
3.1046150285E9	58.411764705882355
3.104616167E9	0.0
3.104617303E9	36.691803278688525
3.104618438E9	0.9559082892416225
3.104619573E9	0.0
3.104620704E9	47.63898098063165
3.104621831E9	57.8
3.1046229575E9	51.981114478899514
3.104624082E9	46.01914514692787
3.104625205E9	58.95734597156398
3.104626328E9	0.0
3.1046274505E9	51.83244206773619
3.1046285725E9	57.16010165184244
3.104629694E9	49.22256820877817
3.104630815E9	0.0
3.104631935E9	0.0
3.104633054E9	0.0
3.104634173E9	0.0
3.1046352915E9	0.0
3.104636408E9	0.0
3.1046375185E9	57.673469387755105
3.1046386245E9	0.0
3.1046397295E9	0.0
3.1046408325E9	0.0
3.104641934E9	58.56655290102389
3.1046430335E9	0.0
3.1046441315E9	0.0
3.1046452285E9	0.0
3.1046463245E9	58.67507886435331
3.10464742E9	0.0
3.104648514E9	58.954587581093605
3.1046496055E9	0.0
3.104650695E9	0.0
3.104651783E9	0.0
3.10465287E9	0.0
3.104653956E9	59.76940814757879
3.104655041E9	59.50413223140496
3.104656126E9	0.8753943217665615
3.10465721E9	0.0
3.1046582915E9	59.758620689655174
3.1046593715E9	0.0
3.104660451E9	10.479322567940134
3.10466153E9	0.0
3.104662609E9	56.156351791530945
3.104663686E9	0.0
3.1046647605E9	43.17385620915033
3.104665834E9	0.0
3.1046669055E9	0.0
3.1046679745E9	59.32394366197183
3.104669042E9	58.75432525951557
3.1046701085E9	0.0
3.1046711745E9	0.0
3.1046722405E9	41.281288530491345
3.104673305E9	0.0
3.104674368E9	54.57400211939244
3.104675431E9	27.368997518074888
3.1046764935E9	56.84571428571429
3.1046775535E9	0.0
3.1046786105E9	54.88130081300813
3.1046796645E9	59.40559440559441
3.104680716E9	0.0
3.104681767E9	0.0
3.1046828175E9	0.0
3.1046838665E9	0.0
3.1046849135E9	0.0
3.1046859595E9	1.879201680672269
3.104687005E9	0.0
3.104688049E9	20.717391304347824
3.1046890895E9	0.0
3.1046901265E9	59.83516483516483
3.104691162E9	0.0
3.104692197E9	59.27461139896373
3.104693232E9	58.91005759858219
3.104694266E9	58.70916334661354
3.1046952985E9	0.0
3.10469633E9	0.0
3.1046973585E9	59.70907016543069
3.1046983845E9	0.0
3.1046994105E9	0.0
3.104700435E9	0.0
3.1047014575E9	59.11937377690802
3.1047024785E9	3.7710843373493974
3.1047034985E9	32.71967654986523
3.1047045185E9	59.085043988269796
3.104705538E9	0.0
3.1047065565E9	44.634263715110684
3.1047075745E9	0.0
3.104708592E9	0.0
3.104709608E9	59.11330049261084
3.104710623E9	0.0
3.104711638E9	23.497243660418963
3.1047126525E9	0.0
3.1047136665E9	0.0
3.10471468E9	0.0
3.104715693E9	0.0
3.104716706E9	0.0
3.1047177185E9	0.0
3.10471873E9	0.0
3.104719741E9	0.0
3.104720751E9	37.549833491912466
3.1047217595E9	0.0
3.1047227675E9	0.0
3.104723775E9	0.0
3.104724782E9	58.03376365441907
3.104725789E9	10.108775698066891
3.1047267955E9	0.0
3.104727801E9	0.0
3.104728805E9	0.0
3.104729807E9	59.322381930184804
3.1047308075E9	0.0
3.104740963E9	0.0
3.104756475E9	51.89679157789197
3.104767963E9	19.604535268738086
3.104778484E9	58.45062247002215
3.1047881575E9	18.30885215101153
3.1047976135E9	54.32357397203432
3.1048068795E9	20.427573696145124
3.1048160235E9	55.82444762009454
3.104824959E9	50.21693552767368
3.1048336895E9	46.69232768011513
3.1048423175E9	34.05437908496732
3.1048506295E9	59.239471028732275
3.104858538E9	58.309956311795816
3.10486621E9	20.894649669425565
3.104873738E9	0.0
3.104881204E9	45.49977836224475
3.1048886055E9	59.485849156903186
3.104895888E9	58.683251551450425
3.1049030315E9	53.25811652212586
3.1049100215E9	33.878629046379416
3.104916928E9	22.47461787630327
3.1049238165E9	52.46061464233271
3.104930685E9	53.14707422666015
3.1049375335E9	58.45946251129178
3.1049443175E9	0.9584653291094685
3.1049510255E9	59.38035237004309
3.104957646E9	47.28378635240448
3.1049641205E9	8.504180750756094
3.104970491E9	7.7060967671946194
3.104976811E9	59.307642281845624
3.1049830915E9	27.225150807021357
3.104989311E9	48.932459961763875
3.104995483E9	42.647435695123875
3.1050016285E9	54.8025459742018
3.105007741E9	15.386589745099194
3.105013843E9	36.79511620160402
3.105019839E9	54.80078317505561
3.1050257E9	44.421676471231436
3.105031511E9	37.270047590096226
3.1050372955E9	0.0
3.105043063E9	0.0
3.1050488005E9	55.52305980299221
3.1050545125E9	54.449595239742614
3.1050601615E9	51.28161530286929
3.1050657395E9	48.91985296427786
3.1050713015E9	36.884360580092284
3.1050767895E9	17.150215016151932
3.105082186E9	54.25345033368635
3.1050875235E9	57.664356242503224
3.105092801E9	44.04084436253979
3.105098007E9	49.33600846407927
3.1051031505E9	57.320944892230415
3.1051082045E9	59.6621957277695
3.105113172E9	0.0
3.105118124E9	48.24178882658921
3.105123046E9	52.023789576845864
3.105127928E9	0.0
3.105132784E9	58.134748952054586
3.1051375455E9	45.666452337100445
3.105142205E9	52.35369871218928
3.1051468215E9	34.63123641322694
3.105151389E9	3.377862595419847
3.1051559265E9	47.064198866891594
3.105160444E9	55.72521938085074
3.105164943E9	49.37513852267951
3.1051694125E9	0.9859894921190894
3.1051738415E9	58.660120601621884
3.105178253E9	25.350519374416432
3.1051826085E9	39.20062656641604
3.1051869095E9	58.966643550624134
3.105191198E9	51.56986198655013
3.105195423E9	59.46188340807175
3.105199594E9	39.003412877566376
3.1052037465E9	0.0
3.105207865E9	0.9816438356164383
3.10521196E9	46.97832107726101
3.105216012E9	50.38202374222725
3.1052200195E9	0.0
3.105224006E9	45.47584689202352
3.1052278585E9	59.34672316712138
3.105231579E9	51.033234167748724
3.1052352765E9	47.6892912947623
3.1052389575E9	59.39966992160638
3.105242632E9	15.98163030998852
3.1052463045E9	51.61048689138577
3.105249957E9	55.84613400954141
3.10525359E9	57.20403502093643
3.105257213E9	13.481706800546664
3.105260822E9	14.845553197453249
3.1052644205E9	54.292279536365484
3.1052680095E9	45.55449703698147
3.1052715945E9	0.0
3.105275175E9	47.7936896599972
3.105278732E9	59.50789793438639
3.1052822555E9	35.754043413492234
3.105285765E9	34.312638580931264
3.1052892635E9	50.978996586017516
3.105292744E9	0.0
3.105296203E9	0.0
3.105299639E9	58.35385723047386
3.10530305E9	57.98775551713617
3.105306431E9	54.568942436412314
3.105309783E9	59.2154681549078
3.1053131135E9	49.40929489149813
3.105316433E9	51.659068797776236
3.105319747E9	0.0
3.105323045E9	0.0
3.1053263115E9	0.0
3.10532956E9	2.9645972293483838
3.105332802E9	50.0911725542414
3.105336038E9	0.0
3.1053392555E9	56.13840745835244
3.105342453E9	58.56223392741179
3.105345638E9	35.1531248234696
3.1053488045E9	52.37244671403197
3.105351955E9	8.184268618566284
3.105355096E9	59.59189457276463
3.1053582345E9	59.58028616852146
3.1053613715E9	0.9791464597478177
3.1053645055E9	0.0
3.1053676375E9	44.70647419072616
3.105370751E9	0.0
3.1053738455E9	58.760757314974185
3.105376939E9	57.64660601819454
3.105380015E9	0.0
3.105383037E9	49.22328297860392
3.105386017E9	59.6124031007752
3.105388988E9	40.07840663900415
3.105391952E9	0.0
3.10539491E9	58.413526848647955
3.105397855E9	59.4588567118166
3.105400789E9	17.859396302383956
3.10540371E9	59.78596908442331
3.1054066165E9	45.929746990911326
3.1054095145E9	53.302536419945326
3.1054124035E9	26.009335769237214
3.105415289E9	2.904284412032817
3.1054181705E9	0.9700854700854701
3.105421047E9	51.027169334456616
3.105423915E9	59.29485561844335
3.1054267735E9	49.63233190271817
3.1054296205E9	36.00085889570552
3.10543244E9	37.576245596376445
3.105435239E9	56.81892905210537
3.1054380315E9	57.778617302606726
3.105440812E9	46.925254437869825
3.105443576E9	0.0
3.1054463305E9	0.0
3.105449079E9	59.20519167725965
3.105451813E9	4.630537507383343
3.1054545365E9	59.38926019820235
3.1054572385E9	29.149888143176735
3.105459914E9	40.363709032773784
3.10546258E9	29.029543496985358
3.1054652375E9	28.81102640679032
3.105467887E9	59.20497335701599
3.105470528E9	59.65831435079727
3.105473162E9	0.0
3.105475793E9	37.962896536262754
3.1054784135E9	35.35255367599219
3.105481019E9	0.0
3.1054836015E9	52.247745526278706
3.1054861625E9	45.460093896713616
3.105488716E9	59.17651422818081
3.105491267E9	22.451951488393252
3.1054938115E9	54.0311847856046
3.1054963495E9	59.48424068767908
3.105498881E9	0.0
3.1055013925E9	59.88223748773307
3.1055038895E9	0.0
3.105506379E9	58.493641995435276
3.105508858E9	41.702074481379654
3.10551133E9	59.62270930650377
3.105513792E9	59.393454545454546
3.1055162415E9	0.0
3.105518682E9	27.460566151983045
3.105521118E9	35.57536993500207
3.105523549E9	54.60859246637863
3.105525972E9	58.10731822474032
3.105528388E9	33.22001172180255
3.1055308005E9	42.2778922578746
3.1055332065E9	49.99301025163094
3.105535606E9	55.893528035726945
3.1055380035E9	59.49435794886445
3.105540398E9	33.95974091948184
3.1055427875E9	57.32919373328239
3.1055451725E9	18.192655977403007
3.1055475555E9	59.56600361663653
3.1055499375E9	33.81610214577053
3.105552312E9	59.31996512641674
3.1055546785E9	0.0
3.1055570425E9	58.145797029292176
3.105559404E9	42.15873977582551
3.105561761E9	45.082927162964104
3.105564112E9	24.718480979506317
3.1055664605E9	55.170357751277685
3.1055688045E9	48.27540067637112
3.105571144E9	59.69217614365113
3.1055734815E9	0.0
3.105575816E9	46.837227414330215
3.1055781475E9	0.0
3.105580476E9	44.21725239616613
3.1055827985E9	58.781697735325835
3.105585104E9	55.704870224555265
3.1055873965E9	53.12925170068027
3.105589686E9	41.086794603838115
3.1055919665E9	26.605146896399383
3.1055942405E9	39.69111969111969
3.105596511E9	58.81749578723716
3.1055987745E9	0.0
3.105601033E9	0.0
3.1056032815E9	58.16903658731427
3.105605521E9	38.218980891719745
3.1056077565E9	46.787661406025826
3.1056099875E9	57.29208180388044
3.1056122175E9	0.0
3.1056144435E9	0.0
3.1056166625E9	0.0
3.1056188775E9	26.174814814814816
3.1056210895E9	25.37363344051447
3.105623296E9	42.56485740570377
3.105625496E9	31.88982929278439
3.1056276925E9	49.582595442009
3.1056298885E9	59.57433870477349
3.105632076E9	6.789808917197452
3.1056342545E9	46.626290985661285
3.1056364325E9	33.268425383284914
3.1056386075E9	0.0
3.1056407785E9	58.69277108433735
3.105642947E9	31.461923652207844
3.105645114E9	4.91963260619977
3.105647276E9	11.522935779816514
3.105649431E9	21.45767441860465
3.105651583E9	4.9520905923344944
3.105653732E9	45.98866090712743
3.105655878E9	41.540065146579806
3.1056580215E9	0.0
3.1056601635E9	36.075213781911245
3.1056623025E9	17.93881633455732
3.1056644355E9	36.008277543542974
3.1056665645E9	43.46210010567778
3.1056686915E9	58.80926130099228
3.1056708175E9	0.971107544141252
3.10567294E9	49.9714091218516
3.105675053E9	34.299602156057496
3.105677152E9	56.1224800104863
3.105679241E9	30.28755269811758
3.1056813275E9	37.031946532999164
3.105683412E9	59.407198306280875
3.105685491E9	16.29254498714653
3.105687566E9	25.274405395811147
3.1056896395E9	32.03150832634479
3.1056917095E9	25.793921895505978
3.105693777E9	0.991546494281452
3.105695838E9	0.0
3.105697891E9	52.158319870759286
3.1056999415E9	47.75243970268494
3.105701983E9	38.14224994480018
3.1057040115E9	51.39238838493893
3.1057060315E9	9.138790664780764
3.105708045E9	43.98081776880363
3.105710055E9	13.506964964119883
3.105712061E9	42.44008023812605
3.105714063E9	25.47025545906753
