#Position (bp)	mapping quality
3882144.5	53.961883290026414
1.16464325E7	56.7751385146849
1.94107205E7	57.38826536403241
2.71750085E7	58.12376189253406
3.49392965E7	58.14437037991994
4.27035845E7	58.19146892203356
5.04678725E7	58.15130793619005
5.82321605E7	58.1206215198375
6.59964485E7	58.11872989377855
7.37607365E7	58.172373085634106
8.15250245E7	58.05348342398966
8.92893125E7	58.131518530917106
9.70536005E7	58.17452226705066
1.048178885E8	56.49757072664593
1.125821765E8	58.00972802041086
1.203464645E8	24.183618342468513
1.281107525E8	10.143858885955503
1.358750405E8	0.0
1.436393285E8	31.012495453867675
1.514036165E8	52.64066252358346
1.591679045E8	57.47563200538865
1.669321925E8	58.17160939084484
1.746964805E8	58.17911716366837
1.824607685E8	58.173012118945806
1.902250565E8	58.192213335344775
1.979893445E8	58.04366688631927
2.057536325E8	57.49315432480385
2.135179205E8	58.10645830850932
2.212822085E8	57.92776981619313
2.290464965E8	56.4117950086735
2.368107845E8	58.0476047435599
2.445750725E8	57.957623735497314
2.487068195E8	52.98730666284508
2.525889635E8	57.78169022140337
2.601036485E8	58.08410191465291
2.678679365E8	58.04365656213494
2.756322245E8	58.16210140492756
2.833965125E8	57.63455253384896
2.911608005E8	58.11423810490977
2.989250885E8	58.158992067758625
3.066893765E8	58.14042919380419
3.144536645E8	58.11879428264975
3.222179525E8	58.03491698809488
3.299822405E8	58.085937847927106
3.377465285E8	41.19258838437223
3.455108165E8	54.241981230160334
3.532751045E8	57.802235705283266
3.610393925E8	51.79359784532677
3.688036805E8	58.030066995198375
3.765679685E8	56.569731922034286
3.843322565E8	57.94575483123944
3.920965445E8	58.143575582322256
3.998608325E8	58.14380793812541
4.076251205E8	58.095634473476
4.153894085E8	58.04514664656606
4.231536965E8	58.11173426560172
4.309179845E8	58.170390106801676
4.386822725E8	58.20875115223074
4.464465605E8	58.131205152033964
4.542108485E8	58.15221035490562
4.619751365E8	58.14829430473535
4.697394245E8	58.104026335647724
4.775037125E8	58.12311498937243
4.852680005E8	57.978724607926914
4.90150048E8	57.11057189263398
4.94032192E8	58.03369140985035
5.007965765E8	58.108201350633706
5.085608645E8	58.07143581379335
5.163251525E8	58.09831209172727
5.240894405E8	58.12945606198338
5.318537285E8	58.078077735550465
5.396180165E8	58.113589789178945
5.473823045E8	58.17502470719182
5.551465925E8	58.15223435813023
5.629108805E8	58.03158208040545
5.706751685E8	57.95944000515005
5.784394565E8	54.70004161877996
5.862037445E8	43.60955960494908
5.939680325E8	58.119451870489584
6.017323205E8	58.1572513625932
6.094966085E8	58.108528555587355
6.172608965E8	58.04906948898246
6.250251845E8	58.10697493253556
6.327894725E8	58.097849697295125
6.405537605E8	58.164282870831784
6.483180485E8	58.14926165597786
6.560823365E8	58.17595891896212
6.638466245E8	58.2239298329755
6.716109125E8	58.1847885984737
6.793752005E8	57.95403834206217
6.863514275E8	56.92282145004815
6.902335715E8	56.416505028437264
6.949037765E8	55.90383981012973
7.026680645E8	57.53836738148266
7.104323525E8	58.01884659192696
7.181966405E8	58.14985934232294
7.259609285E8	58.1647118870427
7.337252165E8	58.137429119993456
7.414895045E8	35.69417993734401
7.492537925E8	58.078224610722344
7.570180805E8	58.11304408446163
7.647823685E8	58.118731531451026
7.725466565E8	58.127709762280446
7.803109445E8	58.041804459801305
7.880752325E8	58.15998815410836
7.958395205E8	58.154164173060906
8.036038085E8	58.18039988302002
8.113680965E8	58.012794950419625
8.191323845E8	58.16353155172116
8.268966725E8	58.0849404204976
8.346609605E8	58.09122935767661
8.424252485E8	58.11379708167898
8.501895365E8	58.201341354021075
8.579538245E8	58.11965348428878
8.657181125E8	58.146049329399006
8.734824005E8	58.011200415551144
8.78512305E8	52.590974248155696
8.82394449E8	57.724833304682505
8.890109765E8	57.98480905605956
8.967752645E8	57.46351601999379
9.045395525E8	58.04857853605183
9.123038405E8	58.014573477407204
9.200681285E8	58.13750583058081
9.278324165E8	46.888220327726245
9.355967045E8	58.13551658285974
9.433609925E8	58.165811416491756
9.511252805E8	48.667506123346065
9.588895685E8	58.17532984473591
9.666538565E8	58.104927057969284
9.744181445E8	58.13162055430209
9.821824325E8	58.01966724190792
9.899467205E8	58.07375728526827
9.977110085E8	58.16729982714489
1.0054752965E9	58.15812613703539
1.0132395845E9	58.108247712450286
1.0210038725E9	58.161407909893626
1.0287681605E9	58.08235542421943
1.0365324485E9	58.0506461992433
1.0442967365E9	58.17820218694605
1.0520610245E9	57.41358643248289
1.0585707465E9	55.887297392343164
1.0624528905E9	57.34876577784332
1.0675896005E9	58.06244124896453
1.0753538885E9	58.12825048025905
1.0831181765E9	58.09731981980425
1.0908824645E9	57.063267619125114
1.0986467525E9	58.059147479761144
1.1064110405E9	58.06965039955265
1.1141753285E9	58.119616758200465
1.1219396165E9	43.8552909412383
1.1297039045E9	58.10286690668108
1.1374681925E9	58.12906569164064
1.1452324805E9	58.165703379903334
1.1529967685E9	58.117409872052015
1.1607610565E9	58.12652555765399
1.1685253445E9	58.1054351390704
1.1762896325E9	58.15805657370575
1.1840539205E9	58.19560597867554
1.1918182085E9	58.15010294405193
1.1995824965E9	58.1605014570165
1.2073467845E9	58.1298840431822
1.2151110725E9	58.13925376501533
1.2228753605E9	57.5244081997345
1.229380904E9	56.802732299794755
1.233263048E9	57.43690785032424
1.2384039365E9	57.36106236435472
1.2461682245E9	58.117579710916395
1.2539325125E9	58.09761750639493
1.2616968005E9	58.042856651085586
1.2694610885E9	58.08331958732912
1.2772253765E9	58.11059152244253
1.2849896645E9	57.77213792040314
1.2927539525E9	33.279629104579485
1.3005182405E9	56.975657855147396
1.3082825285E9	53.603914746671755
1.3160468165E9	58.20558707557393
1.3238111045E9	58.09343902299847
1.3315753925E9	55.42862203469616
1.3393396805E9	58.13990530417271
1.3471039685E9	58.11846011952839
1.3548682565E9	58.13467013992801
1.3626325445E9	58.09628055439442
1.3703968325E9	58.10287677710914
1.3781611205E9	55.355407774258765
1.3859254085E9	57.82454124374124
1.3905789145E9	57.503803588692264
1.3944610585E9	56.059648543596666
1.4014539845E9	51.09430641447663
1.4092182725E9	58.109969356023264
1.4169825605E9	58.035255913935195
1.4247468485E9	58.15333487794549
1.4325111365E9	47.12017623071598
1.4402754245E9	55.456323947342
1.4480397125E9	58.11562152315014
1.4558040005E9	58.13755596824522
1.4635682885E9	58.030099707039824
1.4713325765E9	58.16154774247133
1.4790968645E9	53.314539547841214
1.4868611525E9	58.17005416784554
1.4946254405E9	58.13025505183352
1.5023897285E9	58.14589452646578
1.5101540165E9	58.142084902917006
1.5179183045E9	57.98548437079381
1.5256825925E9	58.05530940125958
1.5330268245E9	57.877715353120024
1.5369089685E9	55.90055103862395
1.5412111685E9	58.1129498586386
1.5489754565E9	58.10171456290682
1.5567397445E9	58.159457053470106
1.5645040325E9	58.168026036228824
1.5722683205E9	55.74976686176352
1.5800326085E9	25.733399852452617
1.5877968965E9	0.0
1.5955611845E9	18.54171095975888
1.6033254725E9	37.48368482244153
1.6110897605E9	58.13706095994053
1.6188540485E9	58.02704390683343
1.6266183365E9	57.99266767681866
1.6343826245E9	57.92217527532655
1.6421469125E9	58.085185661055
1.6499112005E9	57.993402521815725
1.6576754885E9	58.15313249965063
1.6654397765E9	58.11072377144484
1.672102775E9	57.17366386446602
1.675984919E9	56.85397611522103
1.6809683525E9	58.04225625455909
1.6887326405E9	58.2011249224758
1.6964969285E9	58.000108276283
1.7042612165E9	58.09928991977503
1.7120255045E9	44.14176657262026
1.7197897925E9	45.2942275597958
1.7275540805E9	57.888235799684615
1.7353183685E9	58.17706311469443
1.7430826565E9	58.156629974887885
1.7508469445E9	58.04898798952955
1.7586112325E9	57.469291080181506
1.7663755205E9	58.13483933125812
1.7741398085E9	58.133611597834104
1.7819040965E9	58.1240893762626
1.7896683845E9	58.04195586065841
1.7974326725E9	58.05459446900737
1.804997934E9	56.61403519733171
1.808880078E9	42.859063520923385
1.8129612485E9	57.28777213123249
1.8207255365E9	58.07730336485401
1.8284898245E9	58.09962161844837
1.8362541125E9	58.05031547142443
1.8440184005E9	58.14267040479258
1.8517826885E9	58.11324896968471
1.8595469765E9	35.904117415889544
1.8673112645E9	58.083243015956434
1.8750755525E9	58.06601185670353
1.8828398405E9	58.114377018091766
1.8906041285E9	58.103785246892805
1.8983684165E9	56.9034303461893
1.9061327045E9	58.08365501268831
1.9138969925E9	58.148595563548334
1.9216612805E9	58.10101391993201
1.9294255685E9	58.140911796547115
1.9371898565E9	58.027492490578545
1.942419837E9	57.94456473890474
1.946301981E9	57.811786618285346
1.9527184325E9	57.862965550262736
1.9604827205E9	58.14346213829365
1.9682470085E9	58.146890942131584
1.9760112965E9	46.503804483280746
1.9837755845E9	54.31125861083881
1.9915398725E9	58.15411720254406
1.9993041605E9	58.124753002169086
2.0070684485E9	58.10860597858417
2.0148327365E9	58.16616094717091
2.0225970245E9	58.179504373952796
2.0303613125E9	58.124933838057274
2.0381256005E9	58.141858731417834
2.0458898885E9	58.17524912214241
2.0536541765E9	58.152561114047515
2.0614184645E9	58.13937134848684
2.0691827525E9	58.06284226065269
2.0750539395E9	57.838172991958075
2.0789360835E9	0.0
2.0847113285E9	0.0
2.0924756165E9	11.420680109954768
2.1002399045E9	58.08133930757671
2.1080041925E9	58.09281088104487
2.1157684805E9	58.07026511167041
2.1235327685E9	58.06629254643412
2.1312970565E9	57.62582376179859
2.1390613445E9	58.03738958816162
2.1468256325E9	58.215627339412194
2.1545899205E9	58.19642152516408
2.1623542085E9	58.25225023133193
2.1701184965E9	58.1609489840516
2.1778827845E9	58.147099783748075
2.1856470725E9	57.76202653400351
2.1904682635E9	57.862501809601696
2.1943504075E9	0.0
2.2011756485E9	0.0
2.2089399365E9	40.830538188517345
2.2167042245E9	58.131191338000114
2.2244685125E9	58.17632310849725
2.2322328005E9	58.158620446107285
2.2399970885E9	58.211295665744956
2.2477613765E9	58.15584154763549
2.2555256645E9	58.1775460685371
2.2632899525E9	58.132600552213205
2.2710542405E9	58.06091494218895
2.2788185285E9	58.09377817337027
2.2865828165E9	58.09533472810084
2.2943471045E9	57.88847546655249
2.2983401385E9	58.25072549607575
2.3022222825E9	0.0
2.3098756805E9	0.0
2.3176399685E9	24.217620866980443
2.3254042565E9	53.08919484009562
2.3331685445E9	55.440242787570654
2.3409328325E9	57.82730889838182
2.3486971205E9	58.13698063301651
2.3564614085E9	58.14993272886641
2.3642256965E9	58.14537268417739
2.3719899845E9	57.60956011439186
2.3797542725E9	56.49881310369265
2.3875185605E9	57.912171747058196
2.3952828485E9	58.03954828474163
2.399803605E9	54.57577601527412
2.403685749E9	57.66933750960115
2.4108114245E9	58.11477059090723
2.4185757125E9	50.69879669005125
2.4263400005E9	54.65889012982116
2.4341042885E9	40.321405382364716
2.4418685765E9	1.897486044875303
2.4496328645E9	45.81093764535595
2.4573971525E9	58.092817916888954
2.4651614405E9	58.20300545490461
2.4729257285E9	57.179194438912305
2.4806900165E9	58.06750621489992
2.4876763615E9	57.250095407794376
2.4915585055E9	57.10700210300352
2.4962185925E9	58.08765461185581
2.5039828805E9	57.953079346743806
2.5117471685E9	44.01784507894449
2.5195114565E9	49.46430359835934
2.5272757445E9	55.512573774832674
2.5350400325E9	55.16649971831254
2.5428043205E9	58.10895642345757
2.5505686085E9	58.06707108726485
2.5583328965E9	57.965288347820625
2.5660971845E9	58.10922697849291
2.572008666E9	57.688854449814386
2.57589081E9	56.5324491229284
2.5816257605E9	58.078782709445434
2.5893900485E9	28.831174312879682
2.5971543365E9	53.187608978752884
2.6049186245E9	58.11600150974999
2.6126829125E9	58.064485655922084
2.6204472005E9	57.93350019448721
2.6282114885E9	58.10701200946934
2.6359757765E9	58.14211453786247
2.6437400645E9	58.10076612777899
2.6510167485E9	57.771837571693574
2.6548988925E9	49.366251924183814
2.6592686405E9	58.015971373372935
2.6670329285E9	57.52818956435018
2.6747972165E9	58.137918831245635
2.6825615045E9	57.25128338549732
2.6903257925E9	55.706882235934515
2.6980900805E9	58.11007404843893
2.7058543685E9	57.28161351761751
2.7113827085E9	58.08395647068037
2.7152648525E9	58.047784075821085
2.7213829445E9	58.065061129005706
2.7291472325E9	58.11778424038716
2.7369115205E9	39.00098566086932
2.7446758085E9	46.697141012458076
2.7524400965E9	58.14159349823358
2.7602043845E9	58.0457483337086
2.7679686725E9	58.042765687438504
2.774661944E9	57.76858258625662
2.778544088E9	0.0
2.7834972485E9	24.332266939975252
2.7912615365E9	53.561440983174954
2.7990258245E9	58.19637592641356
2.8067901125E9	58.15521066881989
2.8145544005E9	57.98285058150741
2.8213097995E9	56.000782376697074
2.8251919435E9	0.0
2.8300829765E9	0.0
2.8378472645E9	38.597370928256524
2.8456115525E9	53.59217942344313
2.8533758405E9	58.11639258758489
2.8611401285E9	58.11066002569889
2.8689044165E9	58.0655032540385
2.8738940415E9	57.5801917330541
2.8777761855E9	56.520920555018876
2.8844329925E9	58.00785189139034
2.8921972805E9	58.116803811694616
2.8999615685E9	58.228513802166624
2.9077258565E9	58.17364332058667
2.9154901445E9	58.13482894100183
2.9232544325E9	56.53797206680247
2.9310187205E9	44.64800272857488
2.9387830085E9	47.54437693239967
2.9465472965E9	56.13426697100732
2.9543115845E9	58.13695329407412
2.9620758725E9	57.885364466515504
2.9698401605E9	57.92594249807296
2.9776044485E9	56.18977016713366
2.9853687365E9	58.18626618968475
2.9931330245E9	56.656538673520906
3.0008973125E9	58.144353710622426
3.0086616005E9	57.45036458861792
3.0164258885E9	56.17324042501636
3.0241901765E9	57.244399517713994
3.029557369E9	53.38858715002761
3.033439513E9	50.21586110248958
3.0397187525E9	23.42903121581704
3.0474830405E9	10.485061550652336
3.0552473285E9	9.867623195263118
3.0630116165E9	0.0
3.0707759045E9	0.0
3.0785401925E9	0.0
3.0853460845E9	45.37069481275543
3.088278117E9	58.202008432974154
3.088373929E9	47.16004016632463
3.0884774725E9	50.84862219084598
3.0885573295E9	56.624839223722766
3.0886546005E9	25.357292620812494
3.0887081185E9	47.311983791969205
3.0887493115E9	38.02396727656095
3.088858438E9	29.81794069192751
3.088966832E9	54.127233299548024
3.089008063E9	50.75052334456855
3.089109657E9	10.08806382858916
3.089267292E9	8.526926708404394
3.08942189E9	9.846002294698016
3.089604443E9	36.751145149443474
3.089755642E9	48.7739995682407
3.0898220175E9	18.39145102601215
3.0898610755E9	18.93975760660329
3.089968525E9	37.85156909381854
3.0900764725E9	35.68699259718926
3.090141311E9	6.782669404911567
3.090191469E9	0.3012510425354462
3.090297168E9	30.34753027791745
3.090503609E9	32.997452707212325
3.0907062205E9	45.20092055864493
3.09089898E9	36.8970358570661
3.091013772E9	54.35343983020472
3.091052607E9	54.467006569139215
3.0911587895E9	49.27627478373797
3.091267064E9	56.75656375750379
3.0915130575E9	8.483321600229514
3.092673561E9	22.92452542603106
3.093702736E9	46.91657236681815
3.093935951E9	32.233376749959284
3.094132646E9	31.023264724979217
3.0942642985E9	10.571950768240688
3.094360447E9	55.33957794408555
3.0944711045E9	9.218831790330132
3.0946435155E9	16.163052046495967
3.094747446E9	38.850864264984345
3.0948598115E9	10.214094006498643
3.0950026905E9	42.61120095136442
3.095104297E9	43.68750805078075
3.095190977E9	6.728462505895299
3.0952465895E9	0.0
3.0952663465E9	26.798004987531172
3.095268566E9	0.9902173913043478
3.0952706195E9	4.1018158236057065
3.0952723265E9	0.0
3.0952838005E9	6.18887381275441
3.0952967465E9	31.223915050784857
3.095299555E9	0.9283489096573209
3.0953008775E9	0.0
3.0953027375E9	0.0
3.0953043745E9	0.993103448275862
3.095311073E9	2.942119842542645
3.0953361175E9	0.9497354497354498
3.095355552E9	0.0
3.0953574645E9	0.0
3.095360032E9	0.0
3.095361791E9	1.8822415751609238
3.095363378E9	0.0
3.095365611E9	34.03028810637774
3.0953678415E9	27.943296703296703
3.095369933E9	10.431718061674008
3.095371677E9	24.549589041095892
3.09537289E9	0.0
3.0953743225E9	0.0
3.095375945E9	25.87436115843271
3.095572656E9	45.899060753162985
3.095769303E9	49.90995355221784
3.0957708065E9	20.19481865284974
3.0957736535E9	51.7862209991835
3.095822105E9	46.44819694696288
3.095924849E9	22.194756232802565
3.095983129E9	53.95529540411025
3.095986364E9	25.621196306704135
3.0959887305E9	54.778489116517285
3.0959909825E9	28.971123944913373
3.095993051E9	50.27558900201662
3.0959946765E9	50.17878585723816
3.096006671E9	38.81508471460755
3.0960870785E9	42.06758880159989
3.0961589785E9	50.02064178507832
3.096165879E9	43.31475765059074
3.096173123E9	53.141833216683516
3.09617898E9	48.78414954572794
3.096183283E9	54.31942377671348
3.096185859E9	26.54681647940075
3.0961883E9	7.347278967151495
3.0961908755E9	1.876458476321208
3.096192456E9	0.0
3.096238607E9	47.17538245414878
3.0962848625E9	0.9838056680161943
3.096286263E9	0.0
3.0962877625E9	41.62891874600128
3.096289947E9	17.646169526074402
3.096292208E9	59.51734539969834
3.0962965075E9	8.281391609413829
3.096315547E9	21.75583625838148
3.0963533005E9	35.382409307032255
3.09637788E9	50.19723177798191
3.096382479E9	45.59065807367114
3.0963879875E9	26.99218897044984
3.0963943185E9	29.047930157261796
3.096398918E9	24.775187825081872
3.0964033365E9	33.894431211202544
3.0964070605E9	40.53790576981785
3.0964084065E9	0.9686274509803922
3.0964096105E9	0.9888268156424581
3.096411644E9	22.558880383605736
3.0964135175E9	0.0
3.0964147555E9	0.988795518207283
3.0964161835E9	59.36395759717315
3.0964174105E9	18.347241124547963
3.096418484E9	24.749568548616512
3.096419946E9	33.572339069471
3.096422275E9	0.9747995418098511
3.0964254675E9	24.02937976060936
3.0964313925E9	2.729105003523608
3.0964360765E9	0.0
3.096437123E9	0.0
3.0964382945E9	0.0
3.096440137E9	0.0
3.096442099E9	0.9850374064837906
3.096443439E9	0.0
3.0964449505E9	17.0
3.0964464985E9	0.0
3.0964475915E9	27.87683284457478
3.0964489705E9	0.0
3.0964506065E9	0.0
3.0964522235E9	0.0
3.0964537525E9	0.0
3.0964552355E9	0.0
3.09645655E9	0.0
3.0964580005E9	0.9937578027465668
3.0964594605E9	0.8847184986595175
3.096462063E9	28.899503125500882
3.0964647385E9	0.0
3.0964666345E9	2.8597122302158273
3.0964687875E9	0.0
3.096470338E9	0.0
3.0964722525E9	0.0
3.096474844E9	6.709886547811993
3.0964802425E9	56.86792096760358
3.0964880595E9	53.47568578553616
3.0965833285E9	30.899510409558182
3.0967643755E9	51.68582974885027
3.0969348755E9	16.02374408832966
3.097105623E9	40.42176603150673
3.0972741855E9	8.912690352501278
3.0973604055E9	3.4845647313057935
3.097450029E9	21.78482228397386
3.0976374775E9	44.36906432420762
3.0978270425E9	34.62927253037869
3.0979310955E9	24.562273483799718
3.097952041E9	4.407385697538101
3.0979864125E9	53.41678848146167
3.098119023E9	20.368575526053352
3.098265051E9	17.840155365764584
3.098391091E9	54.02603186486027
3.0985448955E9	37.91775346275328
3.0986946915E9	38.09077628140268
3.098783935E9	0.0
3.0988292795E9	29.944600815745332
3.098880847E9	12.97517463424894
3.098919304E9	35.41726350275288
3.0989774605E9	27.037730903403187
3.099052881E9	41.11282890134323
3.0991573655E9	30.381808844732568
3.099319594E9	29.29369318322536
3.0995012675E9	23.691245872444494
3.099670145E9	48.918123903544874
3.09983663E9	0.0
3.0999236415E9	53.385206581730024
3.099926258E9	54.105319528739734
3.0999293305E9	55.11518033284435
3.0999317075E9	59.79966611018364
3.099933225E9	53.10426159206647
3.099934473E9	51.607894736842105
3.099935544E9	0.0
3.099936873E9	59.22115384615385
3.0999392435E9	53.843416447468535
3.0999417715E9	58.11515863689777
3.099944294E9	58.05671930389945
3.099947122E9	53.57776117544515
3.099949542E9	3.410103204780011
3.099951465E9	0.0
3.0999532635E9	0.0
3.0999548975E9	0.0
3.099956276E9	0.0
3.0999589355E9	59.3050505050505
3.099961492E9	0.0
3.0999627755E9	0.0
3.099966206E9	53.41584879463131
3.099971928E9	0.0
3.0999763185E9	58.525890219250506
3.0999787225E9	0.0
3.099980804E9	0.0
3.099982934E9	0.0
3.0999846185E9	0.0
3.0999859675E9	59.49097237328693
3.099987108E9	0.0
3.0999883185E9	53.56294964028777
3.099989888E9	13.958549222797927
3.0999934275E9	55.68658664415269
3.099997199E9	46.63831138445083
3.0999989405E9	0.0
3.100000503E9	6.73767258382643
3.100002242E9	49.5417354008578
3.100004537E9	57.7194347063979
3.100007437E9	51.95413468078904
3.1000093805E9	0.0
3.1000104305E9	58.032786885245905
3.100011833E9	47.423611111111114
3.1000136915E9	58.45050215208035
3.1000154645E9	23.530590717299578
3.100017134E9	55.48672566371681
3.1000187915E9	0.0
3.100020568E9	58.818474758324385
3.1000221625E9	0.0
3.1000236955E9	50.72921265636497
3.1000264625E9	20.62443539429841
3.100029677E9	57.215235357527845
3.100031578E9	0.0
3.1000326205E9	0.0
3.100033658E9	0.0
3.100035464E9	42.64068257502611
3.1000409715E9	42.824022637996514
3.1000479435E9	6.26178114224565
3.100051797E9	48.1286003225889
3.100053416E9	0.0
3.10005829E9	53.82116849922839
3.1000639665E9	29.20460243860553
3.1000665115E9	3.4661389621811787
3.100068816E9	0.0
3.100070957E9	35.56634837010208
3.1000725955E9	0.0
3.10007379E9	21.936901145127365
3.1000757855E9	58.67020993887856
3.1000785755E9	58.89846281105673
3.1000897445E9	57.211520681265206
3.1001009405E9	51.4903090623363
3.1001076425E9	58.74385772367863
3.1001174535E9	0.0
3.10012562E9	58.15058922635998
3.1001304845E9	54.88568525339769
3.1001326025E9	55.18394648829432
3.100134138E9	16.67237827715356
3.100136976E9	58.481693648816936
3.1001412695E9	56.59340790099952
3.1001454075E9	0.0
3.1001489115E9	0.0
3.1001523505E9	0.0
3.1001553555E9	31.569979716024342
3.1001569595E9	59.47690425206485
3.1001596515E9	54.89771374882556
3.100164687E9	0.0
3.100169456E9	59.11979251094181
3.100173756E9	55.725556757563325
3.100178605E9	0.0
3.100182461E9	58.17634238161284
3.1001845245E9	14.881111407961528
3.100186698E9	58.75683233761281
3.1001901715E9	57.560286132896664
3.1001926785E9	40.61491628614916
3.1001942255E9	0.0
3.100196577E9	57.434073560027755
3.100199826E9	58.96192307692308
3.1002050385E9	0.0
3.1002116325E9	58.00288976928455
3.100215983E9	56.95362411802437
3.100218536E9	0.0
3.1002222875E9	0.0
3.100226716E9	0.0
3.100230998E9	56.57104876016945
3.10023432E9	58.972984120437204
3.100237109E9	30.75544814025889
3.100241596E9	58.65436605198658
3.1002465235E9	59.420324427480914
3.100249222E9	56.2032598274209
3.1002504975E9	57.74438357541338
3.1002526125E9	57.32923076923077
3.1002555955E9	58.05230276583053
3.1002585615E9	58.643380170195925
3.1002608765E9	58.736971183323114
3.100264232E9	0.0
3.1002683515E9	0.0
3.1002730005E9	58.33450576863112
3.100276567E9	55.970651704790676
3.1002785615E9	57.215241014210086
3.1002805655E9	32.49635717458907
3.1002818545E9	59.26372155287818
3.100283864E9	59.08501314636284
3.100286221E9	0.0
3.1002886105E9	2.1277609354699005
3.100297238E9	0.0
3.100308266E9	0.0
3.1003148695E9	0.0
3.1003201675E9	59.07909462576799
3.100323191E9	55.256723716381416
3.100327556E9	58.537581221097
3.1003361335E9	56.489001819247946
3.100341505E9	38.41391283524904
3.100343284E9	57.19842744817727
3.1003451525E9	55.40112399016509
3.10034797E9	58.61888790820829
3.1003522945E9	58.425284512617516
3.1003595775E9	58.21115280113857
3.100367519E9	57.71591079179763
3.1003726985E9	58.376898655970194
3.1003758895E9	59.37664754225462
3.1003787135E9	0.0
3.1003813635E9	0.0
3.100384543E9	58.81723922548407
3.100388122E9	30.33920445541192
3.100390936E9	57.29574721350503
3.1003962175E9	58.19996938960081
3.1004020815E9	58.688306283811905
3.1004062135E9	50.770654877037856
3.100409423E9	46.87973273942094
3.1004119315E9	59.142519994755474
3.100414125E9	58.751318691857676
3.100417918E9	58.11311495522022
3.100423028E9	57.22593566153461
3.1004269835E9	58.615509597753174
3.1004299135E9	0.0
3.100431937E9	0.0
3.100433132E9	0.0
3.100434876E9	0.0
3.1004377605E9	55.29229005791506
3.1004408225E9	58.721311475409834
3.1004441155E9	0.0
3.1004490815E9	58.09690902159025
3.100453243E9	0.0
3.1004556705E9	0.0
3.1004587745E9	58.7819976576878
3.100461398E9	58.265306122448976
3.100462798E9	12.255813953488373
3.1004649905E9	57.90323531145029
3.100471036E9	0.0
3.1004779445E9	58.064036777750225
3.1004820575E9	57.29622512861836
3.100486718E9	58.67013337185228
3.1004910255E9	0.0
3.10049749E9	0.0
3.1005038655E9	0.0
3.1005113075E9	0.0
3.100520375E9	58.529212803076156
3.100524579E9	58.864693671155585
3.100528576E9	57.47238612911665
3.100533401E9	58.75406514901103
3.1005371995E9	56.32926007889926
3.100540127E9	0.0
3.100544135E9	57.6221066019193
3.1005486665E9	57.173951828724356
3.1005512115E9	55.08175616197183
3.100552639E9	52.279226785053645
3.1005539095E9	55.46511627906977
3.1005560785E9	57.87434743474348
3.100558656E9	57.18055726790778
3.100561947E9	0.0
3.10056789E9	0.0
3.100573138E9	0.0
3.100576513E9	59.17895575926664
3.100580371E9	58.429405772495755
3.100591292E9	13.298336081775354
3.100602639E9	0.0
3.100606305E9	58.931583880037486
3.100608874E9	57.25020449254389
3.1006116575E9	58.02024669177349
3.1006156585E9	58.68337094389542
3.100620518E9	58.61898171033119
3.1006254325E9	58.5056805008115
3.1006312815E9	0.0
3.1006367155E9	38.32681951646155
3.100640534E9	58.84332023575639
3.100643878E9	56.00765910040384
3.100647993E9	58.1505124977522
3.1006508345E9	58.792792792792795
3.100653317E9	58.41747022121384
3.1006563755E9	56.184625983121876
3.1006598935E9	59.09521333369824
3.1006649805E9	58.970168296980376
3.1006712605E9	58.90604205483098
3.1006757165E9	56.41836035624572
3.100677201E9	19.24412832799708
3.10067847E9	0.0
3.100683289E9	58.33158059017023
3.1006885805E9	58.39827846923345
3.100691006E9	58.22945965951147
3.1006942785E9	0.0
3.1006969395E9	0.0
3.1006991355E9	47.701666391078284
3.1007016905E9	54.92084006462036
3.100704182E9	0.0
3.100706833E9	40.5698455251511
3.100708945E9	0.0
3.100712266E9	0.0
3.10071577E9	56.46708945901797
3.100717503E9	55.80078125
3.100719116E9	59.34855467113532
3.1007206285E9	0.0
3.1007221265E9	0.0
3.100724699E9	58.549682720170196
3.1007268945E9	0.0
3.1007289465E9	0.0
3.1007309285E9	0.0
3.1007330965E9	58.73546651292399
3.1007392415E9	0.0
3.1007470865E9	58.08698550241626
3.1007528755E9	0.0
3.1007561985E9	53.82127485140398
3.1007588475E9	57.47911669837069
3.100761762E9	45.80896686159844
3.1007635275E9	0.0
3.100764747E9	40.4391510498984
3.1007667445E9	49.135332699143845
3.1007691425E9	57.3599592114208
3.100772442E9	0.0
3.100775528E9	51.17513882956002
3.100781116E9	59.25338928340865
3.10079114E9	58.79606301649695
3.100797975E9	46.82368775235532
3.1008007345E9	58.87505132065143
3.100804877E9	57.227608651434
3.100809349E9	0.0
3.1008114985E9	60.0
3.1008137425E9	10.140120827417244
3.1008164375E9	19.92786550039759
3.100825815E9	34.2064597465239
3.100837982E9	13.827658406683877
3.100842972E9	49.720213769254954
3.1008451085E9	57.75346687211094
3.10084822E9	55.54110912343471
3.1008510465E9	53.463035019455255
3.100852321E9	0.0
3.1008571395E9	58.49726648287463
3.1008619615E9	0.0
3.1008648315E9	58.55839341931553
3.100868278E9	58.10566221142163
3.100873156E9	53.571598496661466
3.1008795525E9	47.58014247551202
3.100884274E9	38.786085549323204
3.10088846E9	21.684096554359595
3.1008916615E9	25.2863436123348
3.10089384E9	38.33017077798861
3.1008970555E9	57.444502440595855
3.1008998325E9	30.413956978489246
3.100902708E9	43.21157269644087
3.1009063655E9	41.683358013441165
3.1009089965E9	44.03235503264594
3.1009125255E9	37.49470864230422
3.1009156975E9	53.64422212903612
3.100917935E9	41.12231551751978
3.1009210515E9	49.199690210656755
3.1009240305E9	42.16177081889982
3.100926116E9	43.24528421721181
3.1009275335E9	6.5340699815837935
3.100928649E9	39.683198910652564
3.1009304855E9	43.86768073274452
3.100935775E9	58.986398360350286
3.1009404825E9	0.0
3.1009433075E9	23.727049186290987
3.100962012E9	10.089392266652801
3.100979643E9	1.9513919879166524
3.1009826315E9	44.34233427181981
3.100986095E9	56.291404772855024
3.100988659E9	59.54716981132076
3.1009913515E9	49.31186889587816
3.100994484E9	36.606858155130965
3.100999235E9	52.239474261552886
3.1010045095E9	52.36353658014221
3.101007663E9	57.29378486055777
3.101009454E9	56.98654708520179
3.1010139635E9	0.0
3.10102777E9	0.0
3.101038557E9	56.562942008486566
3.1010399745E9	0.0
3.10104147E9	0.0
3.101043057E9	0.0
3.101044461E9	0.0
3.101046252E9	53.97663349199481
3.101048543E9	59.00028481913984
3.101051444E9	58.19071439737377
3.101053714E9	0.0
3.101055658E9	58.925956061838896
3.1010593945E9	56.880093131548314
3.1010636115E9	59.32273334142493
3.101066684E9	0.0
3.101069485E9	0.0
3.10107171E9	0.0
3.1010747125E9	0.0
3.101082788E9	0.0
3.1010891985E9	0.0
3.101090371E9	0.0
3.101091454E9	0.0
3.1010926105E9	0.0
3.101093789E9	0.0
3.101094954E9	0.0
3.1010960955E9	0.0
3.1010976565E9	0.0
3.1010992105E9	15.0
3.1011004015E9	0.0
3.101103073E9	58.364717948717946
3.101108811E9	0.0
3.1011134185E9	28.389599317988065
3.1011171035E9	57.59542354804305
3.1011208445E9	42.32651545835021
3.1011223705E9	58.79273679044659
3.1011236055E9	58.56086564472498
3.101126918E9	59.274561282299295
3.101130602E9	15.535630120076311
3.1011321595E9	0.0
3.101133927E9	0.0
3.1011356635E9	57.875
3.1011368845E9	49.73854796888505
3.1011381815E9	0.0
3.10113931E9	57.47700394218134
3.1011404165E9	0.0
3.101141667E9	58.853598014888334
3.101143503E9	47.731929152704645
3.1011454715E9	57.59392148585901
3.101147397E9	59.0960286696409
3.1011501335E9	2.7738970588235294
3.101157518E9	56.301875258157786
3.1011645045E9	57.50747952327235
3.1011668885E9	22.278830800927118
3.1011686545E9	16.80199667221298
3.1011709785E9	54.75451377890402
3.101173445E9	0.0
3.101205684E9	38.0221196892577
3.1012403025E9	55.27246996588718
3.1012453615E9	50.32330883268967
3.1012505225E9	53.95455793979915
3.1012614495E9	38.53494171479656
3.1012739195E9	39.74492197063811
3.101281912E9	55.99224860335195
3.1012871705E9	53.707348099371444
3.101295694E9	47.244518992633175
3.1013044905E9	50.356012353919425
3.1013083555E9	50.271743785494834
3.1013114625E9	52.643366498492064
3.101316135E9	36.27797125619267
3.1013198035E9	39.876457725947525
3.101320917E9	0.0
3.101322018E9	59.04899135446686
3.1013238925E9	24.670478541957703
3.101326703E9	18.520870713961788
3.1013294495E9	9.817554094970829
3.1013318685E9	4.704791021023536
3.1013343305E9	0.9410399656209713
3.101336736E9	28.628555389221557
3.101339303E9	18.56869244935543
3.101342702E9	46.48342356826701
3.101345195E9	57.8755980861244
3.1013472335E9	50.808349146110054
3.101349218E9	0.0
3.1013517465E9	54.947671627460394
3.101354867E9	45.6
3.1013568785E9	45.64568345323741
3.101370363E9	57.13258860142134
3.1013921985E9	58.4355223488273
3.1014090845E9	56.86384272742848
3.101423574E9	57.81788003721195
3.101436092E9	1.8675496688741722
3.1014467775E9	57.57562958661106
3.10145676E9	57.47542626300881
3.1014665925E9	57.81452634577471
3.101476343E9	57.684306878240534
3.1014858855E9	54.098972019412656
3.1014950245E9	0.0
3.101503724E9	0.0
3.1015121195E9	39.93694751842533
3.101520406E9	0.0
3.101528602E9	59.0481297761094
3.101536693E9	58.92021520623931
3.1015446345E9	56.22902262235498
3.1015524055E9	58.94754305741334
3.1015601115E9	0.0
3.101567702E9	58.00955989796171
3.1015751255E9	0.0
3.1015823905E9	56.86251877869702
3.101589504E9	33.70915556312649
3.101596546E9	0.0
3.101603554E9	0.0
3.1016105495E9	55.430807764558544
3.101617536E9	52.96306306306306
3.101624424E9	0.0
3.101631085E9	55.239612878082575
3.1016374705E9	56.046795445576954
3.1016435565E9	58.23531925196907
3.1016494765E9	0.0
3.1016553825E9	57.22324239244491
3.101661271E9	0.0
3.1016671275E9	0.0
3.101672916E9	0.0
3.101678576E9	0.0
3.101684071E9	0.0
3.1016894025E9	0.0
3.1016946505E9	58.419739709976945
3.1016998325E9	59.25695504167156
3.1017049205E9	0.0
3.101709929E9	0.0
3.101714835E9	58.4378608613346
3.1017196755E9	58.84882243721294
3.101724499E9	58.089921728050484
3.101729313E9	0.0
3.1017340725E9	58.426260138434756
3.1017387675E9	0.0
3.10174343E9	58.37435027377188
3.1017480095E9	0.0
3.101752486E9	48.89522805752403
3.1017569135E9	59.232497839239414
3.101761326E9	58.78630385402742
3.1017657265E9	0.0
3.101770102E9	0.0
3.101774441E9	0.0
3.1017787455E9	56.909981755046786
3.1017830115E9	58.66954610311982
3.1017872465E9	57.89312842732381
3.1017914715E9	57.106470858191834
3.1017956905E9	0.0
3.1017999035E9	57.9326423313805
3.1018041115E9	55.9181268054062
3.1018082655E9	0.0
3.101812367E9	58.53403479327373
3.101816459E9	0.0
3.101820484E9	53.558361474086034
3.101824445E9	0.0
3.101828395E9	0.0
3.1018323325E9	52.78618855414353
3.101836262E9	41.614950634696754
3.1018401885E9	0.0
3.10184411E9	46.160727223710595
3.1018480235E9	0.0
3.1018519235E9	0.0
3.1018558145E9	53.645641240569994
3.101859689E9	0.0
3.1018635415E9	58.68885376169522
3.101867382E9	0.0
3.1018712145E9	0.0
3.1018750435E9	0.0
3.10187887E9	0.0
3.101882693E9	0.0
3.101886508E9	0.0
3.101890313E9	0.0
3.101894113E9	52.95564608413054
3.101897881E9	0.0
3.1019016E9	58.88497135301895
3.1019052995E9	51.47610241820768
3.1019089945E9	0.0
3.1019126835E9	57.73375565279481
3.101916365E9	56.0385557470743
3.1019200355E9	0.0
3.101923674E9	0.0
3.101927286E9	49.75605095541401
3.1019308945E9	57.29269770050477
3.1019344895E9	56.363566512995256
3.101938072E9	20.02320987654321
3.101941634E9	28.441558441558442
3.1019451695E9	0.0
3.101948697E9	1.8178930651138168
3.1019522085E9	56.7394848386045
3.101955703E9	0.0
3.1019591915E9	58.75122589081399
3.101962651E9	58.65008035235998
3.101966064E9	53.19659936238045
3.1019694465E9	0.0
3.101972819E9	0.0
3.101976185E9	58.02384893422964
3.101979541E9	46.7959236105164
3.1019828865E9	54.307124149756
3.1019862165E9	59.23012048192771
3.1019895175E9	58.98454549503407
3.1019927975E9	59.23084843492587
3.1019960665E9	55.84587867044269
3.1019993255E9	57.603887682690484
3.102002581E9	56.286505900461776
3.102005831E9	0.0
3.1020090695E9	0.0
3.1020122965E9	0.0
3.1020155165E9	0.0
3.1020187305E9	53.0299358974359
3.1020219335E9	58.63800515907137
3.102025125E9	57.84833091436865
3.102028308E9	53.667029012669616
3.1020314845E9	44.514659599138646
3.102034659E9	0.0
3.1020378305E9	55.546396544181974
3.1020409985E9	0.0
3.102044163E9	0.0
3.102047316E9	0.9817170111287759
3.102050456E9	58.61015785861359
3.1020535825E9	56.426086956521736
3.1020566935E9	51.295217726892645
3.102059793E9	51.60799546356677
3.102062879E9	57.329541513491016
3.102065945E9	0.0
3.102068997E9	0.0
3.10207203E9	43.42476444275245
3.1020750435E9	56.797966963151204
3.102078054E9	0.0
3.102081057E9	0.0
3.102084054E9	56.6887801602149
3.102087044E9	57.571138399039796
3.102090025E9	55.5364824120603
3.102092998E9	0.0
3.102095965E9	0.0
3.1020989315E9	0.0
3.1021018915E9	47.76235481667046
3.1021048445E9	55.89547940329418
3.1021077875E9	58.01354763717985
3.1021107135E9	43.01231422505308
3.10211362E9	56.94428066037736
3.102116511E9	57.37877159626353
3.102119394E9	55.77095017147468
3.1021222725E9	58.936019293516814
3.1021251475E9	37.31435771517188
3.1021280175E9	58.68200836820084
3.1021308845E9	0.0
3.10213375E9	57.25255972696246
3.1021366145E9	58.47247902147632
3.102139476E9	57.25336322869955
3.1021423325E9	43.66450028526778
3.1021451745E9	0.0
3.1021480035E9	0.0
3.1021508295E9	58.781273203329555
3.102153651E9	59.3402008084496
3.102156467E9	41.404608294930874
3.102159278E9	0.0
3.1021620835E9	0.0
3.10216488E9	0.0
3.102167667E9	59.06021801248809
3.1021704475E9	53.429678669465524
3.102173225E9	0.0
3.1021759985E9	0.0
3.102178768E9	0.0
3.102181536E9	41.893948050806486
3.102184301E9	58.13100221620291
3.102187055E9	58.71219512195122
3.1021897985E9	56.73791478902089
3.1021925375E9	59.237424393231755
3.10219527E9	49.84921379957756
3.1021979975E9	0.0
3.10220072E9	45.75825615118346
3.102203437E9	56.25325238508239
3.1022061485E9	0.0
3.1022088545E9	0.0
3.1022115525E9	0.0
3.102214244E9	56.24583747151954
3.1022169345E9	52.30415335463259
3.102219623E9	59.44578313253012
3.102222305E9	0.0
3.1022249775E9	55.59887323943662
3.1022276455E9	58.09246399176955
3.102230311E9	58.546402304951094
3.10223297E9	0.0
3.1022356195E9	0.0
3.1022382625E9	56.71140638326525
3.1022408995E9	58.350847034685444
3.1022435315E9	0.0
3.1022461615E9	57.12325720175772
3.102248787E9	0.0
3.1022514095E9	0.0
3.10225403E9	53.7795831861533
3.102256642E9	58.44447414138715
3.102259246E9	53.54274661508704
3.102261848E9	58.53243066171653
3.1022644475E9	0.0
3.102267045E9	0.0
3.1022696415E9	0.0
3.1022722365E9	55.023068309070545
3.1022748265E9	0.0
3.102277412E9	46.94568121104185
3.102279996E9	56.095329145042335
3.1022825765E9	58.80649981322376
3.10228515E9	55.13604904093336
3.102287719E9	55.226301369863016
3.102290279E9	0.0
3.1022928285E9	0.0
3.1022953765E9	0.0
3.1022979235E9	50.77869864221478
3.102300469E9	54.0239008646937
3.1023030085E9	36.149064171122994
3.102305542E9	57.479279402698815
3.1023080695E9	56.96314300866184
3.1023105915E9	36.421636555936885
3.10231311E9	58.886610313609765
3.102315624E9	0.0
3.102318134E9	0.0
3.1023206395E9	0.0
3.10232314E9	58.73865265169613
3.102325624E9	0.0
3.102328092E9	0.0
3.1023305565E9	0.0
3.102333018E9	0.0
3.102335476E9	49.62471461187214
3.1023379295E9	0.0
3.102340372E9	0.0
3.1023428065E9	49.48885976408912
3.1023452395E9	56.219629987369046
3.102347669E9	35.355555555555554
3.102350093E9	51.808587580014965
3.1023525135E9	58.60100922220289
3.1023549305E9	58.3458816869516
3.1023573395E9	59.20610211706102
3.102359743E9	0.0
3.1023621455E9	57.42300296242399
3.102364545E9	59.07009510390983
3.102366941E9	0.0
3.1023693355E9	55.72909248388028
3.1023717265E9	0.0
3.1023741115E9	58.78375592661307
3.102376493E9	43.9365179132621
3.1023788735E9	0.0
3.1023812475E9	0.0
3.1023836135E9	58.69109947643979
3.102385977E9	57.74911389685913
3.1023883325E9	0.0
3.102390676E9	55.75043218607575
3.102393013E9	0.0
3.1023953465E9	0.0
3.102397678E9	48.50895839659885
3.1024000085E9	0.0
3.102402335E9	0.0
3.102404656E9	51.77025474426528
3.1024069725E9	57.65513126491647
3.1024092835E9	58.027218290691344
3.1024115905E9	35.52770398481974
3.1024138915E9	58.37094972067039
3.102416183E9	57.41225229892501
3.102418466E9	58.670947030497594
3.1024207435E9	38.30512277730737
3.102423018E9	3.764485981308411
3.1024252855E9	0.0
3.1024275435E9	0.0
3.1024297965E9	46.58127055565172
3.102432045E9	0.0
3.102434287E9	58.8666285060103
3.102436518E9	38.09039415785039
3.1024387395E9	53.308310285789545
3.1024409585E9	59.26242650988776
3.102443175E9	0.0
3.102445389E9	59.03472931562819
3.102447597E9	53.23410358565737
3.1024497985E9	0.0
3.102451997E9	58.49431305289764
3.1024541925E9	58.95414929897689
3.102456381E9	0.0
3.102458562E9	59.01934322986955
3.10246074E9	57.789004457652304
3.102462917E9	56.5004329004329
3.102465094E9	58.44047991001687
3.1024672665E9	0.0
3.1024694305E9	42.55370286916028
3.102471588E9	0.0
3.1024737375E9	0.0
3.102475881E9	59.658
3.1024780205E9	53.229061712846345
3.1024801555E9	0.0
3.102482287E9	0.0
3.1024844155E9	58.66489915727677
3.102486542E9	56.88255716509039
3.102488667E9	0.0
3.1024907905E9	0.0
3.102492907E9	27.446375074895148
3.1024950155E9	58.55169929146151
3.1024971155E9	54.872493673350206
3.102499209E9	55.93857320838524
3.1025012995E9	0.0
3.1025033865E9	0.0
3.1025054725E9	59.37124493502864
3.1025075575E9	0.0
3.1025096395E9	0.0
3.102511719E9	54.47174447174447
3.1025137965E9	58.463257893266274
3.10251587E9	54.62092905527565
3.1025179385E9	58.3710407239819
3.102520002E9	57.773434324773696
3.10252206E9	0.0
3.102524114E9	59.156935346055256
3.1025261605E9	58.80987550116058
3.1025281985E9	57.82913528953519
3.102530234E9	0.0
3.1025322685E9	56.519946731515255
3.1025343015E9	48.213152886445336
3.102536332E9	0.0
3.102538359E9	0.0
3.102540382E9	49.327672789744945
3.1025424015E9	0.0
3.102544418E9	0.0
3.10254643E9	58.39506172839506
3.102548438E9	0.0
3.102550444E9	58.77383300460224
3.102552448E9	0.0
3.10255445E9	0.0
3.102556451E9	53.82015409570154
3.1025584515E9	0.0
3.1025604495E9	22.948964123294594
3.1025624435E9	45.8465761340653
3.102564432E9	57.282479141835516
3.102566415E9	59.62307252998286
3.102568394E9	56.97204968944099
3.102570368E9	58.588235294117645
3.1025723375E9	58.25840707964602
3.1025743025E9	53.54783974862529
3.102576264E9	57.35042735042735
3.1025782245E9	27.375594294770206
3.1025801845E9	55.579461147989065
3.1025821415E9	58.2469609724888
3.1025840945E9	0.0
3.102586044E9	58.33876221498371
3.1025879895E9	59.25925925925926
3.102589933E9	57.949514563106796
3.102591875E9	0.0
3.102593814E9	0.0
3.1025957495E9	0.0
3.102597681E9	57.527045046089626
3.1025996075E9	0.0
3.1026015315E9	58.991901365889035
3.102603455E9	50.75839982020452
3.102605377E9	0.0
3.1026072965E9	0.0
3.102609213E9	0.0
3.102611128E9	0.0
3.1026130425E9	54.511758511758515
3.1026149555E9	0.0
3.1026168665E9	59.25943340778183
3.102618775E9	58.40177580466149
3.1026206805E9	0.0
3.102622581E9	55.79488999290277
3.102624475E9	57.409055453127216
3.1026263655E9	0.0
3.1026282545E9	58.76804619826756
3.1026301425E9	0.0
3.102632029E9	0.0
3.102633912E9	37.96865301055245
3.102635792E9	58.49813303830729
3.10263767E9	57.57884972170687
3.1026395465E9	59.068627450980394
3.1026414225E9	58.13405797101449
3.1026432975E9	0.0
3.1026451705E9	58.45360824742268
3.102647041E9	58.885500415858054
3.1026489085E9	0.0
3.102650774E9	0.0
3.102652639E9	22.37837837837838
3.102654504E9	0.0
3.1026563675E9	0.0
3.1026582295E9	56.1915262246023
3.10266009E9	0.0
3.1026619475E9	0.0
3.1026638035E9	0.0
3.1026656585E9	57.54213483146067
3.1026675105E9	58.13842482100239
3.10266936E9	32.024609559867486
3.102671209E9	59.19753086419753
3.102673057E9	59.233937397034595
3.1026749E9	55.52824578790882
3.1026767365E9	58.174442190669374
3.102678564E9	57.150361895867384
3.102680382E9	0.0
3.102682195E9	51.00922023182297
3.1026840045E9	57.64081506159448
3.1026858125E9	58.0505012996658
3.10268762E9	0.0
3.102689427E9	49.99202127659574
3.1026912315E9	57.80052102716785
3.102693033E9	54.094437577255874
3.1026948335E9	0.0
3.102696631E9	49.612862667201995
3.1026984255E9	13.858254105445116
3.1027002185E9	0.0
3.1027020085E9	0.0
3.1027037955E9	0.0
3.1027055795E9	0.0
3.1027073615E9	3.5818385650224216
3.102709143E9	0.0
3.102710924E9	53.124129308805145
3.102712704E9	58.09967730369308
3.102714482E9	0.0
3.1027162525E9	0.0
3.1027180155E9	54.94376190476191
3.102719774E9	56.686935866983376
3.102721526E9	0.0
3.102723274E9	2.9222560975609757
3.1027250205E9	0.0
3.102726766E9	0.0
3.1027285105E9	20.534276206322794
3.1027302535E9	50.88990030342436
3.1027319945E9	0.0
3.1027337345E9	0.0
3.1027354725E9	0.0
3.102737208E9	56.579590786256595
3.1027389415E9	59.27404148334381
3.1027406735E9	0.0
3.1027424045E9	59.479185119574844
3.102744133E9	56.42761841227485
3.1027458575E9	55.436540489862885
3.1027475775E9	0.0
3.1027492945E9	59.50372208436725
3.1027510075E9	0.0
3.1027527165E9	48.74844848986347
3.102754424E9	59.004392386530014
3.1027561305E9	59.36842105263158
3.102757836E9	0.0
3.1027595405E9	53.97299975229131
3.102761242E9	0.0
3.1027629405E9	58.91374248567035
3.102764638E9	32.99178515007899
3.102766335E9	58.98795574690719
3.102768031E9	58.694012258368694
3.102769726E9	0.0
3.10277142E9	0.0
3.10277311E9	0.0
3.1027747965E9	37.95109501070311
3.1027764795E9	0.0
3.102778159E9	0.9725490196078431
3.102779838E9	57.806215722120655
3.1027815165E9	55.33036411221819
3.1027831925E9	59.24851680949242
3.1027848665E9	0.0
3.102786539E9	0.0
3.102788209E9	0.0
3.102789876E9	54.46246246246246
3.10279154E9	3.927670052323792
3.1027932E9	59.19969512195122
3.102794855E9	0.0
3.1027965075E9	0.0
3.1027981585E9	0.0
3.102799808E9	58.00806701830593
3.102801457E9	59.28615009151922
3.1028031015E9	57.96705222572731
3.1028047405E9	0.0
3.1028063775E9	0.0
3.1028080115E9	59.23036373220875
3.102809643E9	0.0
3.1028112735E9	0.0
3.102812902E9	0.0
3.1028145275E9	59.18518518518518
3.102816148E9	0.9845679012345679
3.1028177645E9	59.04167271671265
3.10281938E9	0.0
3.102820993E9	57.57424507112553
3.102822604E9	55.34139224676949
3.1028242125E9	0.0
3.102825818E9	56.945962829923474
3.102827423E9	0.0
3.1028290255E9	58.61010653895025
3.1028306245E9	0.0
3.1028322225E9	58.63080684596577
3.10283382E9	0.0
3.1028354165E9	57.59398496240601
3.102837012E9	0.0
3.1028386055E9	43.54679802955665
3.102840196E9	0.0
3.102841783E9	0.0
3.102843365E9	0.0
3.1028449435E9	39.0
3.102846521E9	0.0
3.102848098E9	0.0
3.102849675E9	44.74285090591574
3.1028512515E9	57.1608832807571
3.102852827E9	0.0
3.1028544015E9	59.34691338827554
3.1028559745E9	58.28132992327366
3.102857546E9	0.0
3.102859113E9	0.0
3.102860675E9	0.9568788501026694
3.102862236E9	57.37539178654665
3.1028637965E9	59.45205479452055
3.1028653565E9	0.0
3.1028669135E9	57.21789739483895
3.1028684665E9	0.0
3.1028700165E9	0.0
3.1028715635E9	0.0
3.102873107E9	0.0
3.1028746455E9	58.81082558775287
3.10287618E9	53.78188214599824
3.1028777125E9	46.500834167500834
3.1028792445E9	58.66579463701766
3.1028807755E9	0.0
3.102882304E9	54.23580786026201
3.1028838305E9	58.025876103161686
3.1028853555E9	0.0
3.102886879E9	52.23656335817968
3.102888402E9	0.0
3.1028899245E9	0.9865470852017937
3.1028914465E9	59.14961709909704
3.102892967E9	58.06080996884735
3.102894483E9	0.0
3.1028959935E9	0.0
3.1028975015E9	0.0
3.102899008E9	0.0
3.102900512E9	0.0
3.1029020115E9	58.55873015873016
3.102903505E9	0.0
3.1029049955E9	56.72802317161477
3.1029064855E9	57.786391042205
3.102907974E9	20.600760456273765
3.1029094605E9	59.152086137281294
3.102910946E9	58.76177427641719
3.1029124305E9	28.0727886977887
3.102913914E9	50.71472610860801
3.102915395E9	0.0
3.102916874E9	0.0
3.1029183515E9	59.39838513905747
3.102919827E9	45.019301731478855
3.1029213005E9	0.0
3.102922771E9	54.658100195185426
3.1029242395E9	0.0
3.102925707E9	58.90127388535032
3.102927173E9	58.795070743952536
3.1029286375E9	58.70680044593088
3.102930101E9	0.0
3.102931564E9	0.0
3.102933025E9	58.61089739106106
3.102934484E9	0.0
3.1029359425E9	51.62094763092269
3.1029374005E9	58.46428055996536
3.1029388565E9	58.7535953978907
3.102940308E9	0.0
3.102941757E9	0.0
3.1029432055E9	53.08543531326281
3.1029446525E9	0.0
3.1029460965E9	55.131761442441054
3.102947538E9	54.86186324001836
3.1029489785E9	0.0
3.102950418E9	0.0
3.102951856E9	0.0
3.1029532925E9	59.10491562729273
3.102954725E9	47.792472024415055
3.102956154E9	0.0
3.102957582E9	0.0
3.1029590085E9	0.0
3.102960434E9	56.085661608282514
3.1029618585E9	58.88388838883888
3.1029632825E9	0.0
3.102964706E9	0.0
3.102966129E9	59.62852263023057
3.102967552E9	58.1578947368421
3.1029689705E9	0.0
3.1029703845E9	0.0
3.102971798E9	0.0
3.102973211E9	47.147651006711406
3.1029746225E9	0.0
3.102976032E9	0.0
3.102977441E9	0.0
3.1029788485E9	58.775510204081634
3.102980254E9	59.554853985793216
3.102981659E9	0.0
3.1029830635E9	0.0
3.1029844675E9	23.74024844720497
3.1029858705E9	42.65811965811966
3.1029872725E9	50.49938499384994
3.1029886745E9	41.92828882294758
3.1029900765E9	0.0
3.1029914775E9	45.585585585585584
3.1029928765E9	59.35437589670014
3.1029942735E9	0.0
3.102995669E9	0.0
3.1029970635E9	11.217275747508305
3.102998457E9	56.95435092724679
3.102999849E9	0.0
3.103001239E9	0.0
3.103002628E9	59.25108017282765
3.1030040165E9	59.19567567567567
3.103005404E9	0.0
3.1030067895E9	58.387784203438166
3.103008172E9	57.30058831577507
3.103009553E9	0.8755656108597285
3.103010933E9	53.38775510204081
3.103012311E9	0.0
3.1030136875E9	58.62638659428841
3.1030150635E9	59.358500527983104
3.103016439E9	56.62565905096661
3.1030178135E9	0.0
3.1030191865E9	58.70467616904226
3.103020558E9	47.95470451010886
3.1030219285E9	0.0
3.1030232985E9	0.0
3.1030246665E9	0.0
3.103026031E9	57.41158765989466
3.1030273925E9	55.67289719626168
3.1030287505E9	0.0
3.103030106E9	0.0
3.103031461E9	60.0
3.1030328145E9	0.0
3.103034163E9	52.40168788865857
3.1030355075E9	0.0
3.1030368515E9	50.45544554455446
3.1030381945E9	58.966521106259094
3.1030395365E9	57.0355022958898
3.1030408755E9	59.164276935682096
3.1030422105E9	0.0
3.1030435445E9	0.0
3.103044878E9	42.436803519061584
3.1030462105E9	49.037582024259294
3.1030475405E9	53.37585812356979
3.1030488685E9	58.83656509695291
3.1030501965E9	56.879689521345405
3.103051524E9	59.176697159364466
3.10305285E9	58.706624605678236
3.1030541735E9	0.0
3.1030554945E9	0.0
3.103056814E9	54.909253246753245
3.1030581325E9	0.0
3.103059449E9	56.72974413646055
3.1030607635E9	0.0
3.103062077E9	58.1390977443609
3.10306339E9	50.578856152513
3.1030647025E9	59.004608294930875
3.1030660135E9	13.339233038348082
3.103067323E9	55.438838977194195
3.103068632E9	0.0
3.10306994E9	58.47657960017511
3.103071247E9	47.873118279569894
3.103072553E9	0.0
3.1030738575E9	0.0
3.103075161E9	52.41456582633053
3.1030764635E9	56.658132130538604
3.1030777655E9	0.0
3.103079067E9	51.393264351150066
3.103080368E9	0.0
3.1030816685E9	58.7945755901557
3.103082968E9	26.91660251475494
3.103084266E9	46.679867986798676
3.103085562E9	0.0
3.1030868565E9	0.0
3.10308815E9	55.96341463414634
3.103089442E9	0.0
3.103090733E9	47.62402033467486
3.103092023E9	57.4446764091858
3.1030933115E9	0.0
3.1030945995E9	21.723913459697492
3.103095887E9	0.0
3.103097174E9	0.0
3.103098461E9	0.0
3.1030997475E9	0.0
3.103101032E9	0.0
3.103102314E9	58.68421052631579
3.103103593E9	56.028622540250446
3.1031048685E9	0.0
3.1031061405E9	0.0
3.103107409E9	58.54348826507133
3.1031086755E9	59.09497996700448
3.1031099385E9	0.0
3.103111198E9	3.7898343803540833
3.1031124565E9	0.0
3.1031137145E9	0.0
3.1031149725E9	53.83169934640523
3.1031162295E9	8.858638743455497
3.103117485E9	0.0
3.1031187395E9	58.17762640817396
3.1031199935E9	0.0
3.103121247E9	0.0
3.1031224985E9	0.0
3.103123748E9	0.0
3.1031249965E9	0.0
3.1031262445E9	24.854625550660792
3.103127492E9	56.53568564554932
3.1031287365E9	0.0
3.1031299785E9	42.74818401937046
3.10313122E9	54.420570623458964
3.103132461E9	0.0
3.103133702E9	59.03303787268332
3.103134942E9	52.110572259941804
3.1031361805E9	0.0
3.103137418E9	0.0
3.1031386545E9	0.0
3.10313989E9	0.0
3.1031411245E9	0.0
3.1031423585E9	0.0
3.1031435925E9	57.914478619654915
3.103144826E9	46.564784053156146
3.1031460585E9	0.0
3.1031472905E9	0.0
3.103148522E9	0.0
3.1031497525E9	41.06935888660735
3.1031509815E9	33.29747899159664
3.103152209E9	54.285714285714285
3.103153436E9	52.35395858708892
3.1031546625E9	43.54511834319526
3.1031558875E9	0.0
3.1031571115E9	0.0
3.1031583335E9	0.0
3.1031595535E9	49.221601489757916
3.103160773E9	59.458572600492204
3.103161991E9	59.013968775677895
3.1031632075E9	50.53751030502885
3.103164423E9	0.0
3.1031656375E9	58.79194630872483
3.1031668515E9	57.49204251996877
3.1031680655E9	46.56950495049505
3.103169279E9	0.0
3.1031704915E9	58.53347502656748
3.103171702E9	57.96123835892273
3.1031729105E9	58.66422210581456
3.103174118E9	56.738461538461536
3.103175325E9	58.014477766287484
3.103176532E9	0.0
3.1031777385E9	0.0
3.1031789445E9	52.574752763234436
3.10318015E9	0.0
3.103181355E9	0.0
3.1031825595E9	14.511627906976743
3.1031837635E9	0.0
3.1031849675E9	56.10494063577173
3.103186171E9	0.0
3.103187373E9	49.486138613861385
3.103188574E9	59.07736665064873
3.1031897745E9	59.01420959147425
3.1031909745E9	0.0
3.103192174E9	56.96705308114704
3.1031933725E9	0.0
3.10319457E9	0.0
3.1031957665E9	0.0
3.103196962E9	0.0
3.1031981565E9	58.4206008583691
3.1031993505E9	0.0
3.103200543E9	0.0
3.103201733E9	28.78580527752502
3.1032029205E9	0.0
3.1032041065E9	0.0
3.1032052915E9	51.5
3.103206475E9	0.0
3.103207658E9	58.62111801242236
3.1032088405E9	0.0
3.103210022E9	0.0
3.103211203E9	24.58795637743006
3.103212384E9	51.98502586441601
3.103213565E9	0.0
3.103214745E9	0.0
3.1032159235E9	59.08496732026144
3.1032171015E9	0.0
3.103218279E9	0.0
3.103219456E9	0.0
3.10322063E9	0.0
3.103221801E9	54.03488372093023
3.103222972E9	57.45406824146982
3.1032241425E9	0.0
3.1032253125E9	43.98207326578332
3.103226481E9	0.9782986111111112
3.103227648E9	34.94620646766169
3.103228815E9	58.77394636015325
3.103229981E9	0.0
3.103231146E9	0.0
3.1032323095E9	58.760757314974185
3.103233469E9	57.14985862393968
3.1032346255E9	0.0
3.1032357815E9	53.919844735565256
3.1032369365E9	58.01026849591785
3.1032380905E9	0.0
3.103239243E9	0.0
3.103240394E9	0.0
3.1032415445E9	45.21721721721722
3.1032426945E9	55.95933926302414
3.103243843E9	48.06097969577163
3.10324499E9	57.883597883597886
3.1032461365E9	57.17277486910995
3.1032472815E9	57.53859726510807
3.1032484255E9	24.160756501182032
3.103249569E9	55.041545025825286
3.1032507115E9	59.81072555205047
3.103251853E9	0.0
3.103252994E9	0.9836512261580381
3.1032541345E9	0.0
3.1032552735E9	38.30957446808511
3.1032564095E9	57.80392156862745
3.1032575435E9	0.0
3.1032586765E9	58.711409395973156
3.103259808E9	0.0
3.103260939E9	22.42760942760943
3.1032620695E9	0.0
3.103263198E9	0.0
3.1032643245E9	55.890008396305625
3.1032654495E9	57.57389453771577
3.1032665725E9	0.0
3.1032676945E9	0.0
3.103268816E9	44.91151202749141
3.103269936E9	59.366085578446906
3.103271055E9	0.0
3.103272174E9	58.8681204569055
3.103273293E9	57.75112443778111
3.1032744115E9	1.824742268041237
3.1032755285E9	56.353312302839115
3.1032766445E9	14.476754197158847
3.10327776E9	0.0
3.103278875E9	57.91252786446723
3.10327999E9	59.59966638865721
3.1032811045E9	0.0
3.103282218E9	59.5500899820036
3.103283331E9	59.292244175759365
3.1032844425E9	50.27146814404432
3.1032855525E9	60.0
3.103286662E9	58.01051709027169
3.1032877705E9	0.0
3.103288878E9	39.34966856060606
3.103289985E9	0.0
3.103291092E9	0.0
3.103292199E9	55.0019476427794
3.1032933055E9	0.0
3.10329441E9	55.855421686746986
3.103295513E9	55.36363636363637
3.103296616E9	55.425313568985175
3.1032977175E9	41.41010320478001
3.103298817E9	0.0
3.1032999155E9	59.29256594724221
3.103301013E9	0.0
3.1033021095E9	0.0
3.1033032055E9	2.9483870967741934
3.1033043005E9	55.74790794979079
3.103305394E9	0.0
3.1033064855E9	0.0
3.1033075745E9	57.752928647497335
3.103308662E9	57.35050597976081
3.1033097485E9	0.0
3.103310834E9	0.0
3.1033119185E9	0.0
3.1033130025E9	56.174428450465705
3.1033140865E9	0.0
3.1033151705E9	58.56858846918489
3.103316254E9	0.0
3.103317337E9	0.0
3.1033184195E9	0.0
3.1033195015E9	59.01066925315228
3.103320583E9	59.05555555555556
3.103321664E9	57.12909740562374
3.103322744E9	54.93650047036689
3.1033238215E9	42.37988826815643
3.1033248965E9	59.497206703910614
3.10332597E9	26.84527687296417
3.103327043E9	0.9512195121951219
3.103328115E9	56.165788744108674
3.103329185E9	0.0
3.103330253E9	0.0
3.10333132E9	0.0
3.103332387E9	59.14407988587732
3.1033334535E9	0.0
3.103334519E9	2.0
3.103335584E9	0.0
3.103336649E9	0.0
3.103337714E9	0.0
3.103338779E9	0.0
3.1033398435E9	58.81818181818182
3.1033409075E9	0.9210526315789473
3.1033419715E9	0.0
3.103343035E9	0.0
3.1033440975E9	0.0
3.1033451595E9	54.71590909090909
3.1033462215E9	48.892710634269484
3.103347283E9	0.0
3.1033483435E9	59.15094339622642
3.103349402E9	0.0
3.103350459E9	0.0
3.1033515155E9	55.08733624454148
3.103352571E9	0.0
3.103353626E9	52.32848043676069
3.103354681E9	59.45454545454545
3.103355736E9	0.0
3.1033567905E9	55.551330798479086
3.103357843E9	58.72727272727273
3.1033588935E9	35.93535749265426
3.1033599435E9	0.0
3.103360993E9	0.0
3.1033620415E9	0.0
3.103363089E9	0.0
3.1033641355E9	0.0
3.1033651815E9	0.0
3.1033662275E9	58.623326959847034
3.103367273E9	0.0
3.103368318E9	0.0
3.103369363E9	59.1044776119403
3.1033704075E9	0.0
3.1033714505E9	0.0
3.103372492E9	0.0
3.103373532E9	0.0
3.103374571E9	59.71098265895954
3.1033756095E9	0.0
3.1033766465E9	57.56345177664975
3.1033776825E9	0.0
3.103378718E9	60.0
3.103379753E9	41.52547770700637
3.103380787E9	0.0
3.1033818195E9	42.93888206388206
3.103382851E9	0.0
3.103383882E9	50.2376333656644
3.103384913E9	0.0
3.103385942E9	42.85793871866295
3.103386969E9	0.0
3.1033879955E9	58.333333333333336
3.1033890215E9	0.0
3.1033900465E9	0.0
3.1033910705E9	0.0
3.1033920935E9	59.83924983255191
3.1033931155E9	52.843601895734594
3.103394137E9	28.641638225255974
3.1033951575E9	26.964381121994656
3.103396177E9	0.0
3.1033971955E9	0.0
3.1033982135E9	35.872173058013765
3.1033992315E9	58.29944547134935
3.1034002485E9	0.0
3.1034012615E9	59.1219512195122
3.1034022715E9	57.55417292426518
3.103403281E9	0.0
3.1034042895E9	0.0
3.103405297E9	0.0
3.1034063035E9	0.0
3.103407309E9	0.0
3.103408314E9	0.0
3.1034093185E9	0.0
3.1034103225E9	0.0
3.103411326E9	0.0
3.103412329E9	0.0
3.103413332E9	56.4041095890411
3.103414335E9	6.257575757575758
3.1034153375E9	57.75650289017341
3.1034163395E9	0.0
3.1034173405E9	0.0
3.1034183405E9	0.0
3.1034230195E9	58.89860643921192
3.1034311645E9	53.71944717481309
3.1034385535E9	0.0
3.103444272E9	0.9876819708846585
3.103448588E9	59.396756141515695
3.103452529E9	22.601220188574597
3.1034563265E9	57.251180521782786
3.103460075E9	19.171454422076454
3.1034637975E9	55.89511754068716
3.103467461E9	51.45184304399525
3.103471038E9	56.614087718245635
3.1034745565E9	40.41131768697865
3.10347799E9	57.79771301903114
3.1034813295E9	0.0
3.103484605E9	57.801225323349215
3.1034878305E9	2.0792707906595655
3.1034910465E9	45.9624381532336
3.1034942485E9	46.50372753267974
3.1034973905E9	0.0
3.10350048E9	55.25290175319314
3.1035035475E9	58.198300283286116
3.103506574E9	55.39160630274065
3.1035095785E9	56.9262402573302
3.10351256E9	28.1635831381733
3.1035155065E9	48.76648483876143
3.10351844E9	53.401973012813244
3.10352132E9	12.041607668010021
3.1035241305E9	9.76878612716763
3.103526902E9	0.0
3.103529649E9	56.99880320373155
3.103532388E9	35.853347606072404
3.1035351035E9	56.82926137096566
3.103537785E9	22.919555264879005
3.1035404345E9	49.153062688280016
3.1035429975E9	55.93653250773994
3.103545488E9	26.61531967995302
3.1035479665E9	56.20335334768325
3.1035504075E9	57.03047136671841
3.103552812E9	20.364165588615784
3.1035551875E9	4.012820512820513
3.103557535E9	49.85897435897436
3.1035598595E9	56.96503962669432
3.1035621585E9	51.69592216932312
3.103564445E9	49.413125788809424
3.103566722E9	28.382450331125828
3.103568983E9	58.86212198872373
3.103571211E9	56.246941521898705
3.1035734005E9	0.0
3.103575568E9	0.0
3.103577725E9	0.0
3.103579877E9	0.0
3.103582016E9	0.0
3.1035841385E9	58.697068403908794
3.103586253E9	48.74025974025974
3.1035883585E9	57.67755899276778
3.1035904405E9	58.54651162790697
3.1035925065E9	50.594376429436295
3.103594569E9	19.210526315789473
3.103596622E9	6.6797385620915035
3.1035986655E9	38.2185964222528
3.1036007005E9	9.925327951564077
3.1036027275E9	44.76884213029006
3.10360474E9	0.0
3.1036067365E9	19.042455711667685
3.103608723E9	0.0
3.103610703E9	0.0
3.103612671E9	47.66167400881057
3.103614626E9	56.16181928605169
3.1036165745E9	35.06086956521739
3.1036185145E9	47.720231017496175
3.1036204485E9	56.90168818272095
3.1036223555E9	46.25396825396825
3.1036242355E9	21.307370239914935
3.1036261095E9	31.639551875304434
3.103627955E9	58.58585858585859
3.103629772E9	0.0
3.103631583E9	5.343175010697475
3.1036333895E9	45.87300714678395
3.10363519E9	58.81057268722467
3.103636984E9	0.0
3.10363877E9	0.0
3.1036405435E9	57.591842416649264
3.1036423085E9	0.0
3.103644062E9	0.0
3.103645804E9	59.20552677029361
3.103647529E9	58.77121123464014
3.1036492365E9	56.2201942890786
3.10365094E9	49.942115768463076
3.103652635E9	41.55996222851747
3.1036543025E9	0.0
3.103655946E9	56.78779171630808
3.103657586E9	0.0
3.1036592235E9	58.70702374033174
3.1036608575E9	27.71652661064426
3.103662488E9	0.9801324503311258
3.103664114E9	0.0
3.1036657365E9	58.218970040038656
3.1036673585E9	43.085743801652896
3.103668979E9	56.96768848384424
3.1036705915E9	0.0
3.103672191E9	0.0
3.1036737835E9	58.207440811724915
3.1036753585E9	50.10958904109589
3.10367691E9	48.61026275966433
3.1036784535E9	56.59863135971437
3.1036799945E9	56.529474313816706
3.103681529E9	57.45
3.1036830525E9	57.98613644655235
3.103684569E9	0.0
3.103686083E9	0.0
3.103687593E9	0.0
3.1036890985E9	58.68738863591368
3.1036906E9	33.436728837876615
3.103692097E9	55.865546218487395
3.103693592E9	0.0
3.1036950855E9	0.0
3.1036965775E9	54.88658965344048
3.103698068E9	0.0
3.103699555E9	6.762315896394108
3.103701039E9	44.94325021496131
3.103702517E9	0.0
3.1037039885E9	0.0
3.103705455E9	58.24928544799304
3.1037069165E9	20.77659574468085
3.1037083755E9	49.15204678362573
3.1037098325E9	0.0
3.103711287E9	0.0
3.103712735E9	58.17567567567568
3.103714177E9	51.61904761904762
3.1037156105E9	0.0
3.103717036E9	0.0
3.1037184575E9	59.26156342980795
3.103719873E9	58.615496720913285
3.103721286E9	0.0
3.1037226985E9	26.658375437232802
3.103724108E9	0.0
3.1037255145E9	43.33281004709576
3.1037269155E9	54.77211796246649
3.1037283085E9	0.0
3.1037296945E9	44.970024622631406
3.1037310735E9	0.0
3.103732449E9	0.9153284671532846
3.103733822E9	54.95866569978245
3.103735191E9	0.0
3.1037365565E9	53.97845325125048
3.1037379165E9	42.66377816291161
3.103739272E9	0.0
3.1037406255E9	59.722382880277614
3.1037419765E9	0.0
3.1037433245E9	0.0
3.10374467E9	53.189453125
3.1037460125E9	0.0
3.1037473475E9	0.0
3.103748677E9	0.0
3.1037500035E9	19.313778990450206
3.1037513235E9	56.89655172413793
3.103752635E9	0.0
3.1037539405E9	55.94959495949595
3.1037552445E9	0.0
3.103756548E9	0.0
3.10375785E9	0.0
3.1037591505E9	55.94789785916946
3.103760449E9	0.0
3.1037617455E9	55.02377179080824
3.1037630385E9	58.86092715231788
3.1037643255E9	45.98139079333986
3.1037656085E9	0.0
3.10376689E9	59.24187725631769
3.1037681705E9	0.0
3.10376945E9	0.0
3.1037707255E9	0.0
3.103771995E9	0.0
3.103773262E9	0.0
3.1037745285E9	0.0
3.1037757935E9	0.8934010152284264
3.1037770575E9	0.0
3.1037783215E9	0.0
3.103779585E9	0.0
3.103780841E9	0.0
3.1037820855E9	0.0
3.103783325E9	42.17555749890686
3.103784562E9	43.183842883174734
3.103785797E9	58.86771088884695
3.103787031E9	0.0
3.1037882635E9	59.22077922077922
3.1037894945E9	0.9358669833729216
3.1037907225E9	31.412844036697248
3.103791947E9	0.0
3.1037931655E9	0.0
3.103794379E9	0.0
3.103795591E9	0.0
3.103796801E9	0.0
3.1037980065E9	0.0
3.103799207E9	37.515227367542764
3.103800405E9	0.0
3.1038016E9	0.0
3.103802792E9	0.0
3.103803981E9	0.0
3.1038051675E9	45.683673469387756
3.1038063525E9	0.9584664536741214
3.1038075365E9	0.0
3.1038087195E9	19.67329842931937
3.1038099E9	60.0
3.103811076E9	0.0
3.103812247E9	0.9815627743634767
3.103813415E9	0.0
3.1038145815E9	51.821107784431135
3.103815747E9	0.0
3.1038169115E9	0.0
3.103818075E9	0.0
3.1038192355E9	57.801899592944366
3.1038203935E9	0.0
3.103821551E9	0.0
3.103822708E9	6.70061099796334
3.103823865E9	44.82532818532818
3.103825021E9	0.0
3.1038261755E9	0.0
3.103827327E9	0.0
3.1038284755E9	4.796296296296297
3.1038296235E9	27.08376288659794
3.1038307705E9	5.0384
3.1038319155E9	0.0
3.1038330575E9	0.0
3.1038341955E9	59.27199191102123
3.1038353305E9	0.0
3.103836464E9	32.424557752341315
3.103837595E9	40.84780189204229
3.103838723E9	0.0
3.10383985E9	0.0
3.1038409725E9	52.65862944162436
3.1038420865E9	51.6697965571205
3.1038431935E9	49.61765948457964
3.1038442975E9	56.0405872193437
3.1038454E9	38.662053896576836
3.1038464995E9	0.0
3.1038475965E9	0.0
3.1038486915E9	0.0
3.103849784E9	58.763636363636365
3.103850874E9	0.0
3.1038519615E9	59.270258803563856
3.103853047E9	8.17735550277118
3.1038541315E9	58.939828080229226
3.103855215E9	57.39518287243533
3.103856298E9	0.0
3.103857379E9	0.0
3.1038584565E9	0.0
3.103859529E9	57.39622641509434
3.1038605975E9	0.0
3.103861665E9	0.0
3.103862732E9	0.0
3.103863799E9	58.984962406015036
3.103864864E9	0.0
3.1038659265E9	0.9593572778827977
3.103866987E9	55.15352286773795
3.1038680455E9	32.282343025705856
3.1038691035E9	0.0
3.10387016E9	0.0
3.1038712145E9	0.0
3.1038722685E9	0.0
3.103873322E9	0.0
3.103874375E9	0.0
3.1038754275E9	59.00190114068441
3.103876479E9	0.0
3.103877529E9	0.0
3.103878577E9	0.0
3.1038796225E9	59.22330097087379
3.103880666E9	57.12328767123287
3.103881709E9	46.89976521582084
3.1038827515E9	0.9873015873015873
3.1038837935E9	57.89473684210526
3.103884835E9	0.0
3.1038858755E9	0.0
3.103886915E9	58.456591639871384
3.1038879535E9	0.0
3.103888991E9	59.52095808383233
3.103890028E9	19.35483870967742
3.103891064E9	50.35521492835721
3.103892095E9	0.0
3.103893119E9	58.77300613496933
3.10389414E9	39.07904509283819
3.10389516E9	37.845764854614416
3.103896179E9	31.91919191919192
3.1038971965E9	0.0
3.1038982115E9	0.0
3.103899225E9	0.0
3.103900236E9	0.0
3.1039012445E9	0.0
3.103902252E9	0.9372937293729373
3.1039032575E9	0.0
3.1039042615E9	57.587188612099645
3.103905265E9	52.754901960784316
3.103906267E9	0.0
3.1039072675E9	0.0
3.1039082675E9	59.30861723446894
3.1039092675E9	0.0
3.103918732E9	54.56179956936146
3.103932571E9	0.0
3.103941472E9	42.44376789945145
3.1039494115E9	0.0
3.1039572085E9	58.14430501930502
3.103963938E9	57.79824593592895
3.1039695055E9	40.05887359909207
3.103974766E9	0.0
3.1039797995E9	0.0
3.103984567E9	58.14895324239551
3.1039891115E9	0.0
3.1039934845E9	0.0
3.103997683E9	59.43162496963809
3.104001684E9	59.32821075740944
3.104005458E9	45.978057461563864
3.104009178E9	0.0
3.1040128475E9	0.0
3.104016433E9	59.45694336695112
3.104019926E9	56.34260106091092
3.104023359E9	56.09710927761619
3.104026758E9	0.0
3.1040301305E9	1.772652388797364
3.104033452E9	0.0
3.104036731E9	10.990508724956145
3.1040399985E9	0.8986201070121093
3.104043259E9	56.07197691792467
3.1040464995E9	0.0
3.104049674E9	58.23448803688248
3.1040527925E9	0.0
3.1040558995E9	0.0
3.104058987E9	0.0
3.104062054E9	0.0
3.104065115E9	59.6390977443609
3.1040681395E9	58.55141709197524
3.1040711275E9	55.94528263930798
3.1040740845E9	0.0
3.1040770095E9	0.0
3.104079908E9	58.21955343088673
3.104082775E9	0.0
3.1040856295E9	0.0
3.104088461E9	41.874710226966414
3.10409126E9	59.042706828966374
3.1040940205E9	0.0
3.1040967325E9	59.175097276264594
3.1040994055E9	58.60950813489002
3.104102056E9	56.38443935926774
3.1041046865E9	0.0
3.104107298E9	59.08277179925576
3.104109892E9	45.07500105161318
3.1041124505E9	58.93364928909953
3.1041149735E9	0.0
3.1041174795E9	12.408109299250771
3.10411997E9	52.72822384428224
3.1041224495E9	58.88131946934385
3.104124925E9	0.0
3.104127395E9	58.82478034585036
3.1041298495E9	34.862796156385244
3.1041322855E9	56.552727272727275
3.104134709E9	49.829678735339115
3.1041371215E9	41.09919908466819
3.104139523E9	30.622941731540458
3.1041418965E9	48.69792300338924
3.104144241E9	20.713770759871093
3.1041465705E9	52.25758143017596
3.104148885E9	55.76227636086791
3.1041511915E9	0.9187534780189204
3.1041534905E9	58.112121472076865
3.104155772E9	59.36373276776246
3.10415804E9	44.72858818928432
3.1041603025E9	0.0
3.1041625525E9	0.0
3.1041647915E9	0.0
3.1041670245E9	56.745764480779265
3.104169246E9	56.39528354856822
3.104171456E9	0.0
3.104173654E9	5.908313302920869
3.104175845E9	59.0260663507109
3.1041780355E9	55.686534949360784
3.1041802225E9	56.81096681096681
3.1041823975E9	24.63154686928609
3.104184563E9	42.472147911632725
3.1041867265E9	58.67379745270187
3.1041888805E9	22.76314980006152
3.1041910115E9	0.0
3.1041931255E9	0.0
3.1041952355E9	18.578607322325915
3.1041973425E9	49.22800706802979
3.1041994485E9	58.005718370264475
3.1042015545E9	43.75491842862242
3.104203656E9	58.46028513238289
3.104205745E9	54.73725766103815
3.1042078145E9	57.005374968006144
3.104209871E9	55.482773802971934
3.1042119255E9	0.0
3.104213971E9	55.89024871693644
3.1042160055E9	0.0
3.1042180375E9	45.493343698377224
3.1042200635E9	0.0
3.1042220825E9	4.644646924829157
3.1042240985E9	59.59791511541325
3.104226106E9	0.0
3.104228107E9	58.4
3.104230103E9	44.841059602649004
3.1042320935E9	54.03415559772296
3.10423408E9	0.0
3.104236062E9	58.371116241551
3.104238043E9	59.09585600669736
3.104240023E9	26.0813704496788
3.104241994E9	55.552163604030824
3.1042439415E9	0.0
3.104245872E9	57.98984771573604
3.104247777E9	57.619790505905954
3.1042496545E9	58.649463175739314
3.104251516E9	0.0
3.104253365E9	24.70086675237424
3.104255206E9	0.0
3.1042570385E9	55.62545854732208
3.1042588675E9	41.33103529689529
3.1042606875E9	20.57965802129146
3.1042625015E9	57.96924075275795
3.104264304E9	53.1787355607999
3.104266094E9	0.0
3.1042678815E9	0.0
3.1042696635E9	0.0
3.1042714405E9	8.698057578910857
3.1042732095E9	56.75675675675676
3.1042749695E9	0.0
3.104276727E9	0.0
3.1042784825E9	56.38182337810803
3.1042802355E9	58.560303850440086
3.104281987E9	41.90636099178027
3.104283737E9	59.451090781140046
3.1042854805E9	0.0
3.104287214E9	19.85392020157258
3.1042889415E9	49.39200848079589
3.1042906625E9	53.971007604562736
3.1042923765E9	58.789592760180994
3.104294088E9	28.441983152772412
3.104295795E9	59.0370955011839
3.1042974975E9	58.57497928748965
3.104299198E9	4.187138895308528
3.1043008905E9	50.49922343021966
3.1043025755E9	49.61763370046554
3.1043042575E9	58.89425521098119
3.1043059365E9	41.46778042959427
3.1043076145E9	57.99080761654629
3.104309292E9	50.498163322972594
3.1043109685E9	59.40754039497307
3.1043126425E9	36.02551954544742
3.104314313E9	0.0
3.1043159815E9	0.0
3.104317647E9	0.0
3.1043193085E9	0.0
3.1043209685E9	58.058622002283975
3.1043226275E9	55.7267055333947
3.1043242845E9	22.46903796535201
3.1043259405E9	25.917142857142856
3.1043275945E9	0.0
3.104329244E9	0.0
3.10433089E9	0.0
3.104332533E9	58.75121006776379
3.1043341725E9	48.07390300230947
3.104335808E9	0.0
3.1043374375E9	0.0
3.1043390575E9	56.97567180791859
3.1043406705E9	0.0
3.104342279E9	0.0
3.104343883E9	30.574833049626818
3.104345484E9	0.0
3.104347078E9	0.0
3.1043486665E9	0.0
3.104350253E9	0.0
3.1043518375E9	58.424546393273346
3.1043534215E9	49.536383346232505
3.1043550035E9	0.0
3.1043565795E9	0.9441340782122905
3.1043581505E9	47.87796846415193
3.10435972E9	55.48913043478261
3.1043612885E9	48.02546383945475
3.104362856E9	0.9393939393939394
3.104364422E9	41.41095954405307
3.104365984E9	23.036625148279953
3.104367543E9	1.850415512465374
3.1043691005E9	0.0
3.1043706555E9	17.765866209262434
3.104372207E9	0.0
3.1043737525E9	0.0
3.104375294E9	58.32
3.1043768335E9	19.46677927927928
3.104378371E9	44.64416363741273
3.104379907E9	0.0
3.1043814395E9	0.0
3.1043829685E9	0.0
3.1043844935E9	59.19233401779603
3.1043860115E9	0.0
3.104387523E9	59.50856291883842
3.104389031E9	19.185516680227828
3.1043905345E9	0.9594907407407407
3.104392034E9	59.064816574795664
3.104393533E9	0.0
3.104395031E9	41.8573902288188
3.1043965275E9	0.0
3.1043980195E9	45.961181434599155
3.1043995065E9	0.0
3.104400992E9	0.0
3.104402475E9	44.91891891891892
3.104403955E9	58.23554976097349
3.1044054305E9	57.95497185741088
3.1044069025E9	52.33016681362924
3.1044083735E9	58.69973694099962
3.1044098415E9	55.55709342560554
3.104411307E9	0.0
3.10441277E9	0.0
3.1044142295E9	59.387294421154465
3.104415687E9	30.95815660685155
3.1044171395E9	8.779920212765957
3.104418587E9	56.57079646017699
3.1044200325E9	13.931191664857826
3.104421476E9	53.37566137566137
3.104422919E9	0.0
3.1044243595E9	0.0
3.1044257945E9	24.642870508982035
3.1044272255E9	4.144635447540012
3.1044286555E9	0.0
3.104430085E9	0.0
3.104431514E9	0.0
3.104432943E9	58.82028875379939
3.1044343705E9	57.8218487394958
3.1044357965E9	0.0
3.1044372195E9	58.50675820639348
3.1044386375E9	59.59501557632399
3.1044400535E9	43.74717514124294
3.104441469E9	42.71403480760019
3.104442884E9	18.879964244668624
3.1044442985E9	0.0
3.104445712E9	0.0
3.1044471235E9	0.0
3.104448531E9	59.009433962264154
3.1044499345E9	59.09304511278196
3.1044513345E9	0.0
3.104452732E9	0.0
3.104454128E9	57.982743231181196
3.1044555215E9	0.0
3.1044569115E9	22.717538628354568
3.1044582985E9	0.0
3.1044596825E9	32.52543786488741
3.104461064E9	58.75579409612101
3.104462444E9	29.705445544554454
3.1044638215E9	16.20336743553928
3.1044651965E9	30.704604297662655
3.1044665705E9	60.0
3.104467944E9	0.0
3.104469317E9	0.0
3.1044706895E9	57.44859511249865
3.1044720605E9	0.0
3.104473429E9	0.0
3.104474795E9	0.0
3.1044761595E9	59.20062695924765
3.104477522E9	49.33432392273403
3.104478883E9	59.45864661654135
3.104480241E9	0.0
3.104481596E9	0.0
3.1044829505E9	0.0
3.104484304E9	49.51287477954145
3.104485655E9	4.91869918699187
3.104487002E9	0.0
3.1044883465E9	58.76142131979695
3.10448969E9	0.0
3.1044910305E9	58.87029288702929
3.1044923685E9	58.83408071748879
3.1044937065E9	0.0
3.1044950435E9	0.0
3.104496378E9	20.1043321299639
3.104497711E9	0.0
3.1044990435E9	0.0
3.1045003715E9	39.91039102099928
3.104501695E9	0.0
3.104503018E9	50.63760399334443
3.1045043395E9	0.0
3.1045056595E9	0.0
3.104506978E9	58.75259875259875
3.1045082945E9	4.681571815718157
3.1045096045E9	51.35539880629408
3.1045109085E9	0.0
3.104512212E9	58.303198887343534
3.1045135145E9	0.0
3.104514816E9	0.0
3.1045161165E9	54.81319587628866
3.1045174155E9	31.81726236393246
3.104518713E9	0.0
3.104520009E9	0.0
3.1045212985E9	0.0
3.104522582E9	27.422541947311785
3.104523865E9	0.0
3.104525146E9	0.0
3.1045264245E9	0.0
3.104527699E9	31.568496047366537
3.10452897E9	58.470688190314355
3.1045302395E9	17.20880428316478
3.1045315055E9	19.77710843373494
3.104532769E9	0.0
3.1045340315E9	52.748494221064625
3.104535293E9	37.47886473429951
3.1045365535E9	59.096385542168676
3.104537813E9	41.307441253263704
3.104539072E9	0.0
3.1045403305E9	59.17446649195058
3.1045415875E9	59.397590361445786
3.104542842E9	0.0
3.1045440925E9	0.0
3.1045453405E9	0.0
3.1045465875E9	0.0
3.1045478335E9	0.0
3.1045490785E9	0.0
3.1045503195E9	59.4345718901454
3.1045515575E9	0.0
3.1045527945E9	0.0
3.1045540295E9	0.0
3.1045552635E9	0.0
3.104556496E9	0.0
3.104557727E9	0.0
3.1045589575E9	55.40244430023794
3.1045601875E9	2.7049861495844874
3.1045614165E9	13.139220756062768
3.104562644E9	59.436619718309856
3.1045638685E9	0.0
3.1045650905E9	1.8808510638297873
3.104566312E9	57.69041769041769
3.104567533E9	51.4987714987715
3.1045687535E9	0.0
3.1045699725E9	9.692566231712139
3.1045711905E9	0.0
3.1045724075E9	58.27089337175793
3.1045736235E9	58.45238095238095
3.1045748375E9	54.53326147212812
3.1045760485E9	0.9435684647302904
3.104577258E9	0.0
3.1045784665E9	57.03551060755836
3.1045796745E9	0.0
3.1045808815E9	0.0
3.104582087E9	0.0
3.104583292E9	0.0
3.1045844955E9	0.0
3.1045856965E9	0.9025686448184234
3.104586896E9	0.0
3.1045880945E9	59.232591189009945
3.1045892925E9	59.004837595024185
3.1045904905E9	21.95722317281838
3.104591687E9	41.0625
3.1045928815E9	0.0
3.104594074E9	0.0
3.104595264E9	0.0
3.1045964525E9	57.277985709424975
3.1045976365E9	0.0
3.1045988165E9	59.183673469387756
3.104599996E9	0.0
3.1046011715E9	27.58313862928349
3.1046023415E9	0.0
3.1046035085E9	47.39942473633749
3.10460467E9	0.0
3.1046058265E9	0.0
3.1046069825E9	57.71552471812662
3.104608138E9	51.671361502347416
3.1046092925E9	0.0
3.1046104465E9	58.778013357362454
3.104611598E9	57.60197663971249
3.104612744E9	0.0
3.104613887E9	0.0
3.1046150285E9	0.0
3.104616167E9	22.034965034965033
3.104617303E9	0.9647058823529412
3.104618438E9	19.664835164835164
3.104619573E9	0.0
3.104620704E9	51.765870382658704
3.104621831E9	48.855216304265475
3.1046229575E9	56.232692600294165
3.104624082E9	20.466208327928396
3.104625205E9	56.06574394463668
3.104626328E9	56.621586475942784
3.1046274505E9	55.668449197860966
3.1046285725E9	0.0
3.104629694E9	44.46219814940194
3.104630815E9	42.38358690640848
3.104631935E9	5.26186810366949
3.104633054E9	26.2514302920807
3.104634173E9	0.0
3.1046352915E9	49.262971698113205
3.104636408E9	0.0
3.1046375185E9	56.028169014084504
3.1046386245E9	0.0
3.1046397295E9	55.83778014941302
3.1046408325E9	0.0
3.104641934E9	58.424158278375565
3.1046430335E9	0.0
3.1046441315E9	0.0
3.1046452285E9	0.0
3.1046463245E9	58.126888217522655
3.10464742E9	0.0
3.104648514E9	58.7933734443254
3.1046496055E9	57.28506787330317
3.104650695E9	0.0
3.104651783E9	0.0
3.10465287E9	0.0
3.104653956E9	58.50413103348311
3.104655041E9	59.09001378766988
3.104656126E9	0.9297124600638977
3.10465721E9	30.122905027932962
3.1046582915E9	59.56952511103519
3.1046593715E9	6.7975888324873095
3.104660451E9	45.386052303860524
3.10466153E9	0.0
3.104662609E9	42.22748815165877
3.104663686E9	15.875992939099735
3.1046647605E9	51.300448430493276
3.104665834E9	57.5
3.1046669055E9	22.121019108280255
3.1046679745E9	14.848269321953532
3.104669042E9	0.0
3.1046701085E9	24.391451068616423
3.1046711745E9	0.0
3.1046722405E9	40.35223579795944
3.104673305E9	0.0
3.104674368E9	52.57822998656172
3.104675431E9	18.209336778639106
3.1046764935E9	56.26829268292683
3.1046775535E9	0.0
3.1046786105E9	57.865235916048604
3.1046796645E9	58.73850197109067
3.104680716E9	0.0
3.104681767E9	0.9551422319474836
3.1046828175E9	0.0
3.1046838665E9	0.0
3.1046849135E9	0.0
3.1046859595E9	13.833614864864865
3.104687005E9	0.0
3.104688049E9	12.082844168789457
3.1046890895E9	23.993288590604028
3.1046901265E9	59.30084745762712
3.104691162E9	0.0
3.104692197E9	58.524916943521596
3.104693232E9	52.215256676795136
3.104694266E9	59.22832250034573
3.1046952985E9	0.0
3.10469633E9	0.0
3.1046973585E9	45.743621022669515
3.1046983845E9	59.51630633931843
3.1046994105E9	0.9132821075740944
3.104700435E9	23.07750269106566
3.1047014575E9	40.01274697259401
3.1047024785E9	6.909385113268608
3.1047034985E9	22.38909541511772
3.1047045185E9	58.008849557522126
3.104705538E9	0.0
3.1047065565E9	48.795918367346935
3.1047075745E9	27.850666666666665
3.104708592E9	0.0
3.104709608E9	59.5472597299444
3.104710623E9	0.0
3.104711638E9	58.2003599280144
3.1047126525E9	0.0
3.1047136665E9	0.0
3.10471468E9	0.0
3.104715693E9	6.762174405436014
3.104716706E9	57.86666666666667
3.1047177185E9	59.161904761904765
3.10471873E9	11.708670520231214
3.104719741E9	0.0
3.104720751E9	28.371511890995023
3.1047217595E9	0.0
3.1047227675E9	3.916955017301038
3.104723775E9	0.0
3.104724782E9	56.34216628022524
3.104725789E9	7.462686567164179
3.1047267955E9	0.9150943396226415
3.104727801E9	0.9673024523160763
3.104728805E9	0.0
3.104729807E9	57.718859429714854
3.1047308075E9	0.0
3.104740963E9	0.0
3.104756475E9	52.78306803857767
3.104767963E9	57.35331652845261
3.104778484E9	58.50789261435649
3.1047881575E9	17.75987958275673
3.1047976135E9	54.325623084049504
3.1048068795E9	57.747216764898496
3.1048160235E9	51.66401567916032
3.104824959E9	47.885566048028316
3.1048336895E9	41.68552896696928
3.1048423175E9	37.43416610398379
3.1048506295E9	55.92335800400316
3.104858538E9	56.67178653511968
3.10486621E9	20.89444477834057
3.104873738E9	0.0
3.104881204E9	35.80104484109708
3.1048886055E9	57.18391012396694
3.104895888E9	55.37760096403839
3.1049030315E9	54.37553961351899
3.1049100215E9	46.44140183944838
3.104916928E9	19.76848791904021
3.1049238165E9	43.140759123387525
3.104930685E9	43.96567313702489
3.1049375335E9	57.347115616287475
3.1049443175E9	19.77047220561865
3.1049510255E9	56.174850595437164
3.104957646E9	53.9916744929817
3.1049641205E9	3.599948308964702
3.104970491E9	11.114450104445341
3.104976811E9	58.222107986482726
3.1049830915E9	37.288984277317795
3.104989311E9	53.03537206062157
3.104995483E9	41.45323073564724
3.1050016285E9	37.740342089187536
3.105007741E9	35.734210869707056
3.105013843E9	39.06383429009814
3.105019839E9	55.42519204636845
3.1050257E9	47.984517601043024
3.105031511E9	45.46106830715324
3.1050372955E9	0.0
3.105043063E9	0.0
3.1050488005E9	59.537886234887566
3.1050545125E9	57.947218229021395
3.1050601615E9	41.73339153208206
3.1050657395E9	54.278524821794285
3.1050713015E9	27.72489920952096
3.1050767895E9	32.35932734848159
3.105082186E9	52.112331311806805
3.1050875235E9	58.097880805579805
3.105092801E9	51.67295010990475
3.105098007E9	43.603656727488506
3.1051031505E9	57.625172961615334
3.1051082045E9	30.40420613021105
3.105113172E9	0.9851019341348667
3.105118124E9	45.97887738691191
3.105123046E9	55.042820581382024
3.105127928E9	0.0
3.105132784E9	55.86647627106692
3.1051375455E9	42.975334028709085
3.105142205E9	48.73621529494692
3.1051468215E9	42.62663135154331
3.105151389E9	30.102525442894837
3.1051559265E9	33.77564687628348
3.105160444E9	53.80219969750843
3.105164943E9	56.358601950023974
3.1051694125E9	0.0
3.1051738415E9	48.90411676468487
3.105178253E9	29.228239667292335
3.1051826085E9	52.844893593063844
3.1051869095E9	58.46985387998298
3.105191198E9	56.847054374455354
3.105195423E9	26.08950469820035
3.105199594E9	44.51496386677838
3.1052037465E9	0.0
3.105207865E9	25.697994546574016
3.10521196E9	50.36743702934303
3.105216012E9	54.238860688099265
3.1052200195E9	0.0
3.105224006E9	38.889292048477685
3.1052278585E9	54.07765172712011
3.105231579E9	54.37886932939647
3.1052352765E9	34.521815008726
3.1052389575E9	45.65250276330333
3.105242632E9	24.192959582790092
3.1052463045E9	50.604226156482014
3.105249957E9	45.686471970459884
3.10525359E9	53.514135016441195
3.105257213E9	24.10760024113746
3.105260822E9	28.459768134491842
3.1052644205E9	49.771077780438425
3.1052680095E9	35.9964823763502
3.1052715945E9	5.938144329896907
3.105275175E9	55.24188699606876
3.105278732E9	39.80388647404756
3.1052822555E9	36.423701010817524
3.105285765E9	11.075394506136762
3.1052892635E9	52.085317736619785
3.105292744E9	0.8914473684210527
3.105296203E9	0.0
3.105299639E9	59.47760961148385
3.10530305E9	51.637649836541954
3.105306431E9	54.24837534813968
3.105309783E9	55.54595791805094
3.1053131135E9	50.97884266459305
3.105316433E9	56.97898994568358
3.105319747E9	0.0
3.105323045E9	0.0
3.1053263115E9	0.9913633559531153
3.10532956E9	5.9241676942046855
3.105332802E9	58.88223068929685
3.105336038E9	44.72449459332393
3.1053392555E9	55.920972257571904
3.105342453E9	57.30136259163123
3.105345638E9	29.90420690936107
3.1053488045E9	57.77656212010698
3.105351955E9	42.05714375176128
3.105355096E9	45.17002952755905
3.1053582345E9	54.88366908193328
3.1053613715E9	0.0
3.1053645055E9	0.0
3.1053676375E9	0.0
3.105370751E9	38.512968299711815
3.1053738455E9	57.95472082896985
3.105376939E9	46.57227478231748
3.105380015E9	7.9105691056910565
3.105383037E9	55.407193356525646
3.105386017E9	45.876302521008405
3.105388988E9	44.79998327479512
3.105391952E9	0.0
3.10539491E9	55.013043328629934
3.105397855E9	48.92003439380911
3.105400789E9	15.268243949337458
3.10540371E9	58.68641375443842
3.1054066165E9	40.42782152230971
3.1054095145E9	58.345479327578374
3.1054124035E9	29.14477451465987
3.105415289E9	1.9008321775312067
3.1054181705E9	0.0
3.105421047E9	47.18184503713707
3.105423915E9	56.66196956535727
3.1054267735E9	42.51325184557667
3.1054296205E9	38.19545294324991
3.10543244E9	44.42145748987854
3.105435239E9	58.3465527594301
3.1054380315E9	55.11316397228637
3.105440812E9	55.5281477478623
3.105443576E9	59.31631328429251
3.1054463305E9	0.0
3.105449079E9	54.4018553888131
3.105451813E9	38.15127668279065
3.1054545365E9	52.97903587032346
3.1054572385E9	32.60715636583705
3.105459914E9	34.37155963302752
3.10546258E9	17.216670620329737
3.1054652375E9	32.32570397111913
3.105467887E9	56.879098148722726
3.105470528E9	56.23732489832806
3.105473162E9	3.928613920285544
3.105475793E9	28.295044525929807
3.1054784135E9	38.60067770724956
3.105481019E9	28.959961501443697
3.1054836015E9	52.5267115502317
3.1054861625E9	48.064969997930895
3.105488716E9	53.45804828182747
3.105491267E9	24.682547638672194
3.1054938115E9	53.01988062648656
3.1054963495E9	59.60755813953488
3.105498881E9	0.9884827240861291
3.1055013925E9	0.9601226993865031
3.1055038895E9	0.0
3.105506379E9	39.6341601969324
3.105508858E9	45.33329897438541
3.10551133E9	58.24171382376718
3.105513792E9	56.76329831306135
3.1055162415E9	0.8373590982286635
3.105518682E9	41.677005270895336
3.105521118E9	51.82829752066116
3.105523549E9	53.08747699967529
3.105525972E9	59.295336787564764
3.105528388E9	33.42599417464186
3.1055308005E9	43.748562401263825
3.1055332065E9	33.181532258064514
3.105535606E9	45.72584108804581
3.1055380035E9	51.63951367781155
3.105540398E9	32.59661748830514
3.1055427875E9	56.987355420505786
3.1055451725E9	6.143887945670628
3.1055475555E9	44.980428704566634
3.1055499375E9	31.501245330012452
3.105552312E9	55.458188153310104
3.1055546785E9	43.92603129445235
3.1055570425E9	54.59126375923088
3.105559404E9	38.309627413652436
3.105561761E9	46.62420780569554
3.105564112E9	23.406544457080344
3.1055664605E9	55.34923339011925
3.1055688045E9	44.853822835971705
3.105571144E9	53.91688724192694
3.1055734815E9	41.57996545768567
3.105575816E9	33.165267047363116
3.1055781475E9	0.0
3.105580476E9	49.58057484256418
3.1055827985E9	36.02980646984037
3.105585104E9	59.7489539748954
3.1055873965E9	57.25008302889405
3.105589686E9	45.056564299919934
3.1055919665E9	44.47699929228592
3.1055942405E9	38.348051948051946
3.105596511E9	45.752093118235656
3.1055987745E9	10.696018735362998
3.105601033E9	27.523652365236522
3.1056032815E9	52.38511541522951
3.105605521E9	49.75514756348662
3.1056077565E9	21.029886347691875
3.1056099875E9	26.810583692936635
3.1056122175E9	0.0
3.1056144435E9	0.0
3.1056166625E9	0.0
3.1056188775E9	31.56810133478616
3.1056210895E9	25.94386584289497
3.105623296E9	20.43936420722135
3.105625496E9	30.371895169176607
3.1056276925E9	39.29644475426978
3.1056298885E9	55.678232259029386
3.105632076E9	23.373681363267515
3.1056342545E9	29.332384157390628
3.1056364325E9	28.144594217718694
3.1056386075E9	0.0
3.1056407785E9	57.4729513039075
3.105642947E9	34.30265703343993
3.105645114E9	52.704576976421635
3.105647276E9	45.692543411644536
3.105649431E9	50.23900573613767
3.105651583E9	0.0
3.105653732E9	59.0095717884131
3.105655878E9	44.30390156062425
3.1056580215E9	59.13165266106443
3.1056601635E9	17.0315182519726
3.1056623025E9	19.255731469922345
3.1056644355E9	39.18956627698869
3.1056665645E9	35.120305234291166
3.1056686915E9	56.25847728726807
3.1056708175E9	0.0
3.10567294E9	52.91051314142678
3.105675053E9	33.259379131148286
3.105677152E9	47.059579805581684
3.105679241E9	28.498988823086645
3.1056813275E9	31.17214191852825
3.105683412E9	53.97740335019895
3.105685491E9	27.254382214621632
3.105687566E9	25.312573443008226
3.1056896395E9	35.90984040541563
3.1056917095E9	26.38957645999995
3.105693777E9	0.0
3.105695838E9	0.0
3.105697891E9	50.20654396728016
3.1056999415E9	49.661379667636396
3.105701983E9	42.087309962090124
3.1057040115E9	59.05762683716682
3.1057060315E9	18.056603773584907
3.105708045E9	30.524685382381413
3.105710055E9	41.00099029510794
3.105712061E9	38.425312239800164
3.105714063E9	21.4919558180014
