#Position (bp)	mapping quality
3882144.5	56.39859335812533
1.16464325E7	58.70682784768863
1.94107205E7	59.23284795134974
2.71750085E7	59.8458845863943
3.49392965E7	59.87354386561598
4.27035845E7	59.906590003157234
5.04678725E7	59.915446613534684
5.82321605E7	59.865328881011166
6.59964485E7	59.854157468227534
7.37607365E7	59.90502943610471
8.15250245E7	59.80331001174025
8.92893125E7	59.84923470190414
9.70536005E7	59.913920692312786
1.048178885E8	58.4700565519494
1.125821765E8	59.84913602580328
1.203464645E8	16.34991342938848
1.281107525E8	7.406377962825889
1.358750405E8	0.0
1.436393285E8	30.473132682566327
1.514036165E8	54.317088981106835
1.591679045E8	59.316650216747895
1.669321925E8	59.8915476296053
1.746964805E8	59.84103213043486
1.824607685E8	59.8804012596084
1.902250565E8	59.86747803162531
1.979893445E8	59.82903454182986
2.057536325E8	59.63572333913892
2.135179205E8	59.87971456870111
2.212822085E8	59.803192485480295
2.290464965E8	59.265344599541045
2.368107845E8	59.854132909980024
2.445750725E8	59.79009442515239
2.487068195E8	56.163193457939094
2.525889635E8	59.73201967970046
2.601036485E8	59.886453177989374
2.678679365E8	59.88062816686402
2.756322245E8	59.89867510376867
2.833965125E8	59.80874304136666
2.911608005E8	59.86287530824638
2.989250885E8	59.897102839615286
3.066893765E8	59.900003575465696
3.144536645E8	59.9148676107098
3.222179525E8	59.82698595842572
3.299822405E8	59.914987007190526
3.377465285E8	39.99970129592027
3.455108165E8	52.04415122267525
3.532751045E8	59.631802941542986
3.610393925E8	54.795641243829614
3.688036805E8	59.896902070478404
3.765679685E8	58.41180873432265
3.843322565E8	59.73108560244412
3.920965445E8	59.89083784851599
3.998608325E8	59.838578574161005
4.076251205E8	59.86671215689379
4.153894085E8	59.86124005358328
4.231536965E8	59.85201863288931
4.309179845E8	59.910170784469095
4.386822725E8	59.8994054340697
4.464465605E8	59.860206654724934
4.542108485E8	59.85975924660396
4.619751365E8	59.828879535796915
4.697394245E8	59.87060977936028
4.775037125E8	59.868297712667186
4.852680005E8	59.85659858752793
4.90150048E8	59.57451871963643
4.94032192E8	59.68827063746771
5.007965765E8	59.900982368761525
5.085608645E8	59.89421818680364
5.163251525E8	59.85177557198223
5.240894405E8	59.87934166668273
5.318537285E8	59.88468268002991
5.396180165E8	59.88210582028953
5.473823045E8	59.91208802938364
5.551465925E8	59.89492346376752
5.629108805E8	59.75107957607532
5.706751685E8	59.61612936786394
5.784394565E8	53.68889503451466
5.862037445E8	38.95683106141171
5.939680325E8	59.84298749252346
6.017323205E8	59.905664739475945
6.094966085E8	59.91023485575932
6.172608965E8	59.83226975095325
6.250251845E8	59.84044002625385
6.327894725E8	59.90250713456611
6.405537605E8	59.87061068158702
6.483180485E8	59.90767163860772
6.560823365E8	59.89600035830172
6.638466245E8	59.906206054678485
6.716109125E8	59.891315384411314
6.793752005E8	59.70529931725085
6.863514275E8	59.17115972292921
6.902335715E8	58.33961225528684
6.949037765E8	57.226192329657806
7.026680645E8	59.552563634111905
7.104323525E8	59.7069569268236
7.181966405E8	59.894595408470394
7.259609285E8	59.89790680603584
7.337252165E8	59.90711063186027
7.414895045E8	28.592351619323345
7.492537925E8	59.81149393267727
7.570180805E8	59.84060223148096
7.647823685E8	59.88089688345192
7.725466565E8	59.836481617600704
7.803109445E8	59.86077261206147
7.880752325E8	59.87356221795368
7.958395205E8	59.8505095426309
8.036038085E8	59.856354810808476
8.113680965E8	59.89818158198922
8.191323845E8	59.80498342817995
8.268966725E8	59.80708664748333
8.346609605E8	59.893914202329235
8.424252485E8	59.903166091701415
8.501895365E8	59.869377929647875
8.579538245E8	59.80855383415817
8.657181125E8	59.86186871976441
8.734824005E8	59.79574648030671
8.78512305E8	57.39737868123799
8.82394449E8	59.708800523022646
8.890109765E8	59.86536163071363
8.967752645E8	59.256712322831085
9.045395525E8	59.847876953263565
9.123038405E8	59.79085167026817
9.200681285E8	59.901919961779186
9.278324165E8	40.44100930486754
9.355967045E8	59.86977074466632
9.433609925E8	59.89489699317092
9.511252805E8	50.268839400389105
9.588895685E8	59.86660306665648
9.666538565E8	59.897673458912884
9.744181445E8	59.88456620346592
9.821824325E8	59.79893614746155
9.899467205E8	59.85659396398831
9.977110085E8	59.887821075449644
1.0054752965E9	59.87774055462117
1.0132395845E9	59.8695764892021
1.0210038725E9	59.89882870654313
1.0287681605E9	59.859385879354
1.0365324485E9	59.860939002198066
1.0442967365E9	59.9056787250623
1.0520610245E9	59.343471515765884
1.0585707465E9	57.53976884753619
1.0624528905E9	59.608891867493256
1.0675896005E9	59.8773567968606
1.0753538885E9	59.881837239863856
1.0831181765E9	59.80525561646773
1.0908824645E9	58.586694522410255
1.0986467525E9	59.902038298721486
1.1064110405E9	59.88027606583782
1.1141753285E9	59.897110095846514
1.1219396165E9	39.278396916454916
1.1297039045E9	59.86048318379163
1.1374681925E9	59.85547024697489
1.1452324805E9	59.860098499489965
1.1529967685E9	59.89677052674092
1.1607610565E9	59.83619732239191
1.1685253445E9	59.86620246618262
1.1762896325E9	59.91867432498608
1.1840539205E9	59.905812391717575
1.1918182085E9	59.85120581943754
1.1995824965E9	59.91163611274043
1.2073467845E9	59.914265982932534
1.2151110725E9	59.83442943985975
1.2228753605E9	59.556770342831726
1.229380904E9	59.2176073664428
1.233263048E9	59.50140790326387
1.2384039365E9	59.30502530646449
1.2461682245E9	59.891857799466145
1.2539325125E9	59.88369997387563
1.2616968005E9	59.79750509768006
1.2694610885E9	59.89250724150442
1.2772253765E9	59.905253821121946
1.2849896645E9	59.56069932103716
1.2927539525E9	22.895078753581085
1.3005182405E9	58.94293810696265
1.3082825285E9	56.01293368776199
1.3160468165E9	59.89465392536643
1.3238111045E9	59.86021065959252
1.3315753925E9	57.96280956122052
1.3393396805E9	59.88907503333027
1.3471039685E9	59.87125698119558
1.3548682565E9	59.84423325621267
1.3626325445E9	59.90379087486701
1.3703968325E9	59.89838781900217
1.3781611205E9	57.85951333537581
1.3859254085E9	59.68702436653576
1.3905789145E9	59.43075178113141
1.3944610585E9	57.84832222873878
1.4014539845E9	52.43017504146466
1.4092182725E9	59.87747057488145
1.4169825605E9	59.88441088035455
1.4247468485E9	59.88881024083296
1.4325111365E9	45.670060122524376
1.4402754245E9	55.195233844462294
1.4480397125E9	59.879882173624615
1.4558040005E9	59.89978660625961
1.4635682885E9	59.784970521894195
1.4713325765E9	59.89487315354165
1.4790968645E9	54.790112630423735
1.4868611525E9	59.871123120822794
1.4946254405E9	59.903048492298986
1.5023897285E9	59.8919038383543
1.5101540165E9	59.898053468790664
1.5179183045E9	59.836653204333004
1.5256825925E9	59.830958669234256
1.5330268245E9	59.82565180451671
1.5369089685E9	58.916935083113366
1.5412111685E9	59.91068919560929
1.5489754565E9	59.887581187772504
1.5567397445E9	59.9079337376125
1.5645040325E9	59.88927693851859
1.5722683205E9	57.52287070879198
1.5800326085E9	29.98366579905341
1.5877968965E9	0.0
1.5955611845E9	16.155419303271593
1.6033254725E9	39.89607490021857
1.6110897605E9	59.8906255693697
1.6188540485E9	59.837496664801954
1.6266183365E9	59.8521632203068
1.6343826245E9	59.829494122243844
1.6421469125E9	59.86135547411959
1.6499112005E9	59.691644668231675
1.6576754885E9	59.91130907640593
1.6654397765E9	59.86967935559989
1.672102775E9	59.15160507015479
1.675984919E9	58.39955651246596
1.6809683525E9	59.79095429466109
1.6887326405E9	59.88192385135042
1.6964969285E9	59.8982328640141
1.7042612165E9	59.79644788568471
1.7120255045E9	45.923085285519385
1.7197897925E9	36.420030301678196
1.7275540805E9	59.725602423768834
1.7353183685E9	59.88719592451077
1.7430826565E9	59.859043894602735
1.7508469445E9	59.85216071481079
1.7586112325E9	59.41837012614199
1.7663755205E9	59.86716591497363
1.7741398085E9	59.87680185606792
1.7819040965E9	59.824666116256346
1.7896683845E9	59.902048796348254
1.7974326725E9	59.886311919471865
1.804997934E9	58.467748719569755
1.808880078E9	46.629496048710976
1.8129612485E9	59.25551253592164
1.8207255365E9	59.90386836204261
1.8284898245E9	59.88972532179645
1.8362541125E9	59.81577687890742
1.8440184005E9	59.903959621068
1.8517826885E9	59.89194122676341
1.8595469765E9	30.934123038755516
1.8673112645E9	59.75099838031977
1.8750755525E9	59.860773739934324
1.8828398405E9	59.89037113084545
1.8906041285E9	59.90205559207283
1.8983684165E9	58.741870581210705
1.9061327045E9	59.895859381925014
1.9138969925E9	59.86386013300644
1.9216612805E9	59.90929322983312
1.9294255685E9	59.89264464774372
1.9371898565E9	59.91315054870773
1.942419837E9	59.80945641170915
1.946301981E9	59.65262999783511
1.9527184325E9	59.73917712916236
1.9604827205E9	59.90537271309501
1.9682470085E9	59.89805989217729
1.9760112965E9	42.03358952694416
1.9837755845E9	47.86652452000221
1.9915398725E9	59.89266274352559
1.9993041605E9	59.90101769058895
2.0070684485E9	59.892710553079496
2.0148327365E9	59.87102895825102
2.0225970245E9	59.9103900704631
2.0303613125E9	59.88711790044883
2.0381256005E9	59.87892898992668
2.0458898885E9	59.90520766609923
2.0536541765E9	59.905276208051156
2.0614184645E9	59.907236149848956
2.0691827525E9	59.84692553778331
2.0750539395E9	59.70331194262479
2.0789360835E9	0.0
2.0847113285E9	0.0
2.0924756165E9	7.193984970780238
2.1002399045E9	59.87501916538544
2.1080041925E9	59.8421116518064
2.1157684805E9	59.88027000683325
2.1235327685E9	59.857767627086865
2.1312970565E9	59.165534233454494
2.1390613445E9	59.82016996345448
2.1468256325E9	59.849616523717145
2.1545899205E9	59.91166596074011
2.1623542085E9	59.888187258345596
2.1701184965E9	59.90365065303907
2.1778827845E9	59.88660869725308
2.1856470725E9	59.74538844574949
2.1904682635E9	59.60562975854994
2.1943504075E9	0.0
2.2011756485E9	0.0
2.2089399365E9	41.61590346907626
2.2167042245E9	59.871410477152295
2.2244685125E9	59.8445939420121
2.2322328005E9	59.86405281615356
2.2399970885E9	59.884990619509395
2.2477613765E9	59.89385888709773
2.2555256645E9	59.8768863759906
2.2632899525E9	59.89488066848786
2.2710542405E9	59.87421267694775
2.2788185285E9	59.89085980699012
2.2865828165E9	59.90132921721266
2.2943471045E9	59.76705693073098
2.2983401385E9	59.83827954432282
2.3022222825E9	0.0
2.3098756805E9	0.0
2.3176399685E9	23.089617001710604
2.3254042565E9	56.21539722791401
2.3331685445E9	57.73646394823567
2.3409328325E9	59.61940690056029
2.3486971205E9	59.849384467363336
2.3564614085E9	59.82188505293133
2.3642256965E9	59.86297096721094
2.3719899845E9	59.57461295672068
2.3797542725E9	58.58265231599197
2.3875185605E9	59.75445329652511
2.3952828485E9	59.882575372638755
2.399803605E9	57.55139211726812
2.403685749E9	59.58740826861958
2.4108114245E9	59.8776184354239
2.4185757125E9	53.58147393678018
2.4263400005E9	56.701781879818824
2.4341042885E9	38.28151756759182
2.4418685765E9	1.4711051701759679
2.4496328645E9	50.05527213594615
2.4573971525E9	59.87876649937584
2.4651614405E9	59.913888875655154
2.4729257285E9	59.3711680468968
2.4806900165E9	59.8499165406791
2.4876763615E9	58.93708412019181
2.4915585055E9	59.13365471835855
2.4962185925E9	59.7790630218147
2.5039828805E9	59.81124130139129
2.5117471685E9	43.85191427875401
2.5195114565E9	38.92116268694048
2.5272757445E9	57.20230605750121
2.5350400325E9	57.78428109931322
2.5428043205E9	59.896163677935185
2.5505686085E9	59.84375666987247
2.5583328965E9	59.7274917781022
2.5660971845E9	59.871631399444276
2.572008666E9	59.41109602560275
2.57589081E9	58.814749322912256
2.5816257605E9	59.887595978197844
2.5893900485E9	24.307882482738908
2.5971543365E9	51.145769722413014
2.6049186245E9	59.89831164092518
2.6126829125E9	59.87715351004255
2.6204472005E9	59.82247632776121
2.6282114885E9	59.87356826983704
2.6359757765E9	59.9100263650246
2.6437400645E9	59.88768624425728
2.6510167485E9	59.760811021371474
2.6548988925E9	48.16774610315031
2.6592686405E9	59.72578064263366
2.6670329285E9	59.090225938341646
2.6747972165E9	59.86891236512236
2.6825615045E9	58.41683766355642
2.6903257925E9	57.286094830163336
2.6980900805E9	59.845391485066436
2.7058543685E9	58.34750044339847
2.7113827085E9	59.79584036099313
2.7152648525E9	59.73702238828416
2.7213829445E9	59.894424337569255
2.7291472325E9	59.887298930640576
2.7369115205E9	37.668937565093884
2.7446758085E9	45.95196760552765
2.7524400965E9	59.922059055044436
2.7602043845E9	59.86570212110231
2.7679686725E9	59.89483727758703
2.774661944E9	59.62192021422074
2.778544088E9	0.0
2.7834972485E9	27.266268959531345
2.7912615365E9	55.35229829038924
2.7990258245E9	59.90141559222973
2.8067901125E9	59.909002894857466
2.8145544005E9	59.71357857247426
2.8213097995E9	58.277031602989986
2.8251919435E9	0.0
2.8300829765E9	0.0
2.8378472645E9	41.12918310767521
2.8456115525E9	55.996822120635414
2.8533758405E9	59.90217041049616
2.8611401285E9	59.82601014937537
2.8689044165E9	59.872096990561474
2.8738940415E9	59.518919555966235
2.8777761855E9	58.435432133859116
2.8844329925E9	59.8037196224293
2.8921972805E9	59.90516943017741
2.8999615685E9	59.9001735638938
2.9077258565E9	59.91008998151155
2.9154901445E9	59.87261215092927
2.9232544325E9	58.03007267225394
2.9310187205E9	45.921180365279675
2.9387830085E9	38.97225018757463
2.9465472965E9	57.58584990966755
2.9543115845E9	59.89570731541353
2.9620758725E9	59.85119655463572
2.9698401605E9	59.845697903658014
2.9776044485E9	57.99513355721963
2.9853687365E9	59.91892015795945
2.9931330245E9	58.44930485760744
3.0008973125E9	59.87530415743806
3.0086616005E9	58.55136043562781
3.0164258885E9	58.013197565157895
3.0241901765E9	59.20181660301166
3.029557369E9	56.248302912578175
3.033439513E9	45.49399217128904
3.0397187525E9	19.213183010887956
3.0474830405E9	3.5506043149214954
3.0552473285E9	5.428163386606789
3.0630116165E9	0.0
3.0707759045E9	0.0
3.0785401925E9	0.0
3.0853460845E9	49.93115394332907
3.088278117E9	59.95486583405466
3.088373929E9	55.665410804311364
3.0884774725E9	35.53179505459524
3.0885573295E9	59.24477971225438
3.0886546005E9	30.776565755360558
3.0887081185E9	35.67328401402745
3.0887493115E9	45.41418481669865
3.088858438E9	35.69491362784845
3.088966832E9	55.160606085681124
3.089008063E9	58.920080040184786
3.089109657E9	14.932401644276792
3.089267292E9	18.799335941579795
3.08942189E9	12.78683937021061
3.089604443E9	42.34440902546475
3.089755642E9	53.048256888928584
3.0898220175E9	17.996955404280104
3.0898610755E9	21.417230542231287
3.089968525E9	32.539182904529746
3.0900764725E9	38.43164947014795
3.090141311E9	4.099333334189515
3.090191469E9	0.9961137019764601
3.090297168E9	42.19904590322344
3.090503609E9	30.154093199587468
3.0907062205E9	57.30955444942186
3.09089898E9	44.36540794566686
3.091013772E9	53.670566253602274
3.091052607E9	59.039937947579745
3.0911587895E9	50.82058202201362
3.091267064E9	59.91660443647898
3.0915130575E9	10.743960970994028
3.092673561E9	17.17240418786862
3.093702736E9	47.0150345938602
3.093935951E9	39.69862977638353
3.094132646E9	31.670282645016012
3.0942642985E9	17.11986324865933
3.094360447E9	51.66397312669327
3.0944711045E9	21.602251780832162
3.0946435155E9	18.18127597250994
3.094747446E9	41.215443175661164
3.0948598115E9	12.244311212166666
3.0950026905E9	36.359143990536765
3.095104297E9	48.47791855292579
3.095190977E9	24.686996393857616
3.0952465895E9	0.0
3.0952663465E9	0.0
3.095268566E9	3.6245816288583117
3.0952706195E9	2.581537356321839
3.0952723265E9	0.0
3.0952838005E9	2.0
3.0952967465E9	15.933774834437086
3.095299555E9	2.029672979293131
3.0953008775E9	2.1923326308964177
3.0953027375E9	7.064752383166706
3.0953043745E9	2.424493927125506
3.095311073E9	2.3194694244604315
3.0953361175E9	6.875329547759075
3.095355552E9	0.9972542559033498
3.0953574645E9	3.2531075926789783
3.095360032E9	0.9964507542147294
3.095361791E9	9.91016548463357
3.095363378E9	17.581328320802005
3.095365611E9	21.518944944525852
3.0953678415E9	0.0
3.095369933E9	0.0
3.095371677E9	11.977445652173913
3.09537289E9	4.147791952894995
3.0953743225E9	0.0
3.095375945E9	12.0
3.095572656E9	47.53397274553684
3.095769303E9	53.86168498984585
3.0957708065E9	11.116165718927702
3.0957736535E9	55.04519400761034
3.095822105E9	49.85732998967478
3.095924849E9	18.85888474810225
3.095983129E9	59.41798460525835
3.095986364E9	23.181162776011956
3.0959887305E9	44.594496741491675
3.0959909825E9	31.73245579256205
3.095993051E9	5.952714535901927
3.0959946765E9	59.86530422666048
3.096006671E9	41.19900519438864
3.0960870785E9	43.87627821916341
3.0961589785E9	58.015760886056746
3.096165879E9	57.58339212178621
3.096173123E9	56.141510756233835
3.09617898E9	51.42928130701457
3.096183283E9	52.99644414780377
3.096185859E9	32.623645510835914
3.0961883E9	10.865538699312644
3.0961908755E9	7.0
3.096192456E9	0.0
3.096238607E9	49.93605268748672
3.0962848625E9	23.76923076923077
3.096286263E9	0.0
3.0962877625E9	0.0
3.096289947E9	36.01983032873807
3.096292208E9	0.0
3.0962965075E9	0.0
3.096315547E9	12.96777506674932
3.0963533005E9	44.32706723785216
3.09637788E9	48.75669367623745
3.096382479E9	58.52585761418293
3.0963879875E9	59.79640887883501
3.0963943185E9	48.359473766500635
3.096398918E9	0.992173017507724
3.0964033365E9	41.96491769528647
3.0964070605E9	50.52680174403693
3.0964084065E9	34.0
3.0964096105E9	0.0
3.096411644E9	22.76941469057081
3.0964135175E9	0.0
3.0964147555E9	3.9766763848396502
3.0964161835E9	0.0
3.0964174105E9	22.88383203419663
3.096418484E9	26.62501683707831
3.096419946E9	0.0
3.096422275E9	0.0
3.0964254675E9	0.0
3.0964313925E9	0.0
3.0964360765E9	0.0
3.096437123E9	0.0
3.0964382945E9	0.0
3.096440137E9	0.9951739903479807
3.096442099E9	0.0
3.096443439E9	1.2373022481265612
3.0964449505E9	0.0
3.0964464985E9	5.685505925250684
3.0964475915E9	0.0
3.0964489705E9	2.2869458128078817
3.0964506065E9	1.1545209176788125
3.0964522235E9	0.0
3.0964537525E9	0.9939430648092066
3.0964552355E9	1.0
3.09645655E9	0.0
3.0964580005E9	1.0
3.0964594605E9	0.9981604120676968
3.096462063E9	0.0
3.0964647385E9	0.0
3.0964666345E9	0.0
3.0964687875E9	0.0
3.096470338E9	0.0
3.0964722525E9	0.0
3.096474844E9	0.0
3.0964802425E9	58.3959731242398
3.0964880595E9	59.59413407030815
3.0965833285E9	39.14110746812157
3.0967643755E9	57.17692820929826
3.0969348755E9	16.553544699709462
3.097105623E9	43.26287095266046
3.0972741855E9	17.98365490637683
3.0973604055E9	7.00944303793899
3.097450029E9	1.9966036812000623
3.0976374775E9	16.858712365935098
3.0978270425E9	37.925121672604014
3.0979310955E9	57.90420827840503
3.097952041E9	0.0
3.0979864125E9	56.91290977777225
3.098119023E9	13.562238284816468
3.098265051E9	19.871584211044393
3.098391091E9	55.5652116136886
3.0985448955E9	45.04665868032496
3.0986946915E9	38.24218864391312
3.098783935E9	0.0
3.0988292795E9	38.25155157200089
3.098880847E9	25.653846068824738
3.098919304E9	51.26171784735103
3.0989774605E9	37.804615136886774
3.099052881E9	43.43848692114553
3.0991573655E9	41.22034293310854
3.099319594E9	28.815069542651354
3.0995012675E9	20.579934827402273
3.099670145E9	41.788192732118944
3.09983663E9	0.0
3.0999236415E9	0.0
3.099926258E9	0.0
3.0999293305E9	0.0
3.0999317075E9	0.0
3.099933225E9	0.0
3.099934473E9	0.0
3.099935544E9	0.0
3.099936873E9	55.5289294375794
3.0999392435E9	59.96413628212792
3.0999417715E9	59.68396695241645
3.099944294E9	59.96727570220889
3.099947122E9	0.9948612538540597
3.099949542E9	0.0
3.099951465E9	0.0
3.0999532635E9	0.0
3.0999548975E9	59.96875
3.099956276E9	0.0
3.0999589355E9	59.82734306513702
3.099961492E9	0.0
3.0999627755E9	0.0
3.099966206E9	54.17971780097091
3.099971928E9	0.0
3.0999763185E9	59.756727208605184
3.0999787225E9	0.0
3.099980804E9	0.0
3.099982934E9	0.0
3.0999846185E9	56.0446247464503
3.0999859675E9	1.0
3.099987108E9	0.0
3.0999883185E9	0.9911256422232602
3.099989888E9	0.0
3.0999934275E9	59.66939461137031
3.099997199E9	49.167302612268855
3.0999989405E9	0.0
3.100000503E9	0.0
3.100002242E9	60.0
3.100004537E9	58.990889978976874
3.100007437E9	0.0
3.1000093805E9	0.0
3.1000104305E9	0.0
3.100011833E9	0.0
3.1000136915E9	59.306803594351734
3.1000154645E9	0.0
3.100017134E9	0.0
3.1000187915E9	0.0
3.100020568E9	0.0
3.1000221625E9	0.0
3.1000236955E9	0.0
3.1000264625E9	54.53881761671737
3.100029677E9	58.980085981123686
3.100031578E9	59.43884892086331
3.1000326205E9	0.0
3.100033658E9	0.0
3.100035464E9	53.682384054506336
3.1000409715E9	41.67856425960093
3.1000479435E9	35.562962405590724
3.100051797E9	56.3323728301536
3.100053416E9	57.73071104387292
3.10005829E9	56.685866043154874
3.1000639665E9	47.28218508154983
3.1000665115E9	22.29538243434821
3.100068816E9	59.30635838150289
3.100070957E9	59.023661270236616
3.1000725955E9	0.0
3.10007379E9	50.640375639341514
3.1000757855E9	59.856674830624385
3.1000785755E9	59.91486555352379
3.1000897445E9	59.94676988950083
3.1001009405E9	59.95590396864282
3.1001076425E9	59.941404117482925
3.1001174535E9	0.0
3.10012562E9	59.93402666422321
3.1001304845E9	59.939641109298535
3.1001326025E9	53.855127662575825
3.100134138E9	40.833898305084745
3.100136976E9	59.922413116811796
3.1001412695E9	59.627337141430225
3.1001454075E9	0.0
3.1001489115E9	0.0
3.1001523505E9	59.783043545160794
3.1001553555E9	51.3716268311488
3.1001569595E9	43.51975683890578
3.1001596515E9	59.84008860890935
3.100164687E9	59.93755469877238
3.100169456E9	59.929245283018865
3.100173756E9	59.93229532699179
3.100178605E9	0.0
3.100182461E9	59.86382520387752
3.1001845245E9	1.0
3.100186698E9	59.929489838241395
3.1001901715E9	59.66580976863753
3.1001926785E9	44.30906420478389
3.1001942255E9	0.0
3.100196577E9	59.90717013972828
3.100199826E9	59.96192044460454
3.1002050385E9	59.958554672180824
3.1002116325E9	59.8552383879519
3.100215983E9	59.976838448176025
3.100218536E9	0.0
3.1002222875E9	0.0
3.100226716E9	0.0
3.100230998E9	59.91150442477876
3.10023432E9	59.94808084554052
3.100237109E9	54.28778234086242
3.100241596E9	59.93862896267639
3.1002465235E9	0.0
3.100249222E9	0.0
3.1002504975E9	59.98613607188703
3.1002526125E9	59.90549027985473
3.1002555955E9	59.8398291510945
3.1002585615E9	59.85031287568201
3.1002608765E9	59.928645755909024
3.100264232E9	0.0
3.1002683515E9	0.0
3.1002730005E9	59.68323221892346
3.100276567E9	0.0
3.1002785615E9	59.953729885352935
3.1002805655E9	32.29448214812629
3.1002818545E9	0.0
3.100283864E9	0.0
3.100286221E9	0.0
3.1002886105E9	0.0
3.100297238E9	0.0
3.100308266E9	0.0
3.1003148695E9	0.0
3.1003201675E9	59.73332225637618
3.100323191E9	55.87803992740472
3.100327556E9	59.93305566073457
3.1003361335E9	59.81374946570342
3.100341505E9	45.365280289330926
3.100343284E9	59.611037410453704
3.1003451525E9	59.81435981435981
3.10034797E9	0.0
3.1003522945E9	59.9467078249221
3.1003595775E9	59.32841621655181
3.100367519E9	59.872403231181856
3.1003726985E9	59.90670294885322
3.1003758895E9	59.92584309340239
3.1003787135E9	0.0
3.1003813635E9	0.0
3.100384543E9	59.938492250832915
3.100388122E9	52.21261725704871
3.100390936E9	59.96466162556522
3.1003962175E9	59.886681657149325
3.1004020815E9	59.916793382397664
3.1004062135E9	51.71317008603574
3.100409423E9	0.0
3.1004119315E9	59.793860698898996
3.100414125E9	59.81802097813724
3.100417918E9	59.87242323771083
3.100423028E9	59.96085376083512
3.1004269835E9	59.942574772431726
3.1004299135E9	59.977699904428164
3.100431937E9	0.0
3.100433132E9	0.0
3.100434876E9	0.0
3.1004377605E9	58.092422020142756
3.1004408225E9	59.92584047462096
3.1004441155E9	0.0
3.1004490815E9	59.88510390018401
3.100453243E9	59.91749833666001
3.1004556705E9	59.948960061247924
3.1004587745E9	59.972960793150065
3.100461398E9	0.0
3.100462798E9	42.8534085084572
3.1004649905E9	59.904095904095904
3.100471036E9	0.0
3.1004779445E9	59.946843853820596
3.1004820575E9	49.24240499629512
3.100486718E9	59.92653396595752
3.1004910255E9	0.0
3.10049749E9	0.0
3.1005038655E9	0.0
3.1005113075E9	0.0
3.100520375E9	59.94698495009922
3.100524579E9	59.97181610005285
3.100528576E9	59.96343146274149
3.100533401E9	59.92282958199357
3.1005371995E9	59.85733639304377
3.100540127E9	0.0
3.100544135E9	0.0
3.1005486665E9	59.89659383200395
3.1005512115E9	59.88101140307387
3.100552639E9	59.95170810230728
3.1005539095E9	0.0
3.1005560785E9	59.9522725402529
3.100558656E9	59.90656736628301
3.100561947E9	58.29572500499628
3.10056789E9	0.0
3.100573138E9	0.0
3.100576513E9	59.93289045553146
3.100580371E9	59.8192280549373
3.100591292E9	30.182085195211847
3.100602639E9	59.97719389936808
3.100606305E9	59.9597675458203
3.100608874E9	59.9454985870004
3.1006116575E9	59.96238090694727
3.1006156585E9	59.948138806625764
3.100620518E9	0.0
3.1006254325E9	59.944868625434815
3.1006312815E9	0.0
3.1006367155E9	57.681695404739656
3.100640534E9	59.958954929355116
3.100643878E9	59.401287712460224
3.100647993E9	0.0
3.1006508345E9	0.0
3.100653317E9	0.0
3.1006563755E9	0.0
3.1006598935E9	0.0
3.1006649805E9	0.0
3.1006712605E9	0.0
3.1006757165E9	0.0
3.100677201E9	18.05507051712559
3.10067847E9	0.0
3.100683289E9	59.92491443979673
3.1006885805E9	59.94412813281541
3.100691006E9	59.76022864019254
3.1006942785E9	0.0
3.1006969395E9	0.0
3.1006991355E9	56.865971468649924
3.1007016905E9	0.9992307692307693
3.100704182E9	0.0
3.100706833E9	47.03903721113773
3.100708945E9	0.0
3.100712266E9	0.0
3.10071577E9	60.0
3.100717503E9	57.42920029347029
3.100719116E9	0.0
3.1007206285E9	0.0
3.1007221265E9	0.0
3.100724699E9	0.0
3.1007268945E9	59.922799794132786
3.1007289465E9	54.395648312611016
3.1007309285E9	0.0
3.1007330965E9	59.66742420043235
3.1007392415E9	59.972815245102346
3.1007470865E9	59.93580395637839
3.1007528755E9	0.0
3.1007561985E9	59.925
3.1007588475E9	59.90232691755243
3.100761762E9	0.0
3.1007635275E9	0.0
3.100764747E9	22.111527257594673
3.1007667445E9	40.59861273608558
3.1007691425E9	59.58392192115063
3.100772442E9	0.0
3.100775528E9	57.46477995262436
3.100781116E9	59.92859632271062
3.10079114E9	59.89124191587286
3.100797975E9	59.927847448891946
3.1008007345E9	59.889045438534694
3.100804877E9	59.85052868557509
3.100809349E9	0.0
3.1008114985E9	0.0
3.1008137425E9	10.46136494861234
3.1008164375E9	8.23916005073519
3.100825815E9	10.156277225843432
3.100837982E9	7.087185633869138
3.100842972E9	0.0
3.1008451085E9	0.0
3.10084822E9	59.95578481945468
3.1008510465E9	60.0
3.100852321E9	0.0
3.1008571395E9	59.95432497216088
3.1008619615E9	0.0
3.1008648315E9	59.944493831443374
3.100868278E9	59.95239812477461
3.100873156E9	55.734040413623
3.1008795525E9	52.525999443075484
3.100884274E9	54.13584111920951
3.10088846E9	32.299433972838166
3.1008916615E9	17.529326159816545
3.10089384E9	41.0
3.1008970555E9	59.24748738024106
3.1008998325E9	46.597485572959606
3.100902708E9	49.34441129623543
3.1009063655E9	54.63504878171934
3.1009089965E9	54.51975281533298
3.1009125255E9	49.76290515874988
3.1009156975E9	58.589029245617326
3.100917935E9	54.56743418174182
3.1009210515E9	56.52273974257655
3.1009240305E9	50.371547441197926
3.100926116E9	50.768957992362246
3.1009275335E9	28.775812194036494
3.100928649E9	50.90959610995336
3.1009304855E9	53.32403944236654
3.100935775E9	59.97097790309451
3.1009404825E9	0.0
3.1009433075E9	54.53617255221966
3.100962012E9	11.86371019943942
3.100979643E9	37.75132275132275
3.1009826315E9	57.54459049544995
3.100986095E9	58.35352720384467
3.100988659E9	60.0
3.1009913515E9	58.741376163533495
3.100994484E9	2.02498398462524
3.100999235E9	44.01066907775768
3.1010045095E9	57.14827261471684
3.101007663E9	0.0
3.101009454E9	0.0
3.1010139635E9	0.0
3.10102777E9	0.0
3.101038557E9	47.627743792731195
3.1010399745E9	0.0
3.10104147E9	0.0
3.101043057E9	0.0
3.101044461E9	0.0
3.101046252E9	0.0
3.101048543E9	59.986708019494905
3.101051444E9	59.88180242634316
3.101053714E9	0.0
3.101055658E9	0.0
3.1010593945E9	0.0
3.1010636115E9	59.93975313479624
3.101066684E9	0.0
3.101069485E9	0.0
3.10107171E9	0.0
3.1010747125E9	59.909545521400204
3.101082788E9	59.9566378847158
3.1010891985E9	59.940677966101696
3.101090371E9	0.0
3.101091454E9	0.0
3.1010926105E9	0.0
3.101093789E9	0.0
3.101094954E9	0.0
3.1010960955E9	0.0
3.1010976565E9	59.991421218187014
3.1010992105E9	0.0
3.1011004015E9	0.0
3.101103073E9	59.90453790813503
3.101108811E9	0.0
3.1011134185E9	47.395348837209305
3.1011171035E9	59.73426801434627
3.1011208445E9	3.9160839160839163
3.1011223705E9	59.84404213598431
3.1011236055E9	59.510213929548016
3.101126918E9	59.92626216575155
3.101130602E9	42.25691275167785
3.1011321595E9	0.0
3.101133927E9	51.8141225337487
3.1011356635E9	0.0
3.1011368845E9	0.9759704251386322
3.1011381815E9	0.0
3.10113931E9	50.907838983050844
3.1011404165E9	0.0
3.101141667E9	60.0
3.101143503E9	59.68942471497838
3.1011454715E9	59.96647108130763
3.101147397E9	59.55950041209662
3.1011501335E9	49.399873657612126
3.101157518E9	58.147263574447464
3.1011645045E9	59.97531926032571
3.1011668885E9	22.717398463227223
3.1011686545E9	0.0
3.1011709785E9	59.44444444444444
3.101173445E9	0.0
3.101205684E9	42.650977118118085
3.1012403025E9	45.45775442194309
3.1012453615E9	39.79979704418607
3.1012505225E9	56.63044158995871
3.1012614495E9	38.97385645827518
3.1012739195E9	47.78403684178634
3.101281912E9	59.29763189888276
3.1012871705E9	56.6656051769535
3.101295694E9	55.835964783565665
3.1013044905E9	56.0735808258076
3.1013083555E9	51.31147968497366
3.1013114625E9	54.31857325305601
3.101316135E9	48.89832156207012
3.1013198035E9	59.94671403197158
3.101320917E9	0.0
3.101322018E9	60.0
3.1013238925E9	35.388922764227644
3.101326703E9	49.262693922466894
3.1013294495E9	58.21912154858996
3.1013318685E9	13.618507271855522
3.1013343305E9	39.21175223793096
3.101336736E9	46.70006279215796
3.101339303E9	59.08027023932211
3.101342702E9	52.3201142976048
3.101345195E9	59.98637911464245
3.1013472335E9	0.0
3.101349218E9	0.0
3.1013517465E9	59.868035190615835
3.101354867E9	0.0
3.1013568785E9	58.73641304347826
3.101370363E9	59.41863664790494
3.1013921985E9	59.9429121453649
3.1014090845E9	59.94634078026992
3.101423574E9	57.556135098249406
3.101436092E9	0.0
3.1014467775E9	0.0
3.10145676E9	59.888464378965246
3.1014665925E9	59.93379497662312
3.101476343E9	59.89040553253999
3.1014858855E9	59.94005937336519
3.1014950245E9	0.0
3.101503724E9	0.0
3.1015121195E9	44.85009322238719
3.101520406E9	0.0
3.101528602E9	59.913859389702914
3.101536693E9	59.965312837813755
3.1015446345E9	59.53101368701265
3.1015524055E9	59.5065845318519
3.1015601115E9	0.0
3.101567702E9	59.938584172320354
3.1015751255E9	0.0
3.1015823905E9	59.93008838541018
3.101589504E9	59.93851524450325
3.101596546E9	0.0
3.101603554E9	0.0
3.1016105495E9	0.0
3.101617536E9	36.01995223405314
3.101624424E9	0.0
3.101631085E9	59.88160878245864
3.1016374705E9	59.12562747283081
3.1016435565E9	59.92228430700603
3.1016494765E9	0.0
3.1016553825E9	59.93329432416618
3.101661271E9	0.0
3.1016671275E9	0.0
3.101672916E9	0.0
3.101678576E9	0.0
3.101684071E9	0.0
3.1016894025E9	0.0
3.1016946505E9	59.9122696894731
3.1016998325E9	0.0
3.1017049205E9	0.0
3.101709929E9	0.0
3.101714835E9	58.81018123016842
3.1017196755E9	59.41716533102151
3.101724499E9	0.0
3.101729313E9	0.0
3.1017340725E9	59.9594703474319
3.1017387675E9	0.0
3.10174343E9	59.16585331903151
3.1017480095E9	0.0
3.101752486E9	56.45187508912021
3.1017569135E9	59.93522048652114
3.101761326E9	59.214808505723894
3.1017657265E9	59.89702383274174
3.101770102E9	0.0
3.101774441E9	0.0
3.1017787455E9	55.67249203437289
3.1017830115E9	59.93744162304233
3.1017872465E9	59.95499760924799
3.1017914715E9	59.92332775182868
3.1017956905E9	0.0
3.1017999035E9	59.942867759765896
3.1018041115E9	59.299189660832454
3.1018082655E9	0.0
3.101812367E9	59.89085382702404
3.101816459E9	0.0
3.101820484E9	58.2557829364048
3.101824445E9	0.0
3.101828395E9	0.0
3.1018323325E9	55.65279577666526
3.101836262E9	58.98566767653228
3.1018401885E9	0.0
3.10184411E9	21.360112694557994
3.1018480235E9	0.0
3.1018519235E9	0.0
3.1018558145E9	56.185188432481404
3.101859689E9	0.0
3.1018635415E9	59.92950005685479
3.101867382E9	0.0
3.1018712145E9	0.0
3.1018750435E9	59.93628769644627
3.10187887E9	0.0
3.101882693E9	0.0
3.101886508E9	0.0
3.101890313E9	0.0
3.101894113E9	56.09366320830008
3.101897881E9	0.0
3.1019016E9	59.52343129467832
3.1019052995E9	53.32530635718815
3.1019089945E9	0.0
3.1019126835E9	59.90820401756443
3.101916365E9	59.931596305201886
3.1019200355E9	0.0
3.101923674E9	60.0
3.101927286E9	58.6654070858123
3.1019308945E9	59.94908726964165
3.1019344895E9	55.49230916823895
3.101938072E9	0.0
3.101941634E9	0.0
3.1019451695E9	59.90267639902677
3.101948697E9	40.18493150684932
3.1019522085E9	59.95926680244399
3.101955703E9	59.6846105129829
3.1019591915E9	59.863118768068915
3.101962651E9	0.0
3.101966064E9	57.718513244090005
3.1019694465E9	59.938665063138906
3.101972819E9	0.0
3.101976185E9	59.961137707687975
3.101979541E9	59.07963631217717
3.1019828865E9	58.50029589439207
3.1019862165E9	59.966573816155986
3.1019895175E9	59.964994165694286
3.1019927975E9	59.95115853126726
3.1019960665E9	56.98148458121419
3.1019993255E9	59.960326047753014
3.102002581E9	59.749226391329366
3.102005831E9	59.96021806394578
3.1020090695E9	0.0
3.1020122965E9	0.0
3.1020155165E9	0.0
3.1020187305E9	59.26235697305264
3.1020219335E9	55.13785748487355
3.102025125E9	59.95367689635206
3.102028308E9	59.442684843866914
3.1020314845E9	43.969097897154974
3.102034659E9	0.0
3.1020378305E9	55.415003300537514
3.1020409985E9	59.870019037615705
3.102044163E9	0.0
3.102047316E9	57.258628291978994
3.102050456E9	58.37997513147238
3.1020535825E9	59.50870706745968
3.1020566935E9	56.038943961157194
3.102059793E9	58.0870309225504
3.102062879E9	59.62936816096011
3.102065945E9	0.0
3.102068997E9	0.0
3.10207203E9	31.101257079707143
3.1020750435E9	59.42447726275771
3.102078054E9	0.0
3.102081057E9	0.0
3.102084054E9	55.58418556299136
3.102087044E9	58.39331670602777
3.102090025E9	57.504741960331216
3.102092998E9	0.0
3.102095965E9	60.0
3.1020989315E9	0.0
3.1021018915E9	58.884330279007514
3.1021048445E9	59.61006227292379
3.1021077875E9	59.95835646862854
3.1021107135E9	49.9933675309582
3.10211362E9	59.713283608595276
3.102116511E9	59.01419738951225
3.102119394E9	59.96579811889654
3.1021222725E9	59.940716787927784
3.1021251475E9	58.08158875273691
3.1021280175E9	59.1823967016223
3.1021308845E9	0.0
3.10213375E9	59.91075181891674
3.1021366145E9	59.93132983829285
3.102139476E9	59.94747347410442
3.1021423325E9	44.479012725476395
3.1021451745E9	59.96885659202135
3.1021480035E9	0.0
3.1021508295E9	59.90202136110866
3.102153651E9	59.94035711179314
3.102156467E9	13.03093203093203
3.102159278E9	0.0
3.1021620835E9	0.0
3.10216488E9	0.0
3.102167667E9	59.875697677252674
3.1021704475E9	58.34448020148314
3.102173225E9	0.0
3.1021759985E9	0.0
3.102178768E9	0.0
3.102181536E9	53.08573372646859
3.102184301E9	55.920769197226704
3.102187055E9	41.8328079687303
3.1021897985E9	53.699516337294554
3.1021925375E9	59.92785089184314
3.10219527E9	42.02082599083656
3.1021979975E9	0.0
3.10220072E9	59.25680679590503
3.102203437E9	53.91368429624201
3.1022061485E9	0.0
3.1022088545E9	59.772495260317925
3.1022115525E9	0.0
3.102214244E9	59.93459667952373
3.1022169345E9	59.46464238878241
3.102219623E9	59.972439136426274
3.102222305E9	0.0
3.1022249775E9	56.58267223382046
3.1022276455E9	59.36211131434544
3.102230311E9	59.570463534357145
3.10223297E9	0.0
3.1022356195E9	0.0
3.1022382625E9	59.9588279695327
3.1022408995E9	59.938605603013904
3.1022435315E9	59.9453717754173
3.1022461615E9	56.939269947238074
3.102248787E9	59.927846071619456
3.1022514095E9	59.97829232995659
3.10225403E9	59.087801481293916
3.102256642E9	59.893679858239814
3.102259246E9	58.150640080231256
3.102261848E9	59.97482825528344
3.1022644475E9	0.0
3.102267045E9	0.0
3.1022696415E9	0.0
3.1022722365E9	3.1971399387129726
3.1022748265E9	0.0
3.102277412E9	48.48406374501992
3.102279996E9	59.80798010729169
3.1022825765E9	59.94348188640786
3.10228515E9	59.50563746747615
3.102287719E9	55.41559394490437
3.102290279E9	0.0
3.1022928285E9	0.0
3.1022953765E9	53.107575233483225
3.1022979235E9	0.0
3.102300469E9	55.338199282960154
3.1023030085E9	0.0
3.102305542E9	59.81578292257904
3.1023080695E9	59.88017973040439
3.1023105915E9	46.87977139261745
3.10231311E9	59.97830192469964
3.102315624E9	0.0
3.102318134E9	0.0
3.1023206395E9	0.0
3.10232314E9	59.959052753702316
3.102325624E9	0.0
3.102328092E9	0.0
3.1023305565E9	0.0
3.102333018E9	0.0
3.102335476E9	0.0
3.1023379295E9	0.0
3.102340372E9	0.0
3.1023428065E9	54.50731158605174
3.1023452395E9	54.96100411995784
3.102347669E9	40.14276184122748
3.102350093E9	55.060152377831486
3.1023525135E9	59.9640088593577
3.1023549305E9	59.95595957314663
3.1023573395E9	0.0
3.102359743E9	0.0
3.1023621455E9	59.86921189819074
3.102364545E9	59.18449830057633
3.102366941E9	0.0
3.1023693355E9	0.0
3.1023717265E9	0.0
3.1023741115E9	0.0
3.102376493E9	59.83471074380165
3.1023788735E9	0.0
3.1023812475E9	0.0
3.1023836135E9	55.43243902439024
3.102385977E9	56.20882192308928
3.1023883325E9	0.0
3.102390676E9	59.91038088125467
3.102393013E9	0.0
3.1023953465E9	0.0
3.102397678E9	54.02276130578017
3.1024000085E9	0.0
3.102402335E9	0.0
3.102404656E9	59.87715179968701
3.1024069725E9	59.87536783797819
3.1024092835E9	59.96339765267555
3.1024115905E9	40.19197171381032
3.1024138915E9	60.0
3.102416183E9	59.9589220140661
3.102418466E9	0.0
3.1024207435E9	49.367739052725646
3.102423018E9	59.42229254571027
3.1024252855E9	0.0
3.1024275435E9	0.0
3.1024297965E9	57.573457359937514
3.102432045E9	0.0
3.102434287E9	0.0
3.102436518E9	34.13523424945404
3.1024387395E9	52.219271997272834
3.1024409585E9	0.0
3.102443175E9	0.0
3.102445389E9	59.97849333890913
3.102447597E9	55.209411708528314
3.1024497985E9	0.0
3.102451997E9	59.78276281142394
3.1024541925E9	50.81944100915162
3.102456381E9	0.0
3.102458562E9	59.9688028077473
3.10246074E9	59.87377832318008
3.102462917E9	59.94370522006141
3.102465094E9	0.0
3.1024672665E9	58.94868804664723
3.1024694305E9	51.78452859793532
3.102471588E9	0.0
3.1024737375E9	0.0
3.102475881E9	59.900688213258995
3.1024780205E9	59.85208142565331
3.1024801555E9	0.0
3.102482287E9	0.0
3.1024844155E9	59.98119417019276
3.102486542E9	57.4054054054054
3.102488667E9	0.0
3.1024907905E9	0.0
3.102492907E9	59.82946470866888
3.1024950155E9	60.0
3.1024971155E9	59.70108303249098
3.102499209E9	59.94214079074253
3.1025012995E9	0.0
3.1025033865E9	0.0
3.1025054725E9	59.9408950182944
3.1025075575E9	59.77888336097291
3.1025096395E9	0.0
3.102511719E9	32.865
3.1025137965E9	0.0
3.10251587E9	59.867842504036766
3.1025179385E9	59.939168638053395
3.102520002E9	59.96575457445023
3.10252206E9	0.0
3.102524114E9	59.92122388400502
3.1025261605E9	59.991700096832204
3.1025281985E9	59.95905786018495
3.102530234E9	35.0
3.1025322685E9	59.979954061390686
3.1025343015E9	14.109635811836116
3.102536332E9	0.0
3.102538359E9	0.0
3.102540382E9	51.37133796436122
3.1025424015E9	0.0
3.102544418E9	0.0
3.10254643E9	59.91277917272367
3.102548438E9	0.0
3.102550444E9	59.974679092667486
3.102552448E9	59.99312005503956
3.10255445E9	0.0
3.102556451E9	0.0
3.1025584515E9	0.0
3.1025604495E9	0.0
3.1025624435E9	0.0
3.102564432E9	13.0
3.102566415E9	0.0
3.102568394E9	59.76068376068376
3.102570368E9	60.0
3.1025723375E9	0.0
3.1025743025E9	56.87181332036947
3.102576264E9	59.132186245107505
3.1025782245E9	59.54081632653061
3.1025801845E9	57.21547259873013
3.1025821415E9	59.87513007284079
3.1025840945E9	26.09840425531915
3.102586044E9	59.95046098802807
3.1025879895E9	59.9324387726377
3.102589933E9	0.0
3.102591875E9	0.0
3.102593814E9	0.0
3.1025957495E9	47.845651080945196
3.102597681E9	0.0
3.1025996075E9	0.0
3.1026015315E9	59.92105955617928
3.102603455E9	53.434106090373284
3.102605377E9	0.0
3.1026072965E9	0.0
3.102609213E9	0.0
3.102611128E9	0.0
3.1026130425E9	59.96740016299918
3.1026149555E9	0.0
3.1026168665E9	59.892252437147256
3.102618775E9	0.0
3.1026206805E9	0.0
3.102622581E9	59.9294670846395
3.102624475E9	59.99048600650123
3.1026263655E9	0.0
3.1026282545E9	0.0
3.1026301425E9	0.0
3.102632029E9	0.0
3.102633912E9	52.96414182111201
3.102635792E9	56.916776056707796
3.10263767E9	0.0
3.1026395465E9	59.95560159834246
3.1026414225E9	59.91965481327183
3.1026432975E9	0.0
3.1026451705E9	59.906103286384976
3.102647041E9	0.0
3.1026489085E9	59.96844596371286
3.102650774E9	59.969325153374236
3.102652639E9	59.92174763612651
3.102654504E9	0.0
3.1026563675E9	0.0
3.1026582295E9	59.82010046337759
3.10266009E9	0.0
3.1026619475E9	0.0
3.1026638035E9	0.0
3.1026656585E9	59.77422389463782
3.1026675105E9	32.112612612612615
3.10266936E9	47.276179316929216
3.102671209E9	59.98918334234722
3.102673057E9	59.98657417766838
3.1026749E9	0.0
3.1026767365E9	59.68772433596554
3.102678564E9	0.0
3.102680382E9	0.0
3.102682195E9	0.0
3.1026840045E9	59.89786347055758
3.1026858125E9	59.98923380584963
3.10268762E9	0.0
3.102689427E9	59.88978052789326
3.1026912315E9	0.0
3.102693033E9	59.942893401015226
3.1026948335E9	0.0
3.102696631E9	52.04478401057417
3.1026984255E9	60.0
3.1027002185E9	0.0
3.1027020085E9	0.0
3.1027037955E9	0.0
3.1027055795E9	0.0
3.1027073615E9	52.23013796384396
3.102709143E9	46.32360939431397
3.102710924E9	58.49651022864019
3.102712704E9	58.3724678397161
3.102714482E9	0.0
3.1027162525E9	0.0
3.1027180155E9	59.716257452701754
3.102719774E9	59.84191616766467
3.102721526E9	46.04548900682335
3.102723274E9	51.500242954324584
3.1027250205E9	18.751994198694707
3.102726766E9	0.0
3.1027285105E9	44.17484352917424
3.1027302535E9	41.0631970260223
3.1027319945E9	0.0
3.1027337345E9	0.0
3.1027354725E9	56.22206703910614
3.102737208E9	59.917312661498705
3.1027389415E9	0.0
3.1027406735E9	0.0
3.1027424045E9	59.973918713323194
3.102744133E9	59.84331056649257
3.1027458575E9	0.0
3.1027475775E9	0.0
3.1027492945E9	0.0
3.1027510075E9	14.635542168674698
3.1027527165E9	0.0
3.102754424E9	59.97026338147833
3.1027561305E9	59.949537426408746
3.102757836E9	0.0
3.1027595405E9	40.347961299239806
3.102761242E9	0.0
3.1027629405E9	59.96120968321241
3.102764638E9	0.0
3.102766335E9	59.90857782545827
3.102768031E9	0.0
3.102769726E9	0.0
3.10277142E9	0.0
3.10277311E9	0.0
3.1027747965E9	54.13012081655326
3.1027764795E9	0.0
3.102778159E9	0.0
3.102779838E9	55.6885162601626
3.1027815165E9	58.465748948163885
3.1027831925E9	20.612114285714284
3.1027848665E9	0.0
3.102786539E9	0.0
3.102788209E9	0.0
3.102789876E9	56.79111225939801
3.10279154E9	0.9929140832595217
3.1027932E9	59.973094170403584
3.102794855E9	0.0
3.1027965075E9	0.0
3.1027981585E9	0.0
3.102799808E9	0.0
3.102801457E9	0.0
3.1028031015E9	59.969864389753894
3.1028047405E9	0.0
3.1028063775E9	0.0
3.1028080115E9	59.98275862068966
3.102809643E9	60.0
3.1028112735E9	0.0
3.102812902E9	0.0
3.1028145275E9	47.142857142857146
3.102816148E9	0.0
3.1028177645E9	0.0
3.10281938E9	0.0
3.102820993E9	59.2581078810284
3.102822604E9	59.921052631578945
3.1028242125E9	0.0
3.102825818E9	0.0
3.102827423E9	0.0
3.1028290255E9	59.85334291876348
3.1028306245E9	13.132605304212168
3.1028322225E9	59.982427881095326
3.10283382E9	0.0
3.1028354165E9	55.653333333333336
3.102837012E9	0.0
3.1028386055E9	0.0
3.102840196E9	0.0
3.102841783E9	0.0
3.102843365E9	0.0
3.1028449435E9	58.93648449039882
3.102846521E9	0.0
3.102848098E9	0.0
3.102849675E9	59.892183288409704
3.1028512515E9	58.014553014553016
3.102852827E9	0.0
3.1028544015E9	59.960724416321185
3.1028559745E9	59.357650214414626
3.102857546E9	0.0
3.102859113E9	0.0
3.102860675E9	2.9773584905660377
3.102862236E9	59.894835887698356
3.1028637965E9	59.77744807121662
3.1028653565E9	59.82458989767744
3.1028669135E9	59.90930684517383
3.1028684665E9	0.0
3.1028700165E9	0.0
3.1028715635E9	0.0
3.102873107E9	0.0
3.1028746455E9	59.97191668616897
3.10287618E9	59.62798092209857
3.1028777125E9	22.072192513368982
3.1028792445E9	0.0
3.1028807755E9	0.0
3.102882304E9	49.610897435897435
3.1028838305E9	59.973074046372474
3.1028853555E9	0.0
3.102886879E9	53.45765418070684
3.102888402E9	0.0
3.1028899245E9	56.96483652066625
3.1028914465E9	59.830028328611895
3.102892967E9	59.92607335797555
3.102894483E9	0.0
3.1028959935E9	0.0
3.1028975015E9	0.0
3.102899008E9	0.0
3.102900512E9	0.0
3.1029020115E9	59.97632202052092
3.102903505E9	0.0
3.1029049955E9	59.2149866190901
3.1029064855E9	59.77877918885702
3.102907974E9	0.0
3.1029094605E9	53.75045687134503
3.102910946E9	59.791666666666664
3.1029124305E9	25.536857319843072
3.102913914E9	53.72626534890686
3.102915395E9	59.97229916897507
3.102916874E9	59.9601593625498
3.1029183515E9	59.96897850653667
3.102919827E9	57.48203788373612
3.1029213005E9	0.0
3.102922771E9	57.73362789963705
3.1029242395E9	0.0
3.102925707E9	60.0
3.102927173E9	45.62322274881517
3.1029286375E9	59.969635627530366
3.102930101E9	0.0
3.102931564E9	0.0
3.102933025E9	59.73835774230706
3.102934484E9	59.989340913128444
3.1029359425E9	59.972565157750346
3.1029374005E9	59.224137931034484
3.1029388565E9	47.1584
3.102940308E9	0.0
3.102941757E9	0.0
3.1029432055E9	55.84987113402062
3.1029446525E9	0.0
3.1029460965E9	59.79190751445087
3.102947538E9	59.54538126712881
3.1029489785E9	55.92194264069264
3.102950418E9	0.0
3.102951856E9	0.0
3.1029532925E9	59.94165316045381
3.102954725E9	41.366205652435355
3.102956154E9	0.0
3.102957582E9	0.0
3.1029590085E9	0.0
3.102960434E9	59.92914501653283
3.1029618585E9	59.919571045576404
3.1029632825E9	0.0
3.102964706E9	0.0
3.102966129E9	0.0
3.102967552E9	0.0
3.1029689705E9	0.0
3.1029703845E9	0.0
3.102971798E9	0.0
3.102973211E9	0.0
3.1029746225E9	0.0
3.102976032E9	0.0
3.102977441E9	0.0
3.1029788485E9	38.48642533936651
3.102980254E9	59.97851926106258
3.102981659E9	57.99829205807003
3.1029830635E9	0.0
3.1029844675E9	43.275547812102126
3.1029858705E9	60.0
3.1029872725E9	0.0
3.1029886745E9	46.56908462867012
3.1029900765E9	25.115696887686063
3.1029914775E9	0.0
3.1029928765E9	59.98360207707024
3.1029942735E9	0.0
3.102995669E9	0.0
3.1029970635E9	58.73739894201018
3.102998457E9	0.0
3.102999849E9	0.0
3.103001239E9	0.0
3.103002628E9	59.85663082437276
3.1030040165E9	59.352268345970955
3.103005404E9	0.0
3.1030067895E9	59.865921787709496
3.103008172E9	58.817602996254685
3.103009553E9	0.0
3.103010933E9	59.93006993006993
3.103012311E9	0.0
3.1030136875E9	59.978809818117604
3.1030150635E9	0.0
3.103016439E9	0.0
3.1030178135E9	0.0
3.1030191865E9	59.83067689494813
3.103020558E9	41.79357394366197
3.1030219285E9	0.0
3.1030232985E9	59.25493060628196
3.1030246665E9	0.0
3.103026031E9	0.0
3.1030273925E9	0.0
3.1030287505E9	0.0
3.103030106E9	58.267949666913395
3.103031461E9	1.0
3.1030328145E9	53.90355765109301
3.103034163E9	59.29154317793354
3.1030355075E9	0.0
3.1030368515E9	0.0
3.1030381945E9	58.078758949880665
3.1030395365E9	58.02314049586777
3.1030408755E9	59.92399565689468
3.1030422105E9	0.0
3.1030435445E9	0.0
3.103044878E9	27.963373493975904
3.1030462105E9	2.0
3.1030475405E9	60.0
3.1030488685E9	60.0
3.1030501965E9	59.98297872340426
3.103051524E9	60.0
3.10305285E9	0.0
3.1030541735E9	0.0
3.1030554945E9	37.6815415821501
3.103056814E9	0.0
3.1030581325E9	0.0
3.103059449E9	59.94293865905849
3.1030607635E9	0.0
3.103062077E9	43.809283233343855
3.10306339E9	59.96210925165772
3.1030647025E9	0.0
3.1030660135E9	0.0
3.103067323E9	60.0
3.103068632E9	59.951910232433875
3.10306994E9	59.40324088501091
3.103071247E9	57.725782414307005
3.103072553E9	0.0
3.1030738575E9	0.0
3.103075161E9	59.790998766954374
3.1030764635E9	59.90538409551701
3.1030777655E9	0.0
3.103079067E9	59.98870535084004
3.103080368E9	0.0
3.1030816685E9	59.04769763987456
3.103082968E9	49.78964002158329
3.103084266E9	59.44444444444444
3.103085562E9	0.0
3.1030868565E9	0.0
3.10308815E9	60.0
3.103089442E9	0.0
3.103090733E9	15.964085297418631
3.103092023E9	60.0
3.1030933115E9	0.0
3.1030945995E9	34.187388193202146
3.103095887E9	0.0
3.103097174E9	51.00339366515837
3.103098461E9	0.0
3.1030997475E9	0.0
3.103101032E9	0.0
3.103102314E9	53.306435643564356
3.103103593E9	0.0
3.1031048685E9	0.0
3.1031061405E9	0.0
3.103107409E9	59.92015209125475
3.1031086755E9	60.0
3.1031099385E9	0.0
3.103111198E9	0.0
3.1031124565E9	0.0
3.1031137145E9	0.0
3.1031149725E9	59.933141424459095
3.1031162295E9	0.0
3.103117485E9	0.0
3.1031187395E9	59.17484413120087
3.1031199935E9	0.0
3.103121247E9	0.0
3.1031224985E9	0.0
3.103123748E9	0.0
3.1031249965E9	0.0
3.1031262445E9	0.0
3.103127492E9	0.0
3.1031287365E9	0.0
3.1031299785E9	56.42857142857143
3.10313122E9	60.0
3.103132461E9	0.0
3.103133702E9	60.0
3.103134942E9	55.1764475743349
3.1031361805E9	0.0
3.103137418E9	0.0
3.1031386545E9	0.0
3.10313989E9	0.0
3.1031411245E9	0.0
3.1031423585E9	0.0
3.1031435925E9	59.63855421686747
3.103144826E9	0.0
3.1031460585E9	37.44972067039106
3.1031472905E9	0.0
3.103148522E9	0.0
3.1031497525E9	44.408371438621174
3.1031509815E9	0.0
3.103152209E9	59.9400299850075
3.103153436E9	59.924447888415344
3.1031546625E9	52.040837854128995
3.1031558875E9	0.0
3.1031571115E9	0.0
3.1031583335E9	0.0
3.1031595535E9	0.0
3.103160773E9	60.0
3.103161991E9	59.96308828052907
3.1031632075E9	43.680356660362065
3.103164423E9	0.0
3.1031656375E9	58.06574923547401
3.1031668515E9	57.73773157678057
3.1031680655E9	0.9415481832543444
3.103169279E9	0.0
3.1031704915E9	59.89266547406082
3.103171702E9	58.89605283849662
3.1031729105E9	59.970859640602235
3.103174118E9	43.28330206378987
3.103175325E9	45.78095238095238
3.103176532E9	0.0
3.1031777385E9	0.0
3.1031789445E9	0.0
3.10318015E9	0.0
3.103181355E9	59.930313588850176
3.1031825595E9	38.40014089468123
3.1031837635E9	0.0
3.1031849675E9	0.0
3.103186171E9	59.94983277591973
3.103187373E9	59.57364341085271
3.103188574E9	0.0
3.1031897745E9	59.93538660348912
3.1031909745E9	0.0
3.103192174E9	59.534574468085104
3.1031933725E9	0.0
3.10319457E9	0.0
3.1031957665E9	0.0
3.103196962E9	0.0
3.1031981565E9	60.0
3.1031993505E9	0.0
3.103200543E9	59.97761402854211
3.103201733E9	38.649404597064525
3.1032029205E9	0.0
3.1032041065E9	0.0
3.1032052915E9	11.0
3.103206475E9	0.0
3.103207658E9	59.77251184834123
3.1032088405E9	0.0
3.103210022E9	0.0
3.103211203E9	58.22660098522167
3.103212384E9	60.0
3.103213565E9	0.0
3.103214745E9	0.0
3.1032159235E9	60.0
3.1032171015E9	0.0
3.103218279E9	0.0
3.103219456E9	0.0
3.10322063E9	0.0
3.103221801E9	0.0
3.103222972E9	0.0
3.1032241425E9	0.0
3.1032253125E9	59.981261711430356
3.103226481E9	47.84390243902439
3.103227648E9	41.357868020304565
3.103228815E9	0.0
3.103229981E9	0.0
3.103231146E9	0.0
3.1032323095E9	0.0
3.103233469E9	59.95864287355442
3.1032346255E9	0.0
3.1032357815E9	54.59947109027527
3.1032369365E9	59.9433038398763
3.1032380905E9	0.0
3.103239243E9	0.0
3.103240394E9	0.0
3.1032415445E9	32.32432432432432
3.1032426945E9	60.0
3.103243843E9	46.2695652173913
3.10324499E9	0.0
3.1032461365E9	0.0
3.1032472815E9	59.962168978562424
3.1032484255E9	1.0
3.103249569E9	0.0
3.1032507115E9	58.93491124260355
3.103251853E9	0.0
3.103252994E9	0.0
3.1032541345E9	0.0
3.1032552735E9	53.120931078377886
3.1032564095E9	59.324644549763036
3.1032575435E9	0.0
3.1032586765E9	60.0
3.103259808E9	0.0
3.103260939E9	54.285714285714285
3.1032620695E9	0.0
3.103263198E9	0.0
3.1032643245E9	59.64945080626315
3.1032654495E9	0.0
3.1032665725E9	0.0
3.1032676945E9	0.0
3.103268816E9	0.0
3.103269936E9	0.0
3.103271055E9	0.0
3.103272174E9	0.0
3.103273293E9	0.0
3.1032744115E9	60.0
3.1032755285E9	60.0
3.1032766445E9	0.93993993993994
3.10327776E9	0.0
3.103278875E9	59.69414506262744
3.10327999E9	59.86404833836858
3.1032811045E9	0.0
3.103282218E9	0.0
3.103283331E9	0.0
3.1032844425E9	0.0
3.1032855525E9	60.0
3.103286662E9	59.933665008291875
3.1032877705E9	57.36859725477067
3.103288878E9	60.0
3.103289985E9	0.0
3.103291092E9	0.0
3.103292199E9	10.81021897810219
3.1032933055E9	0.0
3.10329441E9	59.934065934065934
3.103295513E9	25.318233944954127
3.103296616E9	58.76360225140713
3.1032977175E9	26.845024469820554
3.103298817E9	0.0
3.1032999155E9	59.974215728405674
3.103301013E9	0.0
3.1033021095E9	46.1295871559633
3.1033032055E9	44.947080291970806
3.1033043005E9	0.0
3.103305394E9	0.0
3.1033064855E9	0.0
3.1033075745E9	59.95910020449898
3.103308662E9	0.0
3.1033097485E9	0.0
3.103310834E9	0.0
3.1033119185E9	0.0
3.1033130025E9	57.67469172049325
3.1033140865E9	0.0
3.1033151705E9	0.0
3.103316254E9	0.0
3.103317337E9	0.0
3.1033184195E9	0.0
3.1033195015E9	59.97713414634146
3.103320583E9	4.0
3.103321664E9	60.0
3.103322744E9	59.85342019543974
3.1033238215E9	12.0
3.1033248965E9	60.0
3.10332597E9	24.076730190571716
3.103327043E9	0.0
3.103328115E9	59.95260663507109
3.103329185E9	0.0
3.103330253E9	0.0
3.10333132E9	0.0
3.103332387E9	0.0
3.1033334535E9	0.0
3.103334519E9	24.90253411306043
3.103335584E9	0.0
3.103336649E9	0.0
3.103337714E9	0.0
3.103338779E9	0.0
3.1033398435E9	55.97283950617284
3.1033409075E9	0.9624413145539906
3.1033419715E9	0.0
3.103343035E9	0.0
3.1033440975E9	0.0
3.1033451595E9	38.31547619047619
3.1033462215E9	59.89829601213311
3.103347283E9	0.0
3.1033483435E9	59.95207667731629
3.103349402E9	59.94449583718779
3.103350459E9	0.0
3.1033515155E9	0.0
3.103352571E9	0.0
3.103353626E9	59.2436974789916
3.103354681E9	59.60660942347933
3.103355736E9	0.0
3.1033567905E9	0.0
3.103357843E9	59.93686702617388
3.1033588935E9	58.95977752700306
3.1033599435E9	0.0
3.103360993E9	0.0
3.1033620415E9	25.17829457364341
3.103363089E9	0.0
3.1033641355E9	0.0
3.1033651815E9	0.0
3.1033662275E9	58.89895470383275
3.103367273E9	59.95412844036697
3.103368318E9	0.0
3.103369363E9	59.9080761654629
3.1033704075E9	60.0
3.1033714505E9	0.0
3.103372492E9	0.0
3.103373532E9	0.0
3.103374571E9	59.96464348850913
3.1033756095E9	0.0
3.1033766465E9	0.0
3.1033776825E9	0.0
3.103378718E9	0.0
3.103379753E9	2.061135371179039
3.103380787E9	0.0
3.1033818195E9	35.86507936507937
3.103382851E9	0.0
3.103383882E9	8.413751507840772
3.103384913E9	0.0
3.103385942E9	17.088257292445775
3.103386969E9	0.0
3.1033879955E9	0.0
3.1033890215E9	0.0
3.1033900465E9	0.0
3.1033910705E9	0.0
3.1033920935E9	0.0
3.1033931155E9	60.0
3.103394137E9	49.61331666145671
3.1033951575E9	0.0
3.103396177E9	0.0
3.1033971955E9	41.0
3.1033982135E9	51.30642750373692
3.1033992315E9	59.93344425956739
3.1034002485E9	0.0
3.1034012615E9	60.0
3.1034022715E9	59.91998744901161
3.103403281E9	0.0
3.1034042895E9	0.0
3.103405297E9	0.0
3.1034063035E9	0.0
3.103407309E9	0.0
3.103408314E9	0.0
3.1034093185E9	0.0
3.1034103225E9	0.0
3.103411326E9	0.0
3.103412329E9	0.0
3.103413332E9	59.9585635359116
3.103414335E9	9.982835820895522
3.1034153375E9	59.97923875432526
3.1034163395E9	0.0
3.1034173405E9	0.0
3.1034183405E9	0.0
3.1034230195E9	0.0
3.1034311645E9	58.914177942591856
3.1034385535E9	0.0
3.103444272E9	50.83483773909306
3.103448588E9	0.0
3.103452529E9	0.0
3.1034563265E9	56.377057926829266
3.103460075E9	54.85144673491329
3.1034637975E9	54.153802041518524
3.103467461E9	51.77136204103672
3.103471038E9	58.565263530244074
3.1034745565E9	46.15022645275198
3.10347799E9	57.86154993856416
3.1034813295E9	58.29968460145942
3.103484605E9	58.009966243369234
3.1034878305E9	54.6875
3.1034910465E9	51.37908546832159
3.1034942485E9	58.337140391254316
3.1034973905E9	59.113159567705026
3.10350048E9	59.80891719745223
3.1035035475E9	59.891066462736376
3.103506574E9	55.802404613562636
3.1035095785E9	59.046497461928936
3.10351256E9	48.37855495772483
3.1035155065E9	41.278165086447295
3.10351844E9	44.06133796698523
3.10352132E9	45.55253974408686
3.1035241305E9	59.863945578231295
3.103526902E9	0.0
3.103529649E9	57.89076459303919
3.103532388E9	34.00624290578887
3.1035351035E9	58.52043159770343
3.103537785E9	5.326236575404629
3.1035404345E9	40.245405087487136
3.1035429975E9	59.96706111992192
3.103545488E9	21.35660802279027
3.1035479665E9	59.93131775638004
3.1035504075E9	57.772340615524385
3.103552812E9	16.725806451612904
3.1035551875E9	59.424961584428885
3.103557535E9	56.927474414546666
3.1035598595E9	28.014345809513536
3.1035621585E9	38.286805451550094
3.103564445E9	56.59166067577282
3.103566722E9	56.584448271294214
3.103568983E9	52.58503663709988
3.103571211E9	57.01751404079219
3.1035734005E9	6.9855725879170425
3.103575568E9	0.0
3.103577725E9	0.0
3.103579877E9	0.0
3.103582016E9	14.0
3.1035841385E9	47.73039542005059
3.103586253E9	0.0
3.1035883585E9	46.2572921331542
3.1035904405E9	57.01515204291337
3.1035925065E9	55.92409240924093
3.103594569E9	59.96992481203007
3.103596622E9	50.44348127600555
3.1035986655E9	59.92100065832785
3.1036007005E9	21.257131559622664
3.1036027275E9	39.52919851840176
3.10360474E9	0.0
3.1036067365E9	38.410195613515114
3.103608723E9	4.98792270531401
3.103610703E9	0.0
3.103612671E9	47.35315487571702
3.103614626E9	58.33934952893188
3.1036165745E9	0.0
3.1036185145E9	53.0652589904322
3.1036204485E9	55.08394495412844
3.1036223555E9	59.90338164251208
3.1036242355E9	46.29839462085384
3.1036261095E9	6.742230787761985
3.103627955E9	35.0
3.103629772E9	1.0
3.103631583E9	20.0
3.1036333895E9	0.0
3.10363519E9	59.4815741118824
3.103636984E9	0.0
3.10363877E9	0.0
3.1036405435E9	58.718319910286475
3.1036423085E9	0.0
3.103644062E9	0.0
3.103645804E9	53.94991582491583
3.103647529E9	0.0
3.1036492365E9	59.967811158798284
3.10365094E9	54.77730736663844
3.103652635E9	54.012502332524726
3.1036543025E9	0.0
3.103655946E9	57.66965364478453
3.103657586E9	0.0
3.1036592235E9	59.527242761568225
3.1036608575E9	59.898648648648646
3.103662488E9	4.339243498817967
3.103664114E9	0.9573170731707317
3.1036657365E9	52.509009289855975
3.1036673585E9	48.42857142857143
3.103668979E9	0.0
3.1036705915E9	0.0
3.103672191E9	0.0
3.1036737835E9	59.97313833756156
3.1036753585E9	30.0
3.10367691E9	48.67733504712939
3.1036784535E9	52.54547213622291
3.1036799945E9	58.11043374675916
3.103681529E9	0.0
3.1036830525E9	59.14325153374233
3.103684569E9	0.0
3.103686083E9	0.0
3.103687593E9	59.38775510204081
3.1036890985E9	59.93935309973046
3.1036906E9	42.31275071633238
3.103692097E9	49.54710144927536
3.103693592E9	0.0
3.1036950855E9	0.0
3.1036965775E9	55.20024554634061
3.103698068E9	1.0
3.103699555E9	0.0
3.103701039E9	57.81181619256017
3.103702517E9	0.0
3.1037039885E9	0.0
3.103705455E9	58.43748567398396
3.1037069165E9	30.3759765625
3.1037083755E9	4.0
3.1037098325E9	14.009966777408637
3.103711287E9	0.0
3.103712735E9	0.0
3.103714177E9	0.0
3.1037156105E9	0.0
3.103717036E9	0.0
3.1037184575E9	59.328552289384504
3.103719873E9	0.0
3.103721286E9	0.0
3.1037226985E9	0.0
3.103724108E9	1.0
3.1037255145E9	54.551510019757266
3.1037269155E9	8.0
3.1037283085E9	60.0
3.1037296945E9	43.917367763431905
3.1037310735E9	0.9859154929577465
3.103732449E9	0.0
3.103733822E9	43.0
3.103735191E9	0.0
3.1037365565E9	50.64377072477499
3.1037379165E9	53.23424586776859
3.103739272E9	0.0
3.1037406255E9	53.82081280788177
3.1037419765E9	0.0
3.1037433245E9	39.42718131689912
3.10374467E9	2.0
3.1037460125E9	60.0
3.1037473475E9	26.69764705882353
3.103748677E9	0.0
3.1037500035E9	43.004043126684635
3.1037513235E9	59.95867768595041
3.103752635E9	0.0
3.1037539405E9	30.563936781609197
3.1037552445E9	59.94671403197158
3.103756548E9	0.0
3.10375785E9	0.0
3.1037591505E9	58.551074050575544
3.103760449E9	56.811996883926255
3.1037617455E9	0.0
3.1037630385E9	58.31324843185706
3.1037643255E9	0.0
3.1037656085E9	59.887005649717516
3.10376689E9	0.0
3.1037681705E9	0.0
3.10376945E9	0.0
3.1037707255E9	1.0
3.103771995E9	1.0
3.103773262E9	0.0
3.1037745285E9	0.0
3.1037757935E9	0.0
3.1037770575E9	0.0
3.1037783215E9	0.0
3.103779585E9	0.0
3.103780841E9	0.0
3.1037820855E9	0.0
3.103783325E9	46.860102642083255
3.103784562E9	51.369125939849624
3.103785797E9	57.554257881108875
3.103787031E9	0.0
3.1037882635E9	59.910224438902745
3.1037894945E9	0.0
3.1037907225E9	18.200348432055748
3.103791947E9	1.0
3.1037931655E9	1.9539170506912442
3.103794379E9	1.5223395613322501
3.103795591E9	42.82658137882019
3.103796801E9	0.0
3.1037980065E9	0.0
3.103799207E9	54.89178423236515
3.103800405E9	0.0
3.1038016E9	59.6078431372549
3.103802792E9	0.0
3.103803981E9	0.0
3.1038051675E9	23.1319960376424
3.1038063525E9	0.0
3.1038075365E9	18.0
3.1038087195E9	59.44906166219839
3.1038099E9	0.0
3.103811076E9	0.0
3.103812247E9	0.0
3.103813415E9	18.043290043290042
3.1038145815E9	32.44261119081779
3.103815747E9	0.0
3.1038169115E9	0.0
3.103818075E9	0.0
3.1038192355E9	59.64250128043954
3.1038203935E9	0.0
3.103821551E9	0.0
3.103822708E9	27.381972111553786
3.103823865E9	23.01159420289855
3.103825021E9	0.0
3.1038261755E9	0.0
3.103827327E9	0.0
3.1038284755E9	46.0
3.1038296235E9	37.61774542592957
3.1038307705E9	56.87807486631016
3.1038319155E9	0.0
3.1038330575E9	49.7801766437684
3.1038341955E9	46.48449287510478
3.1038353305E9	0.0
3.103836464E9	34.16908625106746
3.103837595E9	2.8934010152284264
3.103838723E9	0.0
3.10383985E9	0.0
3.1038409725E9	48.50197965996429
3.1038420865E9	0.0
3.1038431935E9	27.01834862385321
3.1038442975E9	59.8897378856756
3.1038454E9	58.42607249750582
3.1038464995E9	0.0
3.1038475965E9	51.19172457359444
3.1038486915E9	60.0
3.103849784E9	2.9309367805914643
3.103850874E9	0.0
3.1038519615E9	59.9757966922146
3.103853047E9	0.0
3.1038541315E9	59.94502977553825
3.103855215E9	41.52072072072072
3.103856298E9	0.0
3.103857379E9	0.0
3.1038584565E9	9.444078947368421
3.103859529E9	0.0
3.1038605975E9	0.0
3.103861665E9	0.0
3.103862732E9	0.0
3.103863799E9	56.154954321855236
3.103864864E9	2.9302325581395348
3.1038659265E9	18.0
3.103866987E9	49.69110576923077
3.1038680455E9	54.59877800407332
3.1038691035E9	60.0
3.10387016E9	33.919669226225636
3.1038712145E9	0.0
3.1038722685E9	60.0
3.103873322E9	0.0
3.103874375E9	54.53083109919571
3.1038754275E9	47.16951276829077
3.103876479E9	0.0
3.103877529E9	30.83185298621746
3.103878577E9	0.0
3.1038796225E9	25.132231404958677
3.103880666E9	59.752066115702476
3.103881709E9	57.02979618963226
3.1038827515E9	0.0
3.1038837935E9	0.0
3.103884835E9	0.0
3.1038858755E9	59.213973799126634
3.103886915E9	60.0
3.1038879535E9	0.0
3.103888991E9	0.0
3.103890028E9	0.0
3.103891064E9	25.681818181818183
3.103892095E9	60.0
3.103893119E9	0.0
3.10389414E9	57.75099223904745
3.10389516E9	33.46309439318666
3.103896179E9	52.94775570272259
3.1038971965E9	0.0
3.1038982115E9	0.0
3.103899225E9	0.0
3.103900236E9	0.0
3.1039012445E9	0.0
3.103902252E9	0.0
3.1039032575E9	0.0
3.1039042615E9	0.0
3.103905265E9	56.761743456744384
3.103906267E9	0.0
3.1039072675E9	0.0
3.1039082675E9	60.0
3.1039092675E9	0.0
3.103918732E9	57.99448519695306
3.103932571E9	0.0
3.103941472E9	58.50119429947812
3.1039494115E9	0.0
3.1039572085E9	0.0
3.103963938E9	29.630522088353413
3.1039695055E9	59.388756084840054
3.103974766E9	0.0
3.1039797995E9	0.0
3.103984567E9	59.95923685435086
3.1039891115E9	0.0
3.1039934845E9	0.0
3.103997683E9	59.97438408799819
3.104001684E9	59.74941995359629
3.104005458E9	42.409317524281875
3.104009178E9	0.0
3.1040128475E9	0.0
3.104016433E9	59.968390552287296
3.104019926E9	59.83144853417849
3.104023359E9	0.0
3.104026758E9	0.0
3.1040301305E9	40.28300803673938
3.104033452E9	0.0
3.104036731E9	22.40297379032258
3.1040399985E9	0.0
3.104043259E9	59.43622065456228
3.1040464995E9	0.0
3.104049674E9	59.859710132855774
3.1040527925E9	0.0
3.1040558995E9	0.0
3.104058987E9	0.0
3.104062054E9	0.0
3.104065115E9	0.0
3.1040681395E9	0.0
3.1040711275E9	58.52512061431206
3.1040740845E9	0.0
3.1040770095E9	7.834384858044164
3.104079908E9	59.825021872265964
3.104082775E9	59.96603741544732
3.1040856295E9	59.96038296467481
3.104088461E9	55.045765441653245
3.10409126E9	59.95528527991415
3.1040940205E9	0.0
3.1040967325E9	59.9691470883993
3.1040994055E9	59.9068703180109
3.104102056E9	0.0
3.1041046865E9	0.0
3.104107298E9	59.97279813074334
3.104109892E9	54.28052167386001
3.1041124505E9	59.846708746618575
3.1041149735E9	0.0
3.1041174795E9	0.0
3.10411997E9	0.0
3.1041224495E9	0.0
3.104124925E9	0.0
3.104127395E9	59.3251570661724
3.1041298495E9	53.298279660127974
3.1041322855E9	0.0
3.104134709E9	60.0
3.1041371215E9	56.52377444962763
3.104139523E9	31.908445535890706
3.1041418965E9	59.93192284589201
3.104144241E9	20.907436377569557
3.1041465705E9	59.927826784282274
3.104148885E9	52.31734500123834
3.1041511915E9	0.0
3.1041534905E9	59.91211615058461
3.104155772E9	0.0
3.10415804E9	59.70907257782196
3.1041603025E9	0.0
3.1041625525E9	0.0
3.1041647915E9	55.11182108626198
3.1041670245E9	58.128592737939115
3.104169246E9	59.99548668572288
3.104171456E9	0.0
3.104173654E9	13.38731868535406
3.104175845E9	59.94113799869196
3.1041780355E9	0.0
3.1041802225E9	59.85600959936004
3.1041823975E9	40.22341011374642
3.104184563E9	58.155377599822046
3.1041867265E9	59.906080674292596
3.1041888805E9	59.76326172731258
3.1041910115E9	59.977125428898205
3.1041931255E9	0.0
3.1041952355E9	0.0
3.1041973425E9	19.375181789440404
3.1041994485E9	0.0
3.1042015545E9	50.92000200999975
3.104203656E9	0.0
3.104205745E9	59.54321627575483
3.1042078145E9	59.82121784281331
3.104209871E9	59.94809170465511
3.1042119255E9	0.0
3.104213971E9	59.965293399318725
3.1042160055E9	0.0
3.1042180375E9	47.75305179808644
3.1042200635E9	0.0
3.1042220825E9	0.0
3.1042240985E9	0.0
3.104226106E9	0.0
3.104228107E9	59.77695167286245
3.104230103E9	0.0
3.1042320935E9	59.87560469937802
3.10423408E9	0.0
3.104236062E9	59.968508069807115
3.104238043E9	59.97267759562842
3.104240023E9	0.0
3.104241994E9	59.88814913448735
3.1042439415E9	0.0
3.104245872E9	0.0
3.104247777E9	59.90241919089246
3.1042496545E9	59.88155668358714
3.104251516E9	0.0
3.104253365E9	58.56124432922878
3.104255206E9	59.71671388101983
3.1042570385E9	59.95768874785138
3.1042588675E9	53.39978897388552
3.1042606875E9	6.353021353930032
3.1042625015E9	59.8326359832636
3.104264304E9	56.28416925780722
3.104266094E9	0.0
3.1042678815E9	0.0
3.1042696635E9	0.0
3.1042714405E9	43.08843537414966
3.1042732095E9	0.0
3.1042749695E9	0.0
3.104276727E9	0.0
3.1042784825E9	0.0
3.1042802355E9	59.866662104830986
3.104281987E9	50.97653573519702
3.104283737E9	0.0
3.1042854805E9	0.0
3.104287214E9	32.967914087005276
3.1042889415E9	59.3960023174971
3.1042906625E9	60.0
3.1042923765E9	60.0
3.104294088E9	39.22083934945655
3.104295795E9	59.914910858995135
3.1042974975E9	59.955357142857146
3.104299198E9	0.0
3.1043008905E9	39.9566089527027
3.1043025755E9	27.76923237685218
3.1043042575E9	59.902207734479184
3.1043059365E9	59.86870897155361
3.1043076145E9	0.0
3.104309292E9	59.98317631224764
3.1043109685E9	0.0
3.1043126425E9	38.69662920995183
3.104314313E9	0.0
3.1043159815E9	59.82848975702716
3.104317647E9	0.9874476987447699
3.1043193085E9	0.0
3.1043209685E9	60.0
3.1043226275E9	59.930986887508624
3.1043242845E9	0.0
3.1043259405E9	0.0
3.1043275945E9	0.0
3.104329244E9	0.0
3.10433089E9	0.0
3.104332533E9	59.94773519163763
3.1043341725E9	0.0
3.104335808E9	60.0
3.1043374375E9	0.0
3.1043390575E9	0.0
3.1043406705E9	0.0
3.104342279E9	0.0
3.104343883E9	47.921440823327615
3.104345484E9	0.0
3.104347078E9	0.0
3.1043486665E9	59.980462390100946
3.104350253E9	0.0
3.1043518375E9	60.0
3.1043534215E9	54.10855762781703
3.1043550035E9	0.0
3.1043565795E9	0.0
3.1043581505E9	54.724236572981475
3.10435972E9	59.98513747832549
3.1043612885E9	56.17442237535468
3.104362856E9	0.9992082343626286
3.104364422E9	58.590494791666664
3.104365984E9	47.59322033898305
3.104367543E9	0.0
3.1043691005E9	0.0
3.1043706555E9	59.299065420560744
3.104372207E9	0.0
3.1043737525E9	0.0
3.104375294E9	60.0
3.1043768335E9	0.941747572815534
3.104378371E9	47.44979847508536
3.104379907E9	0.0
3.1043814395E9	59.49610077984403
3.1043829685E9	0.0
3.1043844935E9	59.909443725743856
3.1043860115E9	0.0
3.104387523E9	0.0
3.104389031E9	59.95356037151703
3.1043905345E9	43.14250513347022
3.104392034E9	0.0
3.104393533E9	0.0
3.104395031E9	59.57373170242631
3.1043965275E9	0.0
3.1043980195E9	59.26014311396242
3.1043995065E9	0.0
3.104400992E9	0.0
3.104402475E9	0.0
3.104403955E9	60.0
3.1044054305E9	60.0
3.1044069025E9	54.431620878344944
3.1044083735E9	59.94876174210077
3.1044098415E9	0.0
3.104411307E9	0.0
3.10441277E9	0.0
3.1044142295E9	60.0
3.104415687E9	36.21455377574371
3.1044171395E9	32.55665887850467
3.104418587E9	0.0
3.1044200325E9	15.165768621236133
3.104421476E9	60.0
3.104422919E9	0.0
3.1044243595E9	0.0
3.1044257945E9	0.0
3.1044272255E9	0.0
3.1044286555E9	0.0
3.104430085E9	0.0
3.104431514E9	0.0
3.104432943E9	59.95472244860998
3.1044343705E9	60.0
3.1044357965E9	0.0
3.1044372195E9	59.758218451749734
3.1044386375E9	59.345106696100075
3.1044400535E9	0.0
3.104441469E9	57.106746444675686
3.104442884E9	0.9824016563146998
3.1044442985E9	0.0
3.104445712E9	0.9830508474576272
3.1044471235E9	0.0
3.104448531E9	60.0
3.1044499345E9	59.77833437695679
3.1044513345E9	0.0
3.104452732E9	0.0
3.104454128E9	59.780018331805685
3.1044555215E9	0.0
3.1044569115E9	59.938165578838884
3.1044582985E9	0.0
3.1044596825E9	0.0
3.104461064E9	60.0
3.104462444E9	0.0
3.1044638215E9	51.873565279770446
3.1044651965E9	54.6169992070294
3.1044665705E9	59.791183294663576
3.104467944E9	0.0
3.104469317E9	0.0
3.1044706895E9	59.9017199017199
3.1044720605E9	0.0
3.104473429E9	0.0
3.104474795E9	0.0
3.1044761595E9	59.888991674375575
3.104477522E9	0.0
3.104478883E9	0.0
3.104480241E9	0.0
3.104481596E9	0.0
3.1044829505E9	0.0
3.104484304E9	29.70356926799758
3.104485655E9	0.0
3.104487002E9	0.0
3.1044883465E9	0.0
3.10448969E9	0.0
3.1044910305E9	59.81707317073171
3.1044923685E9	59.955156950672645
3.1044937065E9	0.0
3.1044950435E9	0.0
3.104496378E9	34.839771101573675
3.104497711E9	0.0
3.1044990435E9	0.0
3.1045003715E9	36.458160477587775
3.104501695E9	59.957552175451006
3.104503018E9	0.0
3.1045043395E9	60.0
3.1045056595E9	0.0
3.104506978E9	0.0
3.1045082945E9	0.0
3.1045096045E9	52.78763828763829
3.1045109085E9	0.0
3.104512212E9	59.97361477572559
3.1045135145E9	0.0
3.104514816E9	0.0
3.1045161165E9	60.0
3.1045174155E9	48.02053123543762
3.104518713E9	59.38317757009346
3.104520009E9	0.0
3.1045212985E9	0.0
3.104522582E9	57.50198873052701
3.104523865E9	45.673170731707316
3.104525146E9	59.96619400882712
3.1045264245E9	0.0
3.104527699E9	10.785945945945945
3.10452897E9	0.9562841530054644
3.1045302395E9	0.0
3.1045315055E9	51.743943556443554
3.104532769E9	60.0
3.1045340315E9	0.0
3.104535293E9	18.169984686064318
3.1045365535E9	59.86960571251164
3.104537813E9	0.0
3.104539072E9	0.0
3.1045403305E9	59.76973684210526
3.1045415875E9	59.97157071783938
3.104542842E9	0.0
3.1045440925E9	0.0
3.1045453405E9	0.0
3.1045465875E9	0.0
3.1045478335E9	0.0
3.1045490785E9	0.0
3.1045503195E9	60.0
3.1045515575E9	59.9228543876567
3.1045527945E9	0.0
3.1045540295E9	0.0
3.1045552635E9	0.0
3.104556496E9	0.0
3.104557727E9	0.0
3.1045589575E9	59.77606140714081
3.1045601875E9	0.0
3.1045614165E9	0.0
3.104562644E9	0.0
3.1045638685E9	0.0
3.1045650905E9	0.0
3.104566312E9	0.0
3.104567533E9	0.0
3.1045687535E9	57.693327441449405
3.1045699725E9	5.12653446647781
3.1045711905E9	0.0
3.1045724075E9	0.0
3.1045736235E9	0.0
3.1045748375E9	60.0
3.1045760485E9	32.206896551724135
3.104577258E9	0.0
3.1045784665E9	59.85010220304338
3.1045796745E9	0.0
3.1045808815E9	0.0
3.104582087E9	0.0
3.104583292E9	0.0
3.1045844955E9	0.0
3.1045856965E9	0.0
3.104586896E9	0.0
3.1045880945E9	59.767016902695296
3.1045892925E9	0.0
3.1045904905E9	27.75543421190801
3.104591687E9	59.879154078549846
3.1045928815E9	60.0
3.104594074E9	0.0
3.104595264E9	59.244851258581235
3.1045964525E9	59.92563519933898
3.1045976365E9	0.0
3.1045988165E9	59.953271028037385
3.104599996E9	0.0
3.1046011715E9	38.764246141669965
3.1046023415E9	0.0
3.1046035085E9	53.329686360320935
3.10460467E9	0.0
3.1046058265E9	59.9554565701559
3.1046069825E9	59.97523292841137
3.104608138E9	0.0
3.1046092925E9	0.0
3.1046104465E9	59.92564543889845
3.104611598E9	59.96958945767866
3.104612744E9	0.0
3.104613887E9	60.0
3.1046150285E9	0.0
3.104616167E9	55.471698113207545
3.104617303E9	0.0
3.104618438E9	44.62093862815885
3.104619573E9	0.0
3.104620704E9	59.97270866499886
3.104621831E9	58.19678264122709
3.1046229575E9	57.253963505833084
3.104624082E9	38.40082336968423
3.104625205E9	59.94500458295142
3.104626328E9	0.0
3.1046274505E9	0.0
3.1046285725E9	59.971718568331084
3.104629694E9	44.70677570093458
3.104630815E9	0.0
3.104631935E9	0.0
3.104633054E9	0.0
3.104634173E9	0.0
3.1046352915E9	60.0
3.104636408E9	0.0
3.1046375185E9	57.32298739088264
3.1046386245E9	0.0
3.1046397295E9	0.0
3.1046408325E9	0.0
3.104641934E9	59.944797591167614
3.1046430335E9	13.26119733924612
3.1046441315E9	0.0
3.1046452285E9	0.9732977303070761
3.1046463245E9	0.0
3.10464742E9	0.0
3.104648514E9	59.76538592315539
3.1046496055E9	59.752066115702476
3.104650695E9	0.0
3.104651783E9	0.0
3.10465287E9	0.0
3.104653956E9	59.82080637132902
3.104655041E9	59.81126914660832
3.104656126E9	0.0
3.10465721E9	0.0
3.1046582915E9	59.94318181818182
3.1046593715E9	0.9590643274853801
3.104660451E9	52.35294117647059
3.10466153E9	0.0
3.104662609E9	0.0
3.104663686E9	49.15748691099476
3.1046647605E9	51.0
3.104665834E9	0.0
3.1046669055E9	0.0
3.1046679745E9	54.253286590709905
3.104669042E9	60.0
3.1046701085E9	0.0
3.1046711745E9	0.0
3.1046722405E9	50.73022803399301
3.104673305E9	0.0
3.104674368E9	48.55114226375909
3.104675431E9	20.215404807439906
3.1046764935E9	19.209113100081368
3.1046775535E9	0.0
3.1046786105E9	0.0
3.1046796645E9	59.81651376146789
3.104680716E9	0.0
3.104681767E9	0.0
3.1046828175E9	0.0
3.1046838665E9	42.27211825529746
3.1046849135E9	0.0
3.1046859595E9	0.0
3.104687005E9	0.0
3.104688049E9	11.568836712913553
3.1046890895E9	20.93127417794971
3.1046901265E9	0.0
3.104691162E9	0.9440559440559441
3.104692197E9	59.919112690728596
3.104693232E9	59.941348973607035
3.104694266E9	59.95934041111362
3.1046952985E9	0.0
3.10469633E9	5.468921590160334
3.1046973585E9	34.90501121914735
3.1046983845E9	59.93362831858407
3.1046994105E9	0.0
3.104700435E9	59.97972630511911
3.1047014575E9	60.0
3.1047024785E9	56.0
3.1047034985E9	0.0
3.1047045185E9	59.950718685831625
3.104705538E9	0.0
3.1047065565E9	36.32984749455338
3.1047075745E9	0.0
3.104708592E9	0.0
3.104709608E9	60.0
3.104710623E9	0.0
3.104711638E9	59.16083916083916
3.1047126525E9	0.0
3.1047136665E9	10.535971223021583
3.10471468E9	0.0
3.104715693E9	34.146651101707285
3.104716706E9	0.0
3.1047177185E9	59.98320033599328
3.10471873E9	0.0
3.104719741E9	0.0
3.104720751E9	40.25801121434569
3.1047217595E9	0.0
3.1047227675E9	0.0
3.104723775E9	0.0
3.104724782E9	0.0
3.104725789E9	56.69491525423729
3.1047267955E9	0.0
3.104727801E9	0.0
3.104728805E9	10.902654867256636
3.104729807E9	59.9614890885751
3.1047308075E9	0.0
3.104740963E9	0.0
3.104756475E9	53.988113411859764
3.104767963E9	57.211410581279274
3.104778484E9	0.0
3.1047881575E9	51.75642156498082
3.1047976135E9	55.5419829739158
3.1048068795E9	46.85378010330717
3.1048160235E9	59.356500466929226
3.104824959E9	50.418771564051
3.1048336895E9	46.161080432372046
3.1048423175E9	28.537788251136174
3.1048506295E9	58.98611775068414
3.104858538E9	59.405612910439416
3.10486621E9	35.966136090935315
3.104873738E9	0.0
3.104881204E9	52.54333749024681
3.1048886055E9	58.320536913970294
3.104895888E9	58.25360824091947
3.1049030315E9	57.011170415241494
3.1049100215E9	39.96760828009868
3.104916928E9	53.24298089566092
3.1049238165E9	54.68980634827587
3.104930685E9	49.543200488060954
3.1049375335E9	54.342559471225286
3.1049443175E9	14.834762275915823
3.1049510255E9	59.581080132031744
3.104957646E9	59.94997779068576
3.1049641205E9	1.165344081299793
3.104970491E9	26.838905433500027
3.104976811E9	59.95969490262655
3.1049830915E9	54.7741967737635
3.104989311E9	52.30528201862848
3.104995483E9	47.27335230419587
3.1050016285E9	51.50298560007656
3.105007741E9	53.2006983686373
3.105013843E9	54.791238983929496
3.105019839E9	59.11621385522269
3.1050257E9	44.195064274266755
3.105031511E9	48.40212461406589
3.1050372955E9	2.3109575518262586
3.105043063E9	0.9979919678714859
3.1050488005E9	59.96094291016869
3.1050545125E9	59.93422688959514
3.1050601615E9	48.5809636757929
3.1050657395E9	59.221764008454045
3.1050713015E9	48.93979559425272
3.1050767895E9	30.243560531785562
3.105082186E9	32.822091825749496
3.1050875235E9	59.64507488412177
3.105092801E9	57.53673463426034
3.105098007E9	56.481663432097854
3.1051031505E9	59.48860526031805
3.1051082045E9	56.609126256327485
3.105113172E9	25.685442496793502
3.105118124E9	54.51811713723189
3.105123046E9	56.49110806374984
3.105127928E9	8.156089594027065
3.105132784E9	59.94554983324637
3.1051375455E9	58.778305949912266
3.105142205E9	59.82541841486468
3.1051468215E9	54.98555269874457
3.105151389E9	59.92272848387956
3.1051559265E9	52.07230163797709
3.105160444E9	58.71978234384518
3.105164943E9	58.78581897368798
3.1051694125E9	0.9758203799654577
3.1051738415E9	49.639787394338796
3.105178253E9	52.94904246461282
3.1051826085E9	59.839871897518016
3.1051869095E9	56.5635185010362
3.105191198E9	58.65302321688272
3.105195423E9	0.0
3.105199594E9	50.27211936706894
3.1052037465E9	0.0
3.105207865E9	31.047417345910798
3.10521196E9	0.963265306122449
3.105216012E9	54.46115573113691
3.1052200195E9	4.036575875486381
3.105224006E9	49.351069252334284
3.1052278585E9	54.58850708002283
3.105231579E9	59.973966703091854
3.1052352765E9	59.632680722891564
3.1052389575E9	47.86614854440327
3.105242632E9	0.0
3.1052463045E9	54.91002068938595
3.105249957E9	59.80128605019435
3.10525359E9	59.04227334610148
3.105257213E9	18.758592163707533
3.105260822E9	12.332039646524958
3.1052644205E9	53.66331966694506
3.1052680095E9	44.70094359854171
3.1052715945E9	0.9936682144364711
3.105275175E9	56.36438105389998
3.105278732E9	25.83502538071066
3.1052822555E9	52.83474234735936
3.105285765E9	55.9776177153402
3.1052892635E9	57.1811805961426
3.105292744E9	1.9184576485461442
3.105296203E9	0.0
3.105299639E9	59.738401828140304
3.10530305E9	55.55167984050992
3.105306431E9	59.710878228536174
3.105309783E9	55.02697709799234
3.1053131135E9	59.975022598601264
3.105316433E9	48.79954835281615
3.105319747E9	50.01562167906482
3.105323045E9	0.0
3.1053263115E9	0.0
3.10532956E9	0.9895635673624289
3.105332802E9	58.287260224393776
3.105336038E9	11.571865097329109
3.1053392555E9	59.50916601420125
3.105342453E9	59.83034585722398
3.105345638E9	29.103809265435743
3.1053488045E9	59.47161152614728
3.105351955E9	36.059597703831614
3.105355096E9	59.76253340773591
3.1053582345E9	58.585558542963426
3.1053613715E9	0.0
3.1053645055E9	0.0
3.1053676375E9	59.97442455242967
3.105370751E9	0.9916815210932858
3.1053738455E9	58.80058829495892
3.105376939E9	59.40524928886795
3.105380015E9	0.0
3.105383037E9	59.37768512643886
3.105386017E9	46.94133795694264
3.105388988E9	56.440615969859905
3.105391952E9	5.305576583396417
3.10539491E9	58.25914460799798
3.105397855E9	52.39045149929071
3.105400789E9	22.13950875193872
3.10540371E9	19.284454244762955
3.1054066165E9	58.73972706739803
3.1054095145E9	57.00399933482996
3.1054124035E9	35.670986147338844
3.105415289E9	36.299213777611385
3.1054181705E9	5.108718487394958
3.105421047E9	36.239767389845674
3.105423915E9	59.95075508864084
3.1054267735E9	44.1265189421015
3.1054296205E9	47.61282913624805
3.10543244E9	57.989779985805534
3.105435239E9	52.698258940908865
3.1054380315E9	49.89887640449438
3.105440812E9	58.7088154331625
3.105443576E9	59.960544951777166
3.1054463305E9	58.9629388816645
3.105449079E9	59.940517544202024
3.105451813E9	30.076631079478055
3.1054545365E9	58.39144106211815
3.1054572385E9	54.197637292464876
3.105459914E9	0.0
3.10546258E9	32.16616064119638
3.1054652375E9	31.875837614473976
3.105467887E9	58.88038908287608
3.105470528E9	55.82604709641931
3.105473162E9	30.33471223021583
3.105475793E9	43.96830622028866
3.1054784135E9	37.46458341486323
3.105481019E9	57.372068933044545
3.1054836015E9	58.389248469668416
3.1054861625E9	14.38645010242903
3.105488716E9	59.75627485941572
3.105491267E9	26.941423985536616
3.1054938115E9	28.89855072463768
3.1054963495E9	60.0
3.105498881E9	60.0
3.1055013925E9	23.04291210417283
3.1055038895E9	0.0
3.105506379E9	58.67683395401076
3.105508858E9	53.9082727160646
3.10551133E9	59.94000065216682
3.105513792E9	59.826676651689134
3.1055162415E9	0.0
3.105518682E9	59.94877956241305
3.105521118E9	54.874800964469316
3.105523549E9	53.50758018580472
3.105525972E9	59.97402147558019
3.105528388E9	47.92073656442352
3.1055308005E9	56.472388145096694
3.1055332065E9	54.97766533783093
3.105535606E9	56.081299963425465
3.1055380035E9	47.99983628647348
3.105540398E9	2.512382281130101
3.1055427875E9	59.16887034581747
3.1055451725E9	5.291186161449753
3.1055475555E9	59.97639963288318
3.1055499375E9	15.872821479039096
3.105552312E9	0.0
3.1055546785E9	0.0
3.1055570425E9	57.46683097145204
3.105559404E9	55.28021066178961
3.105561761E9	52.01689522829552
3.105564112E9	28.890190056207274
3.1055664605E9	58.610384752404705
3.1055688045E9	39.39862716398324
3.105571144E9	0.998805256869773
3.1055734815E9	0.0
3.105575816E9	51.56444640494045
3.1055781475E9	0.0
3.105580476E9	31.793922458959134
3.1055827985E9	55.61896110808966
3.105585104E9	58.6444575204816
3.1055873965E9	59.00487804878049
3.105589686E9	54.74701594678041
3.1055919665E9	39.796713184611725
3.1055942405E9	18.198034219148163
3.105596511E9	59.57101907680142
3.1055987745E9	45.2081227276758
3.105601033E9	0.0
3.1056032815E9	59.86742819774494
3.105605521E9	50.390696890130805
3.1056077565E9	25.793580077678776
3.1056099875E9	51.715266021765416
3.1056122175E9	5.993197278911564
3.1056144435E9	0.0
3.1056166625E9	0.0
3.1056188775E9	17.46736111111111
3.1056210895E9	24.271295215869312
3.105623296E9	16.744718757953677
3.105625496E9	39.91487991758419
3.1056276925E9	47.99016906936372
3.1056298885E9	59.841945370469944
3.105632076E9	44.24378933421663
3.1056342545E9	43.12265397832408
3.1056364325E9	28.123785531914894
3.1056386075E9	0.0
3.1056407785E9	54.25171317239217
3.105642947E9	58.918265650953664
3.105645114E9	0.99308142629058
3.105647276E9	54.8459940652819
3.105649431E9	34.4709972189114
3.105651583E9	0.0
3.105653732E9	50.91410550117521
3.105655878E9	51.49014473779911
3.1056580215E9	0.0
3.1056601635E9	49.877958905148226
3.1056623025E9	21.08570059129438
3.1056644355E9	44.14752302202567
3.1056665645E9	51.843343942535114
3.1056686915E9	59.97343789526941
3.1056708175E9	0.0
3.10567294E9	54.25084117101603
3.105675053E9	29.007482053183242
3.105677152E9	56.80962375824577
3.105679241E9	40.31195768872843
3.1056813275E9	30.352520137172025
3.105683412E9	58.62478877378591
3.105685491E9	12.089623034035117
3.105687566E9	51.69755072733558
3.1056896395E9	48.09232291254452
3.1056917095E9	41.65126794641343
3.105693777E9	41.90664189503019
3.105695838E9	0.0
3.105697891E9	51.42264067833939
3.1056999415E9	55.27822484855684
3.105701983E9	50.49917577888895
3.1057040115E9	53.8688218363418
3.1057060315E9	16.743444730077123
3.105708045E9	49.521162672106065
3.105710055E9	16.395244055068837
3.105712061E9	52.43855982645962
3.105714063E9	26.877227353297883
