#Position (bp)	mapping quality
3882144.5	55.20120012885889
1.16464325E7	57.08724391185753
1.94107205E7	57.49396739720402
2.71750085E7	58.31331315510221
3.49392965E7	58.346758690593276
4.27035845E7	58.394320266456404
5.04678725E7	58.4015114171625
5.82321605E7	58.345293823112016
6.59964485E7	58.31814414006775
7.37607365E7	58.255889438846744
8.15250245E7	58.22921086390917
8.92893125E7	58.27249018189828
9.70536005E7	58.33359465857596
1.048178885E8	56.414004390896764
1.125821765E8	58.280501341124484
1.203464645E8	22.63372079786176
1.281107525E8	11.914474932306442
1.358750405E8	0.0
1.436393285E8	30.919781343072
1.514036165E8	52.92400698532846
1.591679045E8	57.67177538349933
1.669321925E8	58.3510418284076
1.746964805E8	58.29742270341438
1.824607685E8	58.323857013812365
1.902250565E8	58.31388850976434
1.979893445E8	58.23484941926314
2.057536325E8	57.771026262079715
2.135179205E8	58.321373908503304
2.212822085E8	58.250881384121655
2.290464965E8	56.86651616567889
2.368107845E8	58.25480299070595
2.445750725E8	58.18616780432944
2.487068195E8	52.68017594482463
2.525889635E8	58.147486153142054
2.601036485E8	58.26926011137961
2.678679365E8	58.327114975629144
2.756322245E8	58.28491063934182
2.833965125E8	57.59624883490725
2.911608005E8	58.300998482562534
2.989250885E8	58.29930399680758
3.066893765E8	58.38472928162916
3.144536645E8	58.29577083364897
3.222179525E8	58.21459116659048
3.299822405E8	58.25310699437557
3.377465285E8	41.897876633760134
3.455108165E8	53.407718882249014
3.532751045E8	57.92596554631139
3.610393925E8	52.1267556604534
3.688036805E8	58.24732706148279
3.765679685E8	56.54980186774052
3.843322565E8	58.110921328266244
3.920965445E8	58.32893397188423
3.998608325E8	58.193938700914934
4.076251205E8	58.26626312147687
4.153894085E8	58.254680458903316
4.231536965E8	58.29143484458832
4.309179845E8	58.324169797095934
4.386822725E8	58.36489033115674
4.464465605E8	58.22677593987615
4.542108485E8	58.39592465867505
4.619751365E8	58.29248770051834
4.697394245E8	58.289983502434765
4.775037125E8	58.34261254697128
4.852680005E8	58.23748610556203
4.90150048E8	57.41408459847189
4.94032192E8	58.17865689768796
5.007965765E8	58.33400253775607
5.085608645E8	58.30170050946369
5.163251525E8	58.30204537137569
5.240894405E8	58.38164878120338
5.318537285E8	58.23677291045507
5.396180165E8	58.38966564174884
5.473823045E8	58.361248846745205
5.551465925E8	58.38757182485462
5.629108805E8	58.22458526020443
5.706751685E8	58.20564527127175
5.784394565E8	54.61113410513909
5.862037445E8	46.421663978235564
5.939680325E8	58.347655995017895
6.017323205E8	58.19566671593777
6.094966085E8	58.324675611840576
6.172608965E8	58.24736545076505
6.250251845E8	58.16045875521029
6.327894725E8	58.3198754665551
6.405537605E8	58.278829815208944
6.483180485E8	58.316179278778904
6.560823365E8	58.267541450895244
6.638466245E8	58.34924690672457
6.716109125E8	58.38241021464886
6.793752005E8	58.12066951906015
6.863514275E8	57.4355233672843
6.902335715E8	56.024599255661734
6.949037765E8	56.5244398936219
7.026680645E8	57.70898708719733
7.104323525E8	58.183716100986544
7.181966405E8	58.342837630705006
7.259609285E8	58.36510824885686
7.337252165E8	58.31476842877007
7.414895045E8	33.1151504810218
7.492537925E8	58.27416991193528
7.570180805E8	58.33567750141094
7.647823685E8	58.25263601425308
7.725466565E8	58.249961578129316
7.803109445E8	58.31071763765177
7.880752325E8	58.30827024433255
7.958395205E8	58.263594548312646
8.036038085E8	58.26519284051585
8.113680965E8	58.235226862468224
8.191323845E8	58.09042496110594
8.268966725E8	58.30617334883113
8.346609605E8	58.25040735338489
8.424252485E8	58.26420601120422
8.501895365E8	58.363872021945355
8.579538245E8	58.232945688967014
8.657181125E8	58.21327840321026
8.734824005E8	58.24278079481866
8.78512305E8	54.16056031038382
8.82394449E8	57.9925851822953
8.890109765E8	58.21888261200369
8.967752645E8	57.8380657712449
9.045395525E8	58.20719708586865
9.123038405E8	58.15898738170462
9.200681285E8	58.31096619897626
9.278324165E8	43.69379446907635
9.355967045E8	58.274662201053
9.433609925E8	58.2586162760387
9.511252805E8	50.748817422110456
9.588895685E8	58.307422356400195
9.666538565E8	58.28520390991135
9.744181445E8	58.317816189637696
9.821824325E8	58.14846927527002
9.899467205E8	58.1634415871372
9.977110085E8	58.31029291051826
1.0054752965E9	58.30481053127216
1.0132395845E9	58.38501829313933
1.0210038725E9	58.38333575076837
1.0287681605E9	58.23601660360181
1.0365324485E9	58.171148949656114
1.0442967365E9	58.24014326880529
1.0520610245E9	57.70007237629039
1.0585707465E9	56.23232317264452
1.0624528905E9	57.594269997580625
1.0675896005E9	58.24036965801116
1.0753538885E9	58.26410330013946
1.0831181765E9	58.36647734843762
1.0908824645E9	56.99145687959595
1.0986467525E9	58.304240617769416
1.1064110405E9	58.35116602127507
1.1141753285E9	58.32156934532228
1.1219396165E9	42.54237569801882
1.1297039045E9	58.346507646440664
1.1374681925E9	58.324720933504636
1.1452324805E9	58.17631907208672
1.1529967685E9	58.31406074576915
1.1607610565E9	58.35486413556633
1.1685253445E9	58.335372281080105
1.1762896325E9	58.319818534002216
1.1840539205E9	58.33047824950698
1.1918182085E9	58.240356144794006
1.1995824965E9	58.36944571834022
1.2073467845E9	58.346419744805104
1.2151110725E9	58.32789089301785
1.2228753605E9	57.73587761411065
1.229380904E9	57.178175925701204
1.233263048E9	57.67241887536575
1.2384039365E9	57.57121371645872
1.2461682245E9	58.28424211221192
1.2539325125E9	58.26177364039448
1.2616968005E9	58.14654295264854
1.2694610885E9	58.26433922740223
1.2772253765E9	58.26651333570296
1.2849896645E9	57.884545909888864
1.2927539525E9	33.32198593456819
1.3005182405E9	57.2976220968644
1.3082825285E9	53.69252048856659
1.3160468165E9	58.31107217232908
1.3238111045E9	58.31126553808249
1.3315753925E9	56.06573144328408
1.3393396805E9	58.25831662146201
1.3471039685E9	58.30737430514067
1.3548682565E9	58.32257630746725
1.3626325445E9	58.242858478060946
1.3703968325E9	58.263979577166126
1.3781611205E9	55.203417126067045
1.3859254085E9	58.07501059840341
1.3905789145E9	57.717316959771814
1.3944610585E9	56.10101041990633
1.4014539845E9	50.86385261114812
1.4092182725E9	58.445229468026064
1.4169825605E9	58.291372746059565
1.4247468485E9	58.33489221075785
1.4325111365E9	49.06916150925281
1.4402754245E9	55.79379716036619
1.4480397125E9	58.21963609771234
1.4558040005E9	58.310325294420174
1.4635682885E9	58.260730257124244
1.4713325765E9	58.38799866707783
1.4790968645E9	53.59232206374061
1.4868611525E9	58.27828949084807
1.4946254405E9	58.301729048130866
1.5023897285E9	58.32552713131114
1.5101540165E9	58.29685501128528
1.5179183045E9	58.27436229825971
1.5256825925E9	58.24935416071015
1.5330268245E9	58.179355396849026
1.5369089685E9	56.18266455664441
1.5412111685E9	58.287691775841694
1.5489754565E9	58.312068737172204
1.5567397445E9	58.337253013881565
1.5645040325E9	58.278200234313324
1.5722683205E9	56.06874582319272
1.5800326085E9	26.368609958640473
1.5877968965E9	0.0
1.5955611845E9	18.880225616692954
1.6033254725E9	38.51069718653993
1.6110897605E9	58.28177094148185
1.6188540485E9	58.26809482948502
1.6266183365E9	58.27219969477952
1.6343826245E9	58.19423479845956
1.6421469125E9	58.31996474374113
1.6499112005E9	58.20652159649754
1.6576754885E9	58.31544640249817
1.6654397765E9	58.35359749228807
1.672102775E9	57.46897576044635
1.675984919E9	57.234842816126964
1.6809683525E9	58.258539644173325
1.6887326405E9	58.38285460884864
1.6964969285E9	58.21129237581668
1.7042612165E9	58.21686397253165
1.7120255045E9	45.55849489796408
1.7197897925E9	45.651464262980994
1.7275540805E9	58.114161179117716
1.7353183685E9	58.32995745098122
1.7430826565E9	58.32827160225122
1.7508469445E9	58.20795267327094
1.7586112325E9	57.62260427010135
1.7663755205E9	58.324052212398286
1.7741398085E9	58.28739225614432
1.7819040965E9	58.26194616074693
1.7896683845E9	58.28668063352576
1.7974326725E9	58.27312617964929
1.804997934E9	56.71934678211741
1.808880078E9	42.81753146175706
1.8129612485E9	57.498028647268974
1.8207255365E9	58.371725729625794
1.8284898245E9	58.28385430503811
1.8362541125E9	58.210788787048834
1.8440184005E9	58.30833311172796
1.8517826885E9	58.34476340178515
1.8595469765E9	30.933660721919892
1.8673112645E9	58.104004750350086
1.8750755525E9	58.33570095598659
1.8828398405E9	58.32053505743454
1.8906041285E9	58.31200060058931
1.8983684165E9	56.881494450858554
1.9061327045E9	58.30914347927957
1.9138969925E9	58.27815746618252
1.9216612805E9	58.28019681712248
1.9294255685E9	58.24337336571418
1.9371898565E9	58.29234309646883
1.942419837E9	58.20241217908369
1.946301981E9	58.025787922037686
1.9527184325E9	58.0407084876845
1.9604827205E9	58.314322280024456
1.9682470085E9	58.30908677843811
1.9760112965E9	43.760890444019836
1.9837755845E9	51.66941251213375
1.9915398725E9	58.38805134115771
1.9993041605E9	58.32423664352467
2.0070684485E9	58.32290536919375
2.0148327365E9	58.331962989882925
2.0225970245E9	58.29057092682642
2.0303613125E9	58.3557578814982
2.0381256005E9	58.30658142484415
2.0458898885E9	58.36777405670531
2.0536541765E9	58.38380612998667
2.0614184645E9	58.404224907922035
2.0691827525E9	58.354512812987046
2.0750539395E9	58.14444511659138
2.0789360835E9	0.0
2.0847113285E9	0.0
2.0924756165E9	12.864926401820668
2.1002399045E9	58.3782268610274
2.1080041925E9	58.321179445065084
2.1157684805E9	58.28526767789282
2.1235327685E9	58.29937421552388
2.1312970565E9	57.160238796924965
2.1390613445E9	58.26075370642362
2.1468256325E9	58.26425558498286
2.1545899205E9	58.27531690535685
2.1623542085E9	58.37032203368925
2.1701184965E9	58.309806236158806
2.1778827845E9	58.30904653271509
2.1856470725E9	58.02124392291327
2.1904682635E9	58.137622249262975
2.1943504075E9	0.0
2.2011756485E9	0.0
2.2089399365E9	39.41720734144979
2.2167042245E9	58.298898675828156
2.2244685125E9	58.39711022783393
2.2322328005E9	58.357554207700865
2.2399970885E9	58.32466384770847
2.2477613765E9	58.33861735301338
2.2555256645E9	58.26827914155093
2.2632899525E9	58.32456006679841
2.2710542405E9	58.32635427637267
2.2788185285E9	58.269975235679716
2.2865828165E9	58.330558670803704
2.2943471045E9	58.08843339742941
2.2983401385E9	58.252406312765146
2.3022222825E9	0.0
2.3098756805E9	0.0
2.3176399685E9	25.971453888480955
2.3254042565E9	53.11061164552736
2.3331685445E9	55.42805330949105
2.3409328325E9	58.1959438909439
2.3486971205E9	58.31120667243675
2.3564614085E9	58.32093108785108
2.3642256965E9	58.30197418115041
2.3719899845E9	57.9681250727751
2.3797542725E9	56.55237320458506
2.3875185605E9	58.22392504422666
2.3952828485E9	58.30135019258641
2.399803605E9	55.21355953935048
2.403685749E9	57.89737038118721
2.4108114245E9	58.336092897377796
2.4185757125E9	51.869422407139105
2.4263400005E9	54.53321886999484
2.4341042885E9	40.04656994649211
2.4418685765E9	1.3365725586094337
2.4496328645E9	46.97679246896695
2.4573971525E9	58.28256037246314
2.4651614405E9	58.26816375303787
2.4729257285E9	57.75901814372754
2.4806900165E9	58.20491062048813
2.4876763615E9	57.14038904338113
2.4915585055E9	57.354552515116026
2.4962185925E9	58.28933313745039
2.5039828805E9	58.23187121363883
2.5117471685E9	41.80629441560565
2.5195114565E9	44.74012541797546
2.5272757445E9	55.47053479716472
2.5350400325E9	54.895335698392465
2.5428043205E9	58.351969997220074
2.5505686085E9	58.144829867353366
2.5583328965E9	58.169978548280305
2.5660971845E9	58.291217179447194
2.572008666E9	57.91363119179184
2.57589081E9	56.184967424908926
2.5816257605E9	58.2774178652574
2.5893900485E9	33.25565142641128
2.5971543365E9	54.48217900710525
2.6049186245E9	58.32460091507295
2.6126829125E9	58.28911967204255
2.6204472005E9	58.2148565285505
2.6282114885E9	58.32637743549852
2.6359757765E9	58.373486195807594
2.6437400645E9	58.29462659589294
2.6510167485E9	58.05556840605199
2.6548988925E9	48.28788655436099
2.6592686405E9	58.1902892856891
2.6670329285E9	57.92757531269385
2.6747972165E9	58.25135663858273
2.6825615045E9	57.40580401220939
2.6903257925E9	56.67474897804346
2.6980900805E9	58.341134456968554
2.7058543685E9	56.63723583649779
2.7113827085E9	58.24073263008535
2.7152648525E9	58.17660968081754
2.7213829445E9	58.31932013536182
2.7291472325E9	58.34075208273829
2.7369115205E9	42.578540083135394
2.7446758085E9	48.49408489511956
2.7524400965E9	58.36763136487053
2.7602043845E9	58.332888082618595
2.7679686725E9	58.29348603080349
2.774661944E9	58.08441300723451
2.778544088E9	0.0
2.7834972485E9	25.02034497235501
2.7912615365E9	53.58654557266945
2.7990258245E9	58.26628884006955
2.8067901125E9	58.33776101774471
2.8145544005E9	57.87871874802792
2.8213097995E9	56.75543049731716
2.8251919435E9	0.0
2.8300829765E9	0.0
2.8378472645E9	39.78176887132008
2.8456115525E9	54.85490897203924
2.8533758405E9	58.34917755090347
2.8611401285E9	58.30640652433801
2.8689044165E9	58.32936424482438
2.8738940415E9	57.62719617677045
2.8777761855E9	57.13668263570256
2.8844329925E9	57.946663651374
2.8921972805E9	58.27560531668006
2.8999615685E9	58.36945729968829
2.9077258565E9	58.25547768604468
2.9154901445E9	58.35946183595992
2.9232544325E9	56.403504106206036
2.9310187205E9	44.634102688554144
2.9387830085E9	47.68477689223114
2.9465472965E9	55.99496965409701
2.9543115845E9	58.22499650197326
2.9620758725E9	58.031220328955385
2.9698401605E9	58.050277397852796
2.9776044485E9	56.111245923062484
2.9853687365E9	58.31265120413678
2.9931330245E9	56.54257937089581
3.0008973125E9	58.37722613057534
3.0086616005E9	57.3835836978985
3.0164258885E9	56.48745491679574
3.0241901765E9	57.71825220643748
3.029557369E9	54.709712643788315
3.033439513E9	57.870733570483225
3.0397187525E9	41.734284207862274
3.0474830405E9	45.22189267583942
3.0552473285E9	21.786882866643666
3.0630116165E9	0.0
3.0707759045E9	0.0
3.0785401925E9	0.0
3.0853460845E9	4.95616820127481
3.088278117E9	57.3864233403956
3.088373929E9	48.76763711007206
3.0884774725E9	56.51880343689156
3.0885573295E9	53.11007358379837
3.0886546005E9	24.092002426557578
3.0887081185E9	36.89144455401658
3.0887493115E9	28.085675103699316
3.088858438E9	27.16966107896413
3.088966832E9	55.039512384306576
3.089008063E9	48.44675131504536
3.089109657E9	8.338125371178146
3.089267292E9	10.592793299901068
3.08942189E9	9.284587706687278
3.089604443E9	35.9722213581982
3.089755642E9	44.28514998929645
3.0898220175E9	20.100881309509052
3.0898610755E9	19.03059622497889
3.089968525E9	38.60358748441757
3.0900764725E9	40.44535522866198
3.090141311E9	2.5975715851199985
3.090191469E9	0.988207171314741
3.090297168E9	40.33332934288077
3.090503609E9	34.98222925064348
3.0907062205E9	50.55130624759609
3.09089898E9	41.51263652809531
3.091013772E9	52.30571421948934
3.091052607E9	56.15878996256378
3.0911587895E9	48.25191464318324
3.091267064E9	49.86757463573685
3.0915130575E9	7.578099643866799
3.092673561E9	17.76600513491402
3.093702736E9	46.969988042844165
3.093935951E9	34.05491806768152
3.094132646E9	29.042804663659965
3.0942642985E9	6.915507816925342
3.094360447E9	54.4124195893081
3.0944711045E9	15.301151844309278
3.0946435155E9	13.725053158545707
3.094747446E9	42.81469157806553
3.0948598115E9	8.06549321363899
3.0950026905E9	32.087931436265244
3.095104297E9	38.92879322042607
3.095190977E9	14.65688046988136
3.0952465895E9	48.91478439425051
3.0952663465E9	0.9973262032085561
3.095268566E9	3.572769953051643
3.0952706195E9	0.0
3.0952723265E9	11.32771822358346
3.0952838005E9	21.70372369131139
3.0952967465E9	0.9524119947848761
3.095299555E9	0.9364754098360656
3.0953008775E9	0.8976109215017065
3.0953027375E9	0.0
3.0953043745E9	0.0
3.095311073E9	0.0
3.0953361175E9	8.390812250332889
3.095355552E9	0.0
3.0953574645E9	10.861313868613138
3.095360032E9	0.0
3.095361791E9	0.9212253829321663
3.095363378E9	54.829268292682926
3.095365611E9	5.987866531850354
3.0953678415E9	0.0
3.095369933E9	0.0
3.095371677E9	0.0
3.09537289E9	0.0
3.0953743225E9	0.0
3.095375945E9	59.73568281938326
3.095572656E9	45.54388218736986
3.095769303E9	48.76967319345686
3.0957708065E9	15.722460658082976
3.0957736535E9	47.747120746402636
3.095822105E9	46.164820478231505
3.095924849E9	23.57374939919646
3.095983129E9	51.58354716981132
3.095986364E9	25.849977686319235
3.0959887305E9	41.04733890982627
3.0959909825E9	25.344192841490138
3.095993051E9	46.591690176968456
3.0959946765E9	53.48922671774
3.096006671E9	22.17275862990989
3.0960870785E9	36.07602034946612
3.0961589785E9	53.331682910303854
3.096165879E9	39.564681262375544
3.096173123E9	52.68786232512931
3.09617898E9	55.98754192620987
3.096183283E9	46.41299904619158
3.096185859E9	26.998823529411766
3.0961883E9	2.639275766016713
3.0961908755E9	7.9411764705882355
3.096192456E9	0.0
3.096238607E9	46.760690657473255
3.0962848625E9	0.9884105960264901
3.096286263E9	0.0
3.0962877625E9	0.0
3.096289947E9	54.13667666333444
3.096292208E9	0.8543307086614174
3.0962965075E9	13.508265152780098
3.096315547E9	19.918156489435802
3.0963533005E9	36.27671341611129
3.09637788E9	47.82601367391511
3.096382479E9	58.007277515941226
3.0963879875E9	13.483140412682436
3.0963943185E9	11.16374107093416
3.096398918E9	0.0
3.0964033365E9	34.40593383570439
3.0964070605E9	35.51844262295082
3.0964084065E9	0.994140625
3.0964096105E9	3.9545719277810134
3.096411644E9	21.34942575662579
3.0964135175E9	51.32680412371134
3.0964147555E9	0.981687898089172
3.0964161835E9	0.7800559179869525
3.0964174105E9	6.4464755391899
3.096418484E9	19.53891539040924
3.096419946E9	0.0
3.096422275E9	0.0
3.0964254675E9	15.471745711402624
3.0964313925E9	2.703680880782187
3.0964360765E9	0.9144486692015209
3.096437123E9	0.0
3.0964382945E9	0.0
3.096440137E9	0.0
3.096442099E9	0.0
3.096443439E9	0.0
3.0964449505E9	0.0
3.0964464985E9	0.0
3.0964475915E9	0.0
3.0964489705E9	0.0
3.0964506065E9	0.0
3.0964522235E9	0.0
3.0964537525E9	0.880466472303207
3.0964552355E9	0.0
3.09645655E9	0.0
3.0964580005E9	4.981865284974093
3.0964594605E9	0.0
3.096462063E9	47.01323064770932
3.0964647385E9	0.0
3.0964666345E9	0.0
3.0964687875E9	0.0
3.096470338E9	0.0
3.0964722525E9	27.763814866760168
3.096474844E9	11.161031642826181
3.0964802425E9	54.30026466893953
3.0964880595E9	52.74625121713729
3.0965833285E9	38.08514434887285
3.0967643755E9	53.91408599126503
3.0969348755E9	17.189313327482616
3.097105623E9	38.14308905345017
3.0972741855E9	15.417573805333245
3.0973604055E9	2.3287407256754897
3.097450029E9	0.6618439625304761
3.0976374775E9	44.32052872215597
3.0978270425E9	36.99497235619662
3.0979310955E9	40.515381167746405
3.097952041E9	16.947852760736197
3.0979864125E9	55.87010424323866
3.098119023E9	16.102152090771174
3.098265051E9	13.382308325070921
3.098391091E9	53.0996729882811
3.0985448955E9	33.341742934909654
3.0986946915E9	38.690995398929346
3.098783935E9	0.0
3.0988292795E9	43.83654055336906
3.098880847E9	19.32776024318939
3.098919304E9	47.522873437689604
3.0989774605E9	31.102853165786485
3.099052881E9	41.664344563247845
3.0991573655E9	31.04467222041148
3.099319594E9	32.07230401129358
3.0995012675E9	25.34625037013231
3.099670145E9	51.68394132125457
3.09983663E9	0.0
3.0999236415E9	0.0
3.099926258E9	59.00596421471173
3.0999293305E9	52.73214844483385
3.0999317075E9	26.681159420289855
3.099933225E9	0.0
3.099934473E9	0.0
3.099935544E9	53.210874357090375
3.099936873E9	55.70250650595809
3.0999392435E9	53.669787765293385
3.0999417715E9	57.69526248399488
3.099944294E9	57.493768106177995
3.099947122E9	59.413680781758956
3.099949542E9	0.0
3.099951465E9	0.0
3.0999532635E9	0.0
3.0999548975E9	0.0
3.099956276E9	0.0
3.0999589355E9	59.40481400437637
3.099961492E9	0.0
3.0999627755E9	0.0
3.099966206E9	57.746850299401196
3.099971928E9	58.232509400234235
3.0999763185E9	58.05220443079623
3.0999787225E9	0.0
3.099980804E9	0.0
3.099982934E9	0.0
3.0999846185E9	0.0
3.0999859675E9	51.81849024597116
3.099987108E9	0.0
3.0999883185E9	0.0
3.099989888E9	0.0
3.0999934275E9	52.66061836274971
3.099997199E9	51.49497293116783
3.0999989405E9	0.0
3.100000503E9	51.46294210407749
3.100002242E9	0.0
3.100004537E9	57.854698457223
3.100007437E9	51.736464817958876
3.1000093805E9	0.0
3.1000104305E9	0.0
3.100011833E9	38.718721461187215
3.1000136915E9	0.0
3.1000154645E9	0.0
3.100017134E9	57.861635220125784
3.1000187915E9	0.0
3.100020568E9	58.5014409221902
3.1000221625E9	59.65183752417795
3.1000236955E9	0.0
3.1000264625E9	0.8916228918993642
3.100029677E9	58.42295345104334
3.100031578E9	58.656716417910445
3.1000326205E9	0.0
3.100033658E9	0.0
3.100035464E9	46.59970579179638
3.1000409715E9	36.87582148142574
3.1000479435E9	23.69390997156061
3.100051797E9	56.89517352127754
3.100053416E9	56.32411067193676
3.10005829E9	55.41860145624399
3.1000639665E9	26.522402660927412
3.1000665115E9	0.0
3.100068816E9	0.0
3.100070957E9	28.61842105263158
3.1000725955E9	58.983050847457626
3.10007379E9	32.67939309797699
3.1000757855E9	0.0
3.1000785755E9	59.84924623115578
3.1000897445E9	58.028980289802895
3.1001009405E9	59.125702247191015
3.1001076425E9	58.22470186943071
3.1001174535E9	0.0
3.10012562E9	59.13061082832022
3.1001304845E9	58.58651502843217
3.1001326025E9	56.14129391437896
3.100134138E9	7.625130890052356
3.100136976E9	59.27775117980986
3.1001412695E9	58.61635906956427
3.1001454075E9	0.0
3.1001489115E9	0.0
3.1001523505E9	58.61335633316905
3.1001553555E9	8.623655913978494
3.1001569595E9	17.931190073322053
3.1001596515E9	0.0
3.100164687E9	58.23333718378191
3.100169456E9	57.6225720711511
3.100173756E9	59.01259301659989
3.100178605E9	0.0
3.100182461E9	57.22471090738619
3.1001845245E9	37.402283411685694
3.100186698E9	59.36250675310643
3.1001901715E9	59.59579362471246
3.1001926785E9	42.57533733133433
3.1001942255E9	0.0
3.100196577E9	59.1520572450805
3.100199826E9	58.035
3.1002050385E9	54.501488095238095
3.1002116325E9	56.79214795177681
3.100215983E9	59.33751119068935
3.100218536E9	0.9416484318016046
3.1002222875E9	0.0
3.100226716E9	0.0
3.100230998E9	58.96846695739685
3.10023432E9	45.72102602508893
3.100237109E9	23.14396923875351
3.100241596E9	57.22019288886553
3.1002465235E9	0.0
3.100249222E9	0.0
3.1002504975E9	58.08977035490605
3.1002526125E9	58.92527096406161
3.1002555955E9	58.53548062405637
3.1002585615E9	58.965748824714574
3.1002608765E9	57.853725222146274
3.100264232E9	0.0
3.1002683515E9	0.9745762711864406
3.1002730005E9	58.746117208531786
3.100276567E9	59.83710407239819
3.1002785615E9	0.0
3.1002805655E9	24.156973751930003
3.1002818545E9	58.807216839291684
3.100283864E9	58.56072530378392
3.100286221E9	0.0
3.1002886105E9	12.19941348973607
3.100297238E9	0.0
3.100308266E9	0.0
3.1003148695E9	16.92729531471841
3.1003201675E9	56.47314949201742
3.100323191E9	58.33740831295844
3.100327556E9	59.032342201356286
3.1003361335E9	58.96487603305785
3.100341505E9	37.63919162757127
3.100343284E9	57.602680233279564
3.1003451525E9	59.38582677165354
3.10034797E9	58.489475856376394
3.1003522945E9	59.06685023711182
3.1003595775E9	58.03786086133459
3.100367519E9	56.73888255416192
3.1003726985E9	58.949893390191896
3.1003758895E9	58.612823674475955
3.1003787135E9	0.0
3.1003813635E9	0.0
3.100384543E9	58.449569729182485
3.100388122E9	14.90390417681486
3.100390936E9	57.93514228987426
3.1003962175E9	58.54933618635413
3.1004020815E9	58.690122933446375
3.1004062135E9	36.11718918918919
3.100409423E9	46.0
3.1004119315E9	57.818637693272045
3.100414125E9	0.0
3.100417918E9	58.53952336997566
3.100423028E9	58.33396728794219
3.1004269835E9	58.60685391041242
3.1004299135E9	0.0
3.100431937E9	0.0
3.100433132E9	0.0
3.100434876E9	0.0
3.1004377605E9	54.69619643716899
3.1004408225E9	59.134199134199136
3.1004441155E9	58.27160493827161
3.1004490815E9	56.99767108190722
3.100453243E9	59.07542579075426
3.1004556705E9	55.028627708470125
3.1004587745E9	59.23061450266519
3.100461398E9	31.067364290385875
3.100462798E9	0.0
3.1004649905E9	59.37437508927296
3.100471036E9	0.0
3.1004779445E9	58.55782675277981
3.1004820575E9	0.0
3.100486718E9	58.59372995167016
3.1004910255E9	0.0
3.10049749E9	0.0
3.1005038655E9	0.8194607268464243
3.1005113075E9	0.0
3.100520375E9	57.830498131055
3.100524579E9	55.44913585648654
3.100528576E9	57.603672532517216
3.100533401E9	58.94905414873386
3.1005371995E9	59.217281526160754
3.100540127E9	0.0
3.100544135E9	0.0
3.1005486665E9	0.0
3.1005512115E9	58.996949359365466
3.100552639E9	0.0
3.1005539095E9	0.0
3.1005560785E9	0.0
3.100558656E9	59.42534908700322
3.100561947E9	57.62080428084968
3.10056789E9	0.0
3.100573138E9	0.0
3.100576513E9	0.0
3.100580371E9	58.50807594219326
3.100591292E9	9.419388391928438
3.100602639E9	0.0
3.100606305E9	7.307242990654205
3.100608874E9	0.0
3.1006116575E9	58.1360201511335
3.1006156585E9	59.10990795885219
3.100620518E9	0.0
3.1006254325E9	58.77894495806738
3.1006312815E9	59.65065502183406
3.1006367155E9	38.18833441804014
3.100640534E9	59.43254520166899
3.100643878E9	58.97981451172941
3.100647993E9	58.3268619837628
3.1006508345E9	58.981632653061226
3.100653317E9	57.892597968069666
3.1006563755E9	59.0077177508269
3.1006598935E9	58.579131841466705
3.1006649805E9	59.157091967287144
3.1006712605E9	58.55093812994263
3.1006757165E9	0.0
3.100677201E9	13.968308413246696
3.10067847E9	0.0
3.100683289E9	58.194579099093296
3.1006885805E9	56.788922155688624
3.100691006E9	58.59886201991465
3.1006942785E9	0.0
3.1006969395E9	0.0
3.1006991355E9	47.74115990686089
3.1007016905E9	0.0
3.100704182E9	0.0
3.100706833E9	42.07301314183881
3.100708945E9	0.0
3.100712266E9	0.0
3.10071577E9	0.0
3.100717503E9	0.0
3.100719116E9	0.0
3.1007206285E9	0.0
3.1007221265E9	0.0
3.100724699E9	54.5117250788778
3.1007268945E9	0.0
3.1007289465E9	0.0
3.1007309285E9	0.0
3.1007330965E9	58.95157264103844
3.1007392415E9	0.0
3.1007470865E9	58.09791879904469
3.1007528755E9	0.0
3.1007561985E9	59.42242355605889
3.1007588475E9	59.495617957431584
3.100761762E9	53.276728055489116
3.1007635275E9	0.0
3.100764747E9	42.88459520895261
3.1007667445E9	43.01021059349075
3.1007691425E9	57.19706898605981
3.100772442E9	59.37303542604707
3.100775528E9	44.9030737704918
3.100781116E9	58.835209946047385
3.10079114E9	54.695578231292515
3.100797975E9	56.75300647548566
3.1008007345E9	58.41482649842271
3.100804877E9	59.136802540340874
3.100809349E9	0.0
3.1008114985E9	0.0
3.1008137425E9	9.674163996384848
3.1008164375E9	19.96992194936227
3.100825815E9	26.824383037886687
3.100837982E9	6.245292587776333
3.100842972E9	0.0
3.1008451085E9	56.32922252010724
3.10084822E9	59.33485490707532
3.1008510465E9	0.0
3.100852321E9	0.0
3.1008571395E9	0.0
3.1008619615E9	0.0
3.1008648315E9	58.302821000349226
3.100868278E9	50.14997508719482
3.100873156E9	50.25946369948578
3.1008795525E9	46.34843041799564
3.100884274E9	37.6452388310841
3.10088846E9	27.29205585432588
3.1008916615E9	19.655222943269834
3.10089384E9	37.85306911551474
3.1008970555E9	58.27742865639991
3.1008998325E9	35.58647493198601
3.100902708E9	34.42154016314116
3.1009063655E9	54.26605768835123
3.1009089965E9	51.09221642998382
3.1009125255E9	33.28510538228637
3.1009156975E9	45.61306161237527
3.100917935E9	49.25969888350062
3.1009210515E9	53.29204513054458
3.1009240305E9	52.97699939867709
3.100926116E9	44.49796181077022
3.1009275335E9	0.8862876254180602
3.100928649E9	38.26791735108498
3.1009304855E9	44.695582200048285
3.100935775E9	0.0
3.1009404825E9	0.0
3.1009433075E9	26.80834259862746
3.100962012E9	11.174443933155134
3.100979643E9	0.957863304578633
3.1009826315E9	4.275635767022149
3.100986095E9	51.49707996406109
3.100988659E9	37.08873720136519
3.1009913515E9	44.67886688393081
3.100994484E9	27.54925241864556
3.100999235E9	41.384474192221276
3.1010045095E9	50.43742126215712
3.101007663E9	0.0
3.101009454E9	0.0
3.1010139635E9	0.0
3.10102777E9	0.0
3.101038557E9	0.0
3.1010399745E9	0.0
3.10104147E9	0.0
3.101043057E9	7.759656652360515
3.101044461E9	0.0
3.101046252E9	19.183805265772477
3.101048543E9	59.39111628680752
3.101051444E9	59.353869271224646
3.101053714E9	0.0
3.101055658E9	0.0
3.1010593945E9	58.65579579888038
3.1010636115E9	57.41827466409945
3.101066684E9	0.0
3.101069485E9	0.0
3.10107171E9	0.0
3.1010747125E9	59.01259272037261
3.101082788E9	59.0828025477707
3.1010891985E9	58.29383886255924
3.101090371E9	0.0
3.101091454E9	0.0
3.1010926105E9	0.0
3.101093789E9	0.0
3.101094954E9	0.0
3.1010960955E9	0.0
3.1010976565E9	0.0
3.1010992105E9	0.0
3.1011004015E9	0.9581320450885669
3.101103073E9	58.017572633552014
3.101108811E9	58.476035464941965
3.1011134185E9	0.0
3.1011171035E9	58.95754189944134
3.1011208445E9	0.9541029207232267
3.1011223705E9	58.241379310344826
3.1011236055E9	57.736720554272516
3.101126918E9	58.75980042765502
3.101130602E9	33.09194776931447
3.1011321595E9	0.0
3.101133927E9	0.8920076117982874
3.1011356635E9	0.0
3.1011368845E9	0.0
3.1011381815E9	0.0
3.10113931E9	55.74519230769231
3.1011404165E9	0.0
3.101141667E9	58.624161073825505
3.101143503E9	31.260448213204118
3.1011454715E9	54.509727626459146
3.101147397E9	0.0
3.1011501335E9	19.085680751173708
3.101157518E9	55.217321502180376
3.1011645045E9	0.0
3.1011668885E9	27.09144337085367
3.1011686545E9	0.0
3.1011709785E9	1.0
3.101173445E9	0.0
3.101205684E9	36.032325273090464
3.1012403025E9	30.91500206640033
3.1012453615E9	33.845085245211536
3.1012505225E9	43.5343948727315
3.1012614495E9	37.697113570787124
3.1012739195E9	47.94031071837025
3.101281912E9	52.44315953582564
3.1012871705E9	49.117376187541424
3.101295694E9	51.13595655929095
3.1013044905E9	49.691302541636766
3.1013083555E9	57.45194259712986
3.1013114625E9	55.86959828856668
3.101316135E9	38.99649282623548
3.1013198035E9	35.335087719298244
3.101320917E9	0.0
3.101322018E9	0.0
3.1013238925E9	18.701717042713213
3.101326703E9	14.566150081566068
3.1013294495E9	10.871125952207032
3.1013318685E9	2.251478344254435
3.1013343305E9	0.0
3.101336736E9	15.726675427069646
3.101339303E9	1.3825284861638634
3.101342702E9	30.781556167975815
3.101345195E9	0.0
3.1013472335E9	0.0
3.101349218E9	0.0
3.1013517465E9	58.4125920964501
3.101354867E9	0.0
3.1013568785E9	56.26293103448276
3.101370363E9	58.64610828558553
3.1013921985E9	58.97942109905699
3.1014090845E9	58.66488492238674
3.101423574E9	57.562148065711014
3.101436092E9	57.868020304568525
3.1014467775E9	59.30086503140183
3.10145676E9	58.578932010504815
3.1014665925E9	58.51633735423533
3.101476343E9	57.4554784702712
3.1014858855E9	57.54635728871616
3.1014950245E9	0.0
3.101503724E9	0.0
3.1015121195E9	44.56083706622052
3.101520406E9	0.0
3.101528602E9	58.927271256370844
3.101536693E9	0.0
3.1015446345E9	58.03874671131308
3.1015524055E9	59.010528986426486
3.1015601115E9	0.0
3.101567702E9	58.35118493592039
3.1015751255E9	0.0
3.1015823905E9	58.75969394371677
3.101589504E9	48.479960526610895
3.101596546E9	0.0
3.101603554E9	0.0
3.1016105495E9	57.736533462305786
3.101617536E9	56.91442676906198
3.101624424E9	0.0
3.101631085E9	58.33699581767917
3.1016374705E9	58.39847726069785
3.1016435565E9	58.65772581384686
3.1016494765E9	0.0
3.1016553825E9	58.79110554337613
3.101661271E9	0.0
3.1016671275E9	0.0
3.101672916E9	0.0
3.101678576E9	0.0
3.101684071E9	0.0
3.1016894025E9	0.0
3.1016946505E9	58.26039963129256
3.1016998325E9	58.75542013359897
3.1017049205E9	0.0
3.101709929E9	0.0
3.101714835E9	58.94405043341214
3.1017196755E9	59.15363516546147
3.101724499E9	0.0
3.101729313E9	0.0
3.1017340725E9	58.53993878855144
3.1017387675E9	0.0
3.10174343E9	57.51910353953027
3.1017480095E9	0.0
3.101752486E9	39.862557790637155
3.1017569135E9	56.12107623318386
3.101761326E9	59.12492762015055
3.1017657265E9	0.0
3.101770102E9	0.0
3.101774441E9	0.0
3.1017787455E9	38.449408672798945
3.1017830115E9	58.829612220916566
3.1017872465E9	59.455095862764885
3.1017914715E9	57.88676332231684
3.1017956905E9	0.0
3.1017999035E9	59.33805368022394
3.1018041115E9	56.55692237857467
3.1018082655E9	0.0
3.101812367E9	58.93646855786862
3.101816459E9	0.0
3.101820484E9	46.6971423919238
3.101824445E9	0.0
3.101828395E9	0.0
3.1018323325E9	57.37512479840258
3.101836262E9	33.78395842112656
3.1018401885E9	0.0
3.10184411E9	25.61039449823793
3.1018480235E9	0.0
3.1018519235E9	0.0
3.1018558145E9	48.86864620030196
3.101859689E9	0.0
3.1018635415E9	58.764845605700714
3.101867382E9	0.0
3.1018712145E9	0.0
3.1018750435E9	0.0
3.10187887E9	0.0
3.101882693E9	0.0
3.101886508E9	0.0
3.101890313E9	59.409538228614686
3.101894113E9	24.6552757793765
3.101897881E9	0.0
3.1019016E9	58.590998043052835
3.1019052995E9	56.98947791702969
3.1019089945E9	0.0
3.1019126835E9	52.97630420530111
3.101916365E9	52.2091280653951
3.1019200355E9	0.0
3.101923674E9	31.195670995670994
3.101927286E9	52.58698339809255
3.1019308945E9	58.984571832979476
3.1019344895E9	54.49892399070328
3.101938072E9	0.0
3.101941634E9	0.0
3.1019451695E9	5.165680473372781
3.101948697E9	58.87926136363637
3.1019522085E9	57.87118762562265
3.101955703E9	0.0
3.1019591915E9	58.05090006207325
3.101962651E9	59.27272727272727
3.101966064E9	58.40104849279161
3.1019694465E9	0.0
3.101972819E9	0.0
3.101976185E9	51.768149882903984
3.101979541E9	51.07826231139114
3.1019828865E9	53.20236978259121
3.1019862165E9	59.26122070700384
3.1019895175E9	59.1948514309188
3.1019927975E9	59.24260191763813
3.1019960665E9	58.00766283524904
3.1019993255E9	59.26407967032967
3.102002581E9	59.28066400245927
3.102005831E9	57.933493476520184
3.1020090695E9	0.0
3.1020122965E9	0.0
3.1020155165E9	0.0
3.1020187305E9	46.310357675111774
3.1020219335E9	57.27895107356564
3.102025125E9	58.014607244000594
3.102028308E9	54.43175528040786
3.1020314845E9	55.03600967044153
3.102034659E9	0.0
3.1020378305E9	24.21551796684339
3.1020409985E9	0.0
3.102044163E9	0.0
3.102047316E9	3.801980198019802
3.102050456E9	58.347846552129916
3.1020535825E9	57.66246524559777
3.1020566935E9	34.42215304277968
3.102059793E9	56.96850966535024
3.102062879E9	0.0
3.102065945E9	0.0
3.102068997E9	0.0
3.10207203E9	43.628180276229706
3.1020750435E9	54.18766876687669
3.102078054E9	0.0
3.102081057E9	0.0
3.102084054E9	47.639010278820706
3.102087044E9	50.21329467798716
3.102090025E9	58.59697386519945
3.102092998E9	0.0
3.102095965E9	0.0
3.1020989315E9	0.0
3.1021018915E9	53.14432849979672
3.1021048445E9	57.06839809674861
3.1021077875E9	59.63220269718022
3.1021107135E9	39.114747785906815
3.10211362E9	53.20673719376392
3.102116511E9	57.7883336500095
3.102119394E9	58.820338983050846
3.1021222725E9	59.15787316873271
3.1021251475E9	46.34635719572803
3.1021280175E9	58.38821490467937
3.1021308845E9	0.0
3.10213375E9	59.30630190522716
3.1021366145E9	56.48114501199863
3.102139476E9	58.305882352941175
3.1021423325E9	42.01902274183838
3.1021451745E9	0.0
3.1021480035E9	0.0
3.1021508295E9	58.268889677190494
3.102153651E9	58.732978502799476
3.102156467E9	4.458291457286432
3.102159278E9	0.0
3.1021620835E9	0.0
3.10216488E9	0.0
3.102167667E9	55.32626882320134
3.1021704475E9	52.47516930022574
3.102173225E9	0.0
3.1021759985E9	0.0
3.102178768E9	0.0
3.102181536E9	59.0066358335009
3.102184301E9	52.64449168438164
3.102187055E9	55.455242540423406
3.1021897985E9	54.95348136672691
3.1021925375E9	59.16861143523921
3.10219527E9	56.718979441997064
3.1021979975E9	0.0
3.10220072E9	58.03977272727273
3.102203437E9	0.0
3.1022061485E9	59.181772825544655
3.1022088545E9	0.0
3.1022115525E9	0.0
3.102214244E9	57.865983445013796
3.1022169345E9	56.17306975009325
3.102219623E9	50.33057851239669
3.102222305E9	0.0
3.1022249775E9	55.71720276649467
3.1022276455E9	58.49410961242957
3.102230311E9	58.781289111389235
3.10223297E9	0.0
3.1022356195E9	0.0
3.1022382625E9	58.893731143144485
3.1022408995E9	58.272496971032055
3.1022435315E9	0.0
3.1022461615E9	58.304953560371516
3.102248787E9	0.0
3.1022514095E9	58.298322357352305
3.10225403E9	48.492056737588655
3.102256642E9	57.91046511627907
3.102259246E9	56.91405588484335
3.102261848E9	58.16471750947126
3.1022644475E9	0.0
3.102267045E9	0.0
3.1022696415E9	0.0
3.1022722365E9	57.48274030801912
3.1022748265E9	0.0
3.102277412E9	0.0
3.102279996E9	57.266954135633085
3.1022825765E9	59.40210686153554
3.10228515E9	0.0
3.102287719E9	18.097375105842506
3.102290279E9	0.0
3.1022928285E9	0.0
3.1022953765E9	0.0
3.1022979235E9	15.95813953488372
3.102300469E9	58.106767955801104
3.1023030085E9	0.0
3.102305542E9	54.43180667589186
3.1023080695E9	56.94385491028362
3.1023105915E9	29.619218550150595
3.10231311E9	57.08943338437979
3.102315624E9	0.0
3.102318134E9	0.0
3.1023206395E9	0.0
3.10232314E9	0.0
3.102325624E9	0.0
3.102328092E9	57.763440860215056
3.1023305565E9	0.0
3.102333018E9	0.0
3.102335476E9	0.0
3.1023379295E9	0.0
3.102340372E9	0.0
3.1023428065E9	0.0
3.1023452395E9	58.21009586377958
3.102347669E9	0.0
3.102350093E9	44.867227492393056
3.1023525135E9	0.0
3.1023549305E9	58.96880967536601
3.1023573395E9	0.0
3.102359743E9	0.0
3.1023621455E9	58.16718492774831
3.102364545E9	58.27160493827161
3.102366941E9	0.0
3.1023693355E9	0.0
3.1023717265E9	0.0
3.1023741115E9	54.073723368278664
3.102376493E9	58.744723802532576
3.1023788735E9	57.3298249628189
3.1023812475E9	0.0
3.1023836135E9	50.832328767123286
3.102385977E9	56.730321158690174
3.1023883325E9	0.0
3.102390676E9	58.77807726864331
3.102393013E9	0.0
3.1023953465E9	59.524752475247524
3.102397678E9	57.20143027413587
3.1024000085E9	0.0
3.102402335E9	0.0
3.102404656E9	58.64150943396226
3.1024069725E9	54.78459237097981
3.1024092835E9	58.44906234161176
3.1024115905E9	21.088289717155696
3.1024138915E9	0.0
3.102416183E9	54.08789490147013
3.102418466E9	57.142857142857146
3.1024207435E9	37.04517176088721
3.102423018E9	58.20175438596491
3.1024252855E9	0.0
3.1024275435E9	0.0
3.1024297965E9	51.89569019362898
3.102432045E9	0.0
3.102434287E9	0.0
3.102436518E9	36.54962829834164
3.1024387395E9	58.21312238250349
3.1024409585E9	0.0
3.102443175E9	0.0
3.102445389E9	0.0
3.102447597E9	52.294746399240644
3.1024497985E9	0.0
3.102451997E9	59.2470419505199
3.1024541925E9	58.57142857142857
3.102456381E9	0.0
3.102458562E9	0.0
3.10246074E9	58.81390593047035
3.102462917E9	59.01940109658372
3.102465094E9	59.23587158397453
3.1024672665E9	0.0
3.1024694305E9	33.27025106584557
3.102471588E9	0.0
3.1024737375E9	0.0
3.102475881E9	59.27394438722966
3.1024780205E9	57.58052970651396
3.1024801555E9	0.0
3.102482287E9	58.85761589403973
3.1024844155E9	57.94172932330827
3.102486542E9	57.40634005763689
3.102488667E9	0.0
3.1024907905E9	51.67489464178206
3.102492907E9	59.642857142857146
3.1024950155E9	59.492140266021764
3.1024971155E9	59.35018050541516
3.102499209E9	59.46940726577438
3.1025012995E9	0.0
3.1025033865E9	0.0
3.1025054725E9	0.0
3.1025075575E9	0.0
3.1025096395E9	0.0
3.102511719E9	59.03983656792646
3.1025137965E9	0.0
3.10251587E9	55.073823027620236
3.1025179385E9	53.82500838082467
3.102520002E9	58.651592444505724
3.10252206E9	0.0
3.102524114E9	59.6964586846543
3.1025261605E9	59.17123705057892
3.1025281985E9	57.94812509263377
3.102530234E9	58.259587020648965
3.1025322685E9	59.2592511335381
3.1025343015E9	0.0
3.102536332E9	0.0
3.102538359E9	0.0
3.102540382E9	59.10846953937593
3.1025424015E9	0.0
3.102544418E9	0.0
3.10254643E9	0.0
3.102548438E9	0.0
3.102550444E9	58.72954103239098
3.102552448E9	0.0
3.10255445E9	0.0
3.102556451E9	58.67408166252012
3.1025584515E9	0.0
3.1025604495E9	58.947895791583164
3.1025624435E9	57.57805108798486
3.102564432E9	58.36734693877551
3.102566415E9	0.0
3.102568394E9	58.872651356993735
3.102570368E9	59.786910197869105
3.1025723375E9	0.0
3.1025743025E9	58.809980806142036
3.102576264E9	49.06112825788752
3.1025782245E9	58.80612244897959
3.1025801845E9	48.544584638834785
3.1025821415E9	0.0
3.1025840945E9	18.04100529100529
3.102586044E9	56.80698967434472
3.1025879895E9	53.91582799634035
3.102589933E9	0.0
3.102591875E9	0.0
3.102593814E9	0.0
3.1025957495E9	59.78339350180505
3.102597681E9	58.546938775510206
3.1025996075E9	0.0
3.1026015315E9	37.07841837861719
3.102603455E9	46.55271207177814
3.102605377E9	0.0
3.1026072965E9	0.0
3.102609213E9	0.0
3.102611128E9	0.0
3.1026130425E9	58.557993730407524
3.1026149555E9	0.0
3.1026168665E9	58.54996322370495
3.102618775E9	0.0
3.1026206805E9	0.0
3.102622581E9	0.0
3.102624475E9	58.804054054054056
3.1026263655E9	0.0
3.1026282545E9	0.0
3.1026301425E9	0.0
3.102632029E9	0.0
3.102633912E9	0.0
3.102635792E9	58.945125199786894
3.10263767E9	0.0
3.1026395465E9	58.33555614830622
3.1026414225E9	56.367907481026386
3.1026432975E9	0.0
3.1026451705E9	0.0
3.102647041E9	0.0
3.1026489085E9	0.0
3.102650774E9	0.0
3.102652639E9	47.07541519194119
3.102654504E9	0.0
3.1026563675E9	0.0
3.1026582295E9	58.50966702470462
3.10266009E9	0.0
3.1026619475E9	0.0
3.1026638035E9	0.0
3.1026656585E9	58.229238160603984
3.1026675105E9	55.558112773302646
3.10266936E9	37.24637251998816
3.102671209E9	0.9142857142857143
3.102673057E9	0.0
3.1026749E9	0.0
3.1026767365E9	0.0
3.102678564E9	0.0
3.102680382E9	0.0
3.102682195E9	53.9882132333244
3.1026840045E9	55.70743056565363
3.1026858125E9	58.47757888909393
3.10268762E9	0.0
3.102689427E9	57.5709027928123
3.1026912315E9	0.0
3.102693033E9	0.0
3.1026948335E9	0.0
3.102696631E9	44.74129551282645
3.1026984255E9	55.822784810126585
3.1027002185E9	0.0
3.1027020085E9	0.0
3.1027037955E9	0.0
3.1027055795E9	0.0
3.1027073615E9	1.0397830018083183
3.102709143E9	0.0
3.102710924E9	36.26303658887929
3.102712704E9	59.07995618838992
3.102714482E9	0.0
3.1027162525E9	0.0
3.1027180155E9	50.30796027275422
3.102719774E9	52.847124824684435
3.102721526E9	0.0
3.102723274E9	31.12544483985765
3.1027250205E9	52.57425742574257
3.102726766E9	0.0
3.1027285105E9	57.16265796983286
3.1027302535E9	38.04223806911684
3.1027319945E9	0.0
3.1027337345E9	34.3988603988604
3.1027354725E9	0.0
3.102737208E9	59.66429298067141
3.1027389415E9	0.0
3.1027406735E9	0.0
3.1027424045E9	56.781337346807135
3.102744133E9	54.437577255871446
3.1027458575E9	0.0
3.1027475775E9	0.0
3.1027492945E9	54.64664310954063
3.1027510075E9	0.9036985345429169
3.1027527165E9	56.60377358490566
3.102754424E9	59.13255212296454
3.1027561305E9	52.60302923564635
3.102757836E9	0.0
3.1027595405E9	50.08701298701299
3.102761242E9	0.0
3.1027629405E9	59.476190476190474
3.102764638E9	59.39209726443769
3.102766335E9	57.32775829511735
3.102768031E9	58.00098570724495
3.102769726E9	0.0
3.10277142E9	57.7580747308423
3.10277311E9	0.0
3.1027747965E9	8.903150525087515
3.1027764795E9	59.61643835616438
3.102778159E9	52.586814292903874
3.102779838E9	39.64033512866547
3.1027815165E9	54.60800970873787
3.1027831925E9	0.0
3.1027848665E9	0.0
3.102786539E9	0.0
3.102788209E9	0.0
3.102789876E9	56.666666666666664
3.10279154E9	59.05982905982906
3.1027932E9	59.35833849969002
3.102794855E9	0.0
3.1027965075E9	0.0
3.1027981585E9	0.0
3.102799808E9	0.0
3.102801457E9	0.0
3.1028031015E9	59.26829268292683
3.1028047405E9	0.0
3.1028063775E9	59.34460016488046
3.1028080115E9	59.014925373134325
3.102809643E9	0.0
3.1028112735E9	0.0
3.102812902E9	0.0
3.1028145275E9	58.72976338729763
3.102816148E9	0.0
3.1028177645E9	0.0
3.10281938E9	0.0
3.102820993E9	58.46435100548446
3.102822604E9	55.046728971962615
3.1028242125E9	46.46808510638298
3.102825818E9	57.036144578313255
3.102827423E9	0.0
3.1028290255E9	59.19233756148071
3.1028306245E9	0.0
3.1028322225E9	58.62433862433863
3.10283382E9	54.101694915254235
3.1028354165E9	58.978240302743615
3.102837012E9	0.0
3.1028386055E9	0.0
3.102840196E9	0.0
3.102841783E9	0.0
3.102843365E9	56.54258031616522
3.1028449435E9	0.0
3.102846521E9	0.0
3.102848098E9	0.0
3.102849675E9	0.0
3.1028512515E9	0.0
3.102852827E9	0.0
3.1028544015E9	59.018181818181816
3.1028559745E9	57.88248826723107
3.102857546E9	0.0
3.102859113E9	0.0
3.102860675E9	0.0
3.102862236E9	55.38118265610801
3.1028637965E9	58.77640203932994
3.1028653565E9	0.0
3.1028669135E9	59.00021500752526
3.1028684665E9	59.123578076525334
3.1028700165E9	0.0
3.1028715635E9	0.0
3.102873107E9	0.0
3.1028746455E9	56.437333333333335
3.10287618E9	58.71165644171779
3.1028777125E9	51.026163909195844
3.1028792445E9	59.03394255874674
3.1028807755E9	0.0
3.102882304E9	54.62245567957978
3.1028838305E9	59.339622641509436
3.1028853555E9	0.0
3.102886879E9	58.13407274506606
3.102888402E9	0.0
3.1028899245E9	0.0
3.1028914465E9	59.058704453441294
3.102892967E9	45.54
3.102894483E9	0.0
3.1028959935E9	0.0
3.1028975015E9	0.0
3.102899008E9	0.0
3.102900512E9	0.0
3.1029020115E9	59.21665728756331
3.102903505E9	0.0
3.1029049955E9	57.987275882012725
3.1029064855E9	49.99099622422306
3.102907974E9	0.0
3.1029094605E9	0.0
3.102910946E9	55.4064561734213
3.1029124305E9	23.336704817673677
3.102913914E9	0.0
3.102915395E9	59.31122448979592
3.102916874E9	0.0
3.1029183515E9	59.51219512195122
3.102919827E9	17.5791030064071
3.1029213005E9	0.0
3.102922771E9	57.109133126934985
3.1029242395E9	0.0
3.102925707E9	54.34589800443459
3.102927173E9	0.0
3.1029286375E9	59.037678207739305
3.102930101E9	0.0
3.102931564E9	0.0
3.102933025E9	58.745286252999655
3.102934484E9	54.57161448919095
3.1029359425E9	0.0
3.1029374005E9	59.581047381546135
3.1029388565E9	38.9600316580926
3.102940308E9	0.0
3.102941757E9	0.0
3.1029432055E9	58.36285303973193
3.1029446525E9	0.0
3.1029460965E9	58.97940913160251
3.102947538E9	58.55189058728882
3.1029489785E9	0.0
3.102950418E9	0.0
3.102951856E9	0.0
3.1029532925E9	0.0
3.102954725E9	0.0
3.102956154E9	0.0
3.102957582E9	0.0
3.1029590085E9	0.0
3.102960434E9	58.82029099488793
3.1029618585E9	57.22746501789782
3.1029632825E9	0.0
3.102964706E9	0.0
3.102966129E9	0.0
3.102967552E9	0.0
3.1029689705E9	0.0
3.1029703845E9	0.0
3.102971798E9	0.0
3.102973211E9	0.0
3.1029746225E9	0.0
3.102976032E9	0.0
3.102977441E9	0.0
3.1029788485E9	57.17231222385862
3.102980254E9	58.61003861003861
3.102981659E9	15.452991452991453
3.1029830635E9	56.63309352517986
3.1029844675E9	29.810705169112953
3.1029858705E9	27.83921781640413
3.1029872725E9	0.0
3.1029886745E9	0.0
3.1029900765E9	0.0
3.1029914775E9	0.0
3.1029928765E9	0.0
3.1029942735E9	58.469750889679716
3.102995669E9	0.0
3.1029970635E9	46.089874525824335
3.102998457E9	0.0
3.102999849E9	58.83063409278068
3.103001239E9	0.0
3.103002628E9	0.0
3.1030040165E9	57.56678467975539
3.103005404E9	0.0
3.1030067895E9	57.60174418604651
3.103008172E9	56.41025641025641
3.103009553E9	0.0
3.103010933E9	59.59016393442623
3.103012311E9	0.0
3.1030136875E9	58.370044052863435
3.1030150635E9	59.474819231257136
3.103016439E9	0.0
3.1030178135E9	0.0
3.1030191865E9	57.778690847265516
3.103020558E9	33.275836431226764
3.1030219285E9	0.0
3.1030232985E9	0.0
3.1030246665E9	0.0
3.103026031E9	57.0403047924604
3.1030273925E9	0.0
3.1030287505E9	0.0
3.103030106E9	59.67213114754098
3.103031461E9	59.24290220820189
3.1030328145E9	0.0
3.103034163E9	55.12088539807212
3.1030355075E9	0.0
3.1030368515E9	0.0
3.1030381945E9	0.0
3.1030395365E9	59.440993788819874
3.1030408755E9	0.0
3.1030422105E9	0.0
3.1030435445E9	0.0
3.103044878E9	0.0
3.1030462105E9	31.006747638326587
3.1030475405E9	59.625
3.1030488685E9	58.59060402684564
3.1030501965E9	58.91647855530474
3.103051524E9	57.71490750816105
3.10305285E9	58.95849056603774
3.1030541735E9	0.0
3.1030554945E9	44.05218216318786
3.103056814E9	0.0
3.1030581325E9	0.0
3.103059449E9	0.0
3.1030607635E9	0.0
3.103062077E9	0.0
3.10306339E9	58.402130492676434
3.1030647025E9	56.93511274735389
3.1030660135E9	0.0
3.103067323E9	0.0
3.103068632E9	54.65625
3.10306994E9	59.17368018362662
3.103071247E9	41.58099898751266
3.103072553E9	0.0
3.1030738575E9	0.0
3.103075161E9	0.0
3.1030764635E9	48.05386090291093
3.1030777655E9	0.0
3.103079067E9	51.599591767307366
3.103080368E9	0.0
3.1030816685E9	0.0
3.103082968E9	33.62360200539915
3.103084266E9	0.0
3.103085562E9	0.0
3.1030868565E9	0.0
3.10308815E9	58.321513002364064
3.103089442E9	0.0
3.103090733E9	59.12359550561798
3.103092023E9	58.90625
3.1030933115E9	0.0
3.1030945995E9	3.913317572892041
3.103095887E9	0.0
3.103097174E9	0.0
3.103098461E9	0.0
3.1030997475E9	0.0
3.103101032E9	0.0
3.103102314E9	0.0
3.103103593E9	0.0
3.1031048685E9	0.0
3.1031061405E9	0.0
3.103107409E9	59.06938775510204
3.1031086755E9	59.0891597177678
3.1031099385E9	0.0
3.103111198E9	46.651685393258425
3.1031124565E9	0.0
3.1031137145E9	0.0
3.1031149725E9	0.0
3.1031162295E9	0.0
3.103117485E9	0.0
3.1031187395E9	59.38461538461539
3.1031199935E9	0.0
3.103121247E9	0.0
3.1031224985E9	0.0
3.103123748E9	0.0
3.1031249965E9	0.0
3.1031262445E9	58.335146898803046
3.103127492E9	0.0
3.1031287365E9	0.0
3.1031299785E9	16.429878048780488
3.10313122E9	50.433756805807626
3.103132461E9	0.0
3.103133702E9	58.48951048951049
3.103134942E9	58.83306320907617
3.1031361805E9	0.0
3.103137418E9	54.47432024169184
3.1031386545E9	0.0
3.10313989E9	0.0
3.1031411245E9	0.0
3.1031423585E9	0.0
3.1031435925E9	59.717595944967414
3.103144826E9	58.05273833671399
3.1031460585E9	0.0
3.1031472905E9	0.8602941176470589
3.103148522E9	0.0
3.1031497525E9	57.77939042089986
3.1031509815E9	22.838709677419356
3.103152209E9	58.924205378973106
3.103153436E9	0.0
3.1031546625E9	59.21568627450981
3.1031558875E9	0.0
3.1031571115E9	0.0
3.1031583335E9	0.0
3.1031595535E9	0.0
3.103160773E9	0.0
3.103161991E9	59.18625678119349
3.1031632075E9	34.687140115163146
3.103164423E9	0.0
3.1031656375E9	22.026415094339622
3.1031668515E9	54.563879732294474
3.1031680655E9	50.391525423728815
3.103169279E9	0.0
3.1031704915E9	58.06853582554517
3.103171702E9	55.516626506024096
3.1031729105E9	58.88316151202749
3.103174118E9	0.9511278195488722
3.103175325E9	58.49420849420849
3.103176532E9	0.0
3.1031777385E9	0.0
3.1031789445E9	0.0
3.10318015E9	0.0
3.103181355E9	0.0
3.1031825595E9	0.0
3.1031837635E9	0.0
3.1031849675E9	59.44893460690669
3.103186171E9	4.350132625994695
3.103187373E9	55.7329401853412
3.103188574E9	59.65029142381349
3.1031897745E9	57.155399473222126
3.1031909745E9	0.0
3.103192174E9	0.0
3.1031933725E9	0.0
3.10319457E9	50.58034682080925
3.1031957665E9	0.0
3.103196962E9	0.0
3.1031981565E9	59.3717277486911
3.1031993505E9	0.0
3.103200543E9	55.980437550642435
3.103201733E9	44.52005347593583
3.1032029205E9	0.0
3.1032041065E9	0.0
3.1032052915E9	0.0
3.103206475E9	0.0
3.103207658E9	58.94686907020873
3.1032088405E9	0.0
3.103210022E9	0.0
3.103211203E9	0.0
3.103212384E9	59.415749364944965
3.103213565E9	59.4392523364486
3.103214745E9	0.0
3.1032159235E9	0.0
3.1032171015E9	0.0
3.103218279E9	0.0
3.103219456E9	0.0
3.10322063E9	0.0
3.103221801E9	50.60085836909871
3.103222972E9	54.64468864468864
3.1032241425E9	0.0
3.1032253125E9	50.15533691115086
3.103226481E9	0.0
3.103227648E9	58.12097812097812
3.103228815E9	0.0
3.103229981E9	0.0
3.103231146E9	0.0
3.1032323095E9	56.460305899490166
3.103233469E9	58.82096069868996
3.1032346255E9	0.0
3.1032357815E9	57.00625
3.1032369365E9	58.54419410745234
3.1032380905E9	0.0
3.103239243E9	0.0
3.103240394E9	0.0
3.1032415445E9	52.20476610767873
3.1032426945E9	0.0
3.103243843E9	55.7518017226226
3.10324499E9	57.69894534995206
3.1032461365E9	0.0
3.1032472815E9	39.248654467169
3.1032484255E9	0.0
3.103249569E9	58.141809290953546
3.1032507115E9	58.806228373702425
3.103251853E9	0.0
3.103252994E9	0.0
3.1032541345E9	0.0
3.1032552735E9	0.0
3.1032564095E9	0.0
3.1032575435E9	58.783068783068785
3.1032586765E9	0.0
3.103259808E9	0.0
3.103260939E9	33.25256975036711
3.1032620695E9	0.0
3.103263198E9	0.0
3.1032643245E9	59.19170984455958
3.1032654495E9	59.16083916083916
3.1032665725E9	0.0
3.1032676945E9	0.0
3.103268816E9	0.0
3.103269936E9	55.40840602696273
3.103271055E9	0.0
3.103272174E9	58.73821609862219
3.103273293E9	0.0
3.1032744115E9	0.0
3.1032755285E9	0.0
3.1032766445E9	7.3700561447286335
3.10327776E9	0.0
3.103278875E9	59.24663677130045
3.10327999E9	0.0
3.1032811045E9	0.0
3.103282218E9	0.0
3.103283331E9	0.0
3.1032844425E9	46.18705035971223
3.1032855525E9	0.0
3.103286662E9	58.09119830328738
3.1032877705E9	56.10781178620375
3.103288878E9	59.18248175182482
3.103289985E9	0.0
3.103291092E9	0.0
3.103292199E9	0.0
3.1032933055E9	0.0
3.10329441E9	58.17468105986261
3.103295513E9	58.39080459770115
3.103296616E9	58.78651685393258
3.1032977175E9	0.0
3.103298817E9	0.0
3.1032999155E9	59.68100531657806
3.103301013E9	0.0
3.1033021095E9	1.975609756097561
3.1033032055E9	57.582417582417584
3.1033043005E9	59.37888198757764
3.103305394E9	0.0
3.1033064855E9	0.0
3.1033075745E9	59.33481152993348
3.103308662E9	0.0
3.1033097485E9	0.0
3.103310834E9	0.0
3.1033119185E9	0.0
3.1033130025E9	0.0
3.1033140865E9	0.0
3.1033151705E9	0.0
3.103316254E9	58.493353028064995
3.103317337E9	0.0
3.1033184195E9	0.0
3.1033195015E9	59.32279909706546
3.103320583E9	58.775510204081634
3.103321664E9	0.0
3.103322744E9	59.24015009380863
3.1033238215E9	0.0
3.1033248965E9	0.0
3.10332597E9	47.09612518628912
3.103327043E9	0.0
3.103328115E9	0.0
3.103329185E9	0.0
3.103330253E9	38.91339856176651
3.10333132E9	0.0
3.103332387E9	0.0
3.1033334535E9	0.0
3.103334519E9	0.0
3.103335584E9	0.0
3.103336649E9	0.0
3.103337714E9	0.0
3.103338779E9	0.0
3.1033398435E9	55.08074534161491
3.1033409075E9	0.0
3.1033419715E9	0.0
3.103343035E9	0.0
3.1033440975E9	0.0
3.1033451595E9	0.0
3.1033462215E9	0.0
3.103347283E9	0.0
3.1033483435E9	50.56358259400084
3.103349402E9	0.0
3.103350459E9	0.0
3.1033515155E9	0.0
3.103352571E9	0.0
3.103353626E9	56.721672167216724
3.103354681E9	52.95602462620932
3.103355736E9	29.0231884057971
3.1033567905E9	58.98635477582846
3.103357843E9	0.0
3.1033588935E9	33.61142857142857
3.1033599435E9	0.0
3.103360993E9	58.4144645340751
3.1033620415E9	58.5974025974026
3.103363089E9	0.0
3.1033641355E9	0.0
3.1033651815E9	0.0
3.1033662275E9	59.65583173996176
3.103367273E9	58.73684210526316
3.103368318E9	0.0
3.103369363E9	0.0
3.1033704075E9	0.0
3.1033714505E9	0.0
3.103372492E9	0.0
3.103373532E9	0.0
3.103374571E9	59.361702127659576
3.1033756095E9	0.0
3.1033766465E9	0.6713286713286714
3.1033776825E9	0.0
3.103378718E9	0.0
3.103379753E9	8.453038674033149
3.103380787E9	0.0
3.1033818195E9	54.42847025495751
3.103382851E9	0.0
3.103383882E9	0.0
3.103384913E9	0.0
3.103385942E9	42.13705583756345
3.103386969E9	0.0
3.1033879955E9	0.0
3.1033890215E9	0.0
3.1033900465E9	0.8778280542986425
3.1033910705E9	0.0
3.1033920935E9	3.3469387755102042
3.1033931155E9	58.86274509803921
3.103394137E9	0.0
3.1033951575E9	0.0
3.103396177E9	0.0
3.1033971955E9	0.0
3.1033982135E9	0.0
3.1033992315E9	0.0
3.1034002485E9	0.0
3.1034012615E9	57.75933609958506
3.1034022715E9	59.257425742574256
3.103403281E9	0.0
3.1034042895E9	0.0
3.103405297E9	0.0
3.1034063035E9	0.0
3.103407309E9	0.0
3.103408314E9	0.0
3.1034093185E9	0.0
3.1034103225E9	0.0
3.103411326E9	0.0
3.103412329E9	0.0
3.103413332E9	59.5010395010395
3.103414335E9	0.0
3.1034153375E9	58.92215568862275
3.1034163395E9	0.0
3.1034173405E9	0.0
3.1034183405E9	0.0
3.1034230195E9	57.558070157391214
3.1034311645E9	54.66718643407075
3.1034385535E9	0.0
3.103444272E9	3.9643728648121033
3.103448588E9	56.53765836001671
3.103452529E9	19.484112490869247
3.1034563265E9	58.49415574558518
3.103460075E9	18.955416756407494
3.1034637975E9	58.76823338735819
3.103467461E9	44.07611191427843
3.103471038E9	56.98090760133932
3.1034745565E9	50.07177841580814
3.10347799E9	58.006735626653835
3.1034813295E9	52.49815498154982
3.103484605E9	45.55300726691749
3.1034878305E9	16.413231064237774
3.1034910465E9	48.78967188148969
3.1034942485E9	42.95196268946755
3.1034973905E9	0.0
3.10350048E9	53.373817164486134
3.1035035475E9	58.46092023307213
3.103506574E9	0.9615384615384616
3.1035095785E9	56.15797161936561
3.10351256E9	44.056611403154065
3.1035155065E9	46.27164416203336
3.10351844E9	42.95284483975716
3.10352132E9	0.0
3.1035241305E9	27.613899613899616
3.103526902E9	54.59026494146642
3.103529649E9	58.586301369863016
3.103532388E9	34.84442749754875
3.1035351035E9	58.142162246979446
3.103537785E9	58.995185262717186
3.1035404345E9	56.073160266037334
3.1035429975E9	0.0
3.103545488E9	25.938293567741034
3.1035479665E9	58.89375684556408
3.1035504075E9	54.77716997627076
3.103552812E9	28.00865102639296
3.1035551875E9	51.247867803837956
3.103557535E9	56.0256175663312
3.1035598595E9	28.054707933740193
3.1035621585E9	52.6072734660707
3.103564445E9	54.98205689277899
3.103566722E9	15.416856492027335
3.103568983E9	0.0
3.103571211E9	55.06812339331619
3.1035734005E9	0.0
3.103575568E9	58.262411347517734
3.103577725E9	0.0
3.103579877E9	0.0
3.103582016E9	42.71858261227853
3.1035841385E9	0.0
3.103586253E9	0.0
3.1035883585E9	51.69332341454343
3.1035904405E9	59.13294797687861
3.1035925065E9	49.00666054203032
3.103594569E9	0.0
3.103596622E9	0.0
3.1035986655E9	54.81902792140641
3.1036007005E9	4.443187937533656
3.1036027275E9	0.0
3.10360474E9	0.0
3.1036067365E9	0.0
3.103608723E9	0.0
3.103610703E9	0.0
3.103612671E9	0.0
3.103614626E9	53.35851235851236
3.1036165745E9	0.0
3.1036185145E9	54.76724014336918
3.1036204485E9	56.882290562036054
3.1036223555E9	0.0
3.1036242355E9	31.72724774424037
3.1036261095E9	58.23434991974318
3.103627955E9	0.0
3.103629772E9	0.0
3.103631583E9	0.0
3.1036333895E9	48.88352272727273
3.10363519E9	0.0
3.103636984E9	0.0
3.10363877E9	0.0
3.1036405435E9	58.87532693984307
3.1036423085E9	0.0
3.103644062E9	0.0
3.103645804E9	58.46153846153846
3.103647529E9	0.0
3.1036492365E9	54.628975265017665
3.10365094E9	33.6952820148989
3.103652635E9	48.29794415464867
3.1036543025E9	0.0
3.103655946E9	58.75372963047969
3.103657586E9	0.0
3.1036592235E9	58.04888152444076
3.1036608575E9	0.0
3.103662488E9	58.89502762430939
3.103664114E9	0.0
3.1036657365E9	50.62638210336848
3.1036673585E9	49.83247687564234
3.103668979E9	58.36835599505562
3.1036705915E9	0.0
3.103672191E9	0.0
3.1036737835E9	57.54760705289672
3.1036753585E9	0.990506329113924
3.10367691E9	19.8735275883447
3.1036784535E9	4.456521739130435
3.1036799945E9	47.77131258457375
3.103681529E9	0.0
3.1036830525E9	0.0
3.103684569E9	0.0
3.103686083E9	0.0
3.103687593E9	0.0
3.1036890985E9	58.464095744680854
3.1036906E9	32.95093590470788
3.103692097E9	0.0
3.103693592E9	0.0
3.1036950855E9	0.0
3.1036965775E9	47.418645387310235
3.103698068E9	0.0
3.103699555E9	36.61707632600259
3.103701039E9	56.52056641942009
3.103702517E9	0.0
3.1037039885E9	0.0
3.103705455E9	52.052547260493434
3.1037069165E9	0.0
3.1037083755E9	59.391377852916314
3.1037098325E9	0.0
3.103711287E9	0.0
3.103712735E9	0.0
3.103714177E9	0.0
3.1037156105E9	0.0
3.103717036E9	44.112379280070236
3.1037184575E9	0.90646492434663
3.103719873E9	0.0
3.103721286E9	0.0
3.1037226985E9	0.0
3.103724108E9	0.0
3.1037255145E9	0.0
3.1037269155E9	1.434782608695652
3.1037283085E9	55.2317880794702
3.1037296945E9	52.14702702702703
3.1037310735E9	0.0
3.103732449E9	59.22077922077922
3.103733822E9	50.70891265597148
3.103735191E9	0.0
3.1037365565E9	59.110169491525426
3.1037379165E9	14.495345418912297
3.103739272E9	0.0
3.1037406255E9	56.59919028340081
3.1037419765E9	0.0
3.1037433245E9	31.601165695253954
3.10374467E9	0.0
3.1037460125E9	58.208955223880594
3.1037473475E9	0.0
3.103748677E9	0.0
3.1037500035E9	0.0
3.1037513235E9	0.9674185463659147
3.103752635E9	35.8490648107873
3.1037539405E9	0.0
3.1037552445E9	0.0
3.103756548E9	0.0
3.10375785E9	0.0
3.1037591505E9	59.44615384615385
3.103760449E9	59.79020979020979
3.1037617455E9	0.0
3.1037630385E9	57.3234552332913
3.1037643255E9	0.0
3.1037656085E9	0.0
3.10376689E9	55.888778550148956
3.1037681705E9	0.0
3.10376945E9	0.0
3.1037707255E9	25.3953488372093
3.103771995E9	0.0
3.103773262E9	0.0
3.1037745285E9	0.0
3.1037757935E9	0.9127962085308057
3.1037770575E9	0.0
3.1037783215E9	0.0
3.103779585E9	0.0
3.103780841E9	0.0
3.1037820855E9	0.0
3.103783325E9	49.85621721690836
3.103784562E9	42.297610427226644
3.103785797E9	58.949649883294434
3.103787031E9	0.0
3.1037882635E9	0.0
3.1037894945E9	59.609756097560975
3.1037907225E9	0.0
3.103791947E9	0.0
3.1037931655E9	0.0
3.103794379E9	0.0
3.103795591E9	0.0
3.103796801E9	0.0
3.1037980065E9	0.0
3.103799207E9	0.0
3.103800405E9	1.9514978601997146
3.1038016E9	0.0
3.103802792E9	0.0
3.103803981E9	0.0
3.1038051675E9	36.60779499769833
3.1038063525E9	0.0
3.1038075365E9	55.78692493946731
3.1038087195E9	0.0
3.1038099E9	0.0
3.103811076E9	0.0
3.103812247E9	0.0
3.103813415E9	57.819383259911895
3.1038145815E9	0.0
3.103815747E9	0.0
3.1038169115E9	0.0
3.103818075E9	0.0
3.1038192355E9	0.0
3.1038203935E9	0.0
3.103821551E9	0.0
3.103822708E9	0.9748045178105995
3.103823865E9	55.22929936305732
3.103825021E9	0.0
3.1038261755E9	0.9783080260303688
3.103827327E9	47.29064039408867
3.1038284755E9	58.75
3.1038296235E9	0.0
3.1038307705E9	0.0
3.1038319155E9	32.083333333333336
3.1038330575E9	0.0
3.1038341955E9	0.8947368421052632
3.1038353305E9	0.0
3.103836464E9	31.549042367962855
3.103837595E9	46.6904990403071
3.103838723E9	0.0
3.10383985E9	0.0
3.1038409725E9	50.565605474561146
3.1038420865E9	57.83783783783784
3.1038431935E9	0.0
3.1038442975E9	58.818380743982495
3.1038454E9	54.92600422832981
3.1038464995E9	0.0
3.1038475965E9	0.0
3.1038486915E9	0.0
3.103849784E9	0.0
3.103850874E9	0.0
3.1038519615E9	59.613259668508285
3.103853047E9	2.9457202505219207
3.1038541315E9	0.0
3.103855215E9	52.84936075597554
3.103856298E9	0.0
3.103857379E9	0.0
3.1038584565E9	0.0
3.103859529E9	0.0
3.1038605975E9	0.0
3.103861665E9	0.0
3.103862732E9	0.0
3.103863799E9	0.0
3.103864864E9	0.0
3.1038659265E9	39.79752475247525
3.103866987E9	37.97996146435453
3.1038680455E9	0.0
3.1038691035E9	59.76923076923077
3.10387016E9	0.0
3.1038712145E9	0.0
3.1038722685E9	0.0
3.103873322E9	0.0
3.103874375E9	0.0
3.1038754275E9	57.81934306569343
3.103876479E9	0.0
3.103877529E9	0.0
3.103878577E9	0.0
3.1038796225E9	0.0
3.103880666E9	0.0
3.103881709E9	24.013737373737374
3.1038827515E9	42.70993914807302
3.1038837935E9	0.0
3.103884835E9	0.0
3.1038858755E9	0.0
3.103886915E9	0.0
3.1038879535E9	0.0
3.103888991E9	0.0
3.103890028E9	0.0
3.103891064E9	0.0
3.103892095E9	58.8751850024667
3.103893119E9	56.61721068249258
3.10389414E9	46.417153589315525
3.10389516E9	38.24689899586533
3.103896179E9	58.113837095191364
3.1038971965E9	0.0
3.1038982115E9	0.0
3.103899225E9	0.0
3.103900236E9	0.0
3.1039012445E9	0.0
3.103902252E9	0.0
3.1039032575E9	0.0
3.1039042615E9	0.9692307692307692
3.103905265E9	35.274245689655174
3.103906267E9	54.021186440677965
3.1039072675E9	0.0
3.1039082675E9	0.0
3.1039092675E9	0.0
3.103918732E9	56.715867158671585
3.103932571E9	0.0
3.103941472E9	39.784013605442176
3.1039494115E9	0.0
3.1039572085E9	58.72799137621272
3.103963938E9	0.0
3.1039695055E9	36.10735826296743
3.103974766E9	0.0
3.1039797995E9	59.17153284671533
3.103984567E9	58.89448568398728
3.1039891115E9	0.0
3.1039934845E9	0.0
3.103997683E9	58.20620366757706
3.104001684E9	0.0
3.104005458E9	43.750340637494695
3.104009178E9	0.0
3.1040128475E9	56.16812898387702
3.104016433E9	56.11216730038023
3.104019926E9	0.0
3.104023359E9	58.55405704178642
3.104026758E9	0.0
3.1040301305E9	35.214622641509436
3.104033452E9	58.2932364956877
3.104036731E9	20.48090043416396
3.1040399985E9	0.0
3.104043259E9	57.88267394270123
3.1040464995E9	0.0
3.104049674E9	58.29246139872843
3.1040527925E9	0.0
3.1040558995E9	0.0
3.104058987E9	0.0
3.104062054E9	0.0
3.104065115E9	59.71640783254558
3.1040681395E9	0.0
3.1040711275E9	58.86698190789474
3.1040740845E9	0.0
3.1040770095E9	56.54834761321909
3.104079908E9	0.0
3.104082775E9	58.585870059064064
3.1040856295E9	58.57313670785173
3.104088461E9	43.496550647729045
3.10409126E9	57.749656959902424
3.1040940205E9	0.0
3.1040967325E9	0.0
3.1040994055E9	59.173469387755105
3.104102056E9	52.032509752925876
3.1041046865E9	0.0
3.104107298E9	0.0
3.104109892E9	42.20020491803279
3.1041124505E9	59.41997851772288
3.1041149735E9	0.0
3.1041174795E9	0.0
3.10411997E9	0.0
3.1041224495E9	0.0
3.104124925E9	0.0
3.104127395E9	56.92380676887475
3.1041298495E9	22.35394548063128
3.1041322855E9	59.77914110429448
3.104134709E9	57.73283661522086
3.1041371215E9	58.85382059800664
3.104139523E9	21.137909438199465
3.1041418965E9	52.3435697583788
3.104144241E9	18.971431948098527
3.1041465705E9	0.0
3.104148885E9	34.25684024713151
3.1041511915E9	0.0
3.1041534905E9	59.51086956521739
3.104155772E9	59.56076134699853
3.10415804E9	55.68173673328739
3.1041603025E9	55.73321554770318
3.1041625525E9	0.0
3.1041647915E9	21.771604938271604
3.1041670245E9	47.32988357050453
3.104169246E9	59.43115124153499
3.104171456E9	0.0
3.104173654E9	5.970850606107503
3.104175845E9	59.50696188084912
3.1041780355E9	59.10280373831776
3.1041802225E9	59.305263157894736
3.1041823975E9	23.545569577954264
3.104184563E9	28.820128881754872
3.1041867265E9	59.797570850202426
3.1041888805E9	58.74368231046932
3.1041910115E9	0.0
3.1041931255E9	0.0
3.1041952355E9	0.0
3.1041973425E9	49.23753213367609
3.1041994485E9	54.63799621928166
3.1042015545E9	43.813967972761624
3.104203656E9	59.496855345911946
3.104205745E9	59.62194217939214
3.1042078145E9	54.733774497327566
3.104209871E9	56.95443645083933
3.1042119255E9	0.0
3.104213971E9	59.029947916666664
3.1042160055E9	0.0
3.1042180375E9	56.29066985645933
3.1042200635E9	59.17293233082707
3.1042220825E9	0.0
3.1042240985E9	0.0
3.104226106E9	0.0
3.104228107E9	57.97981602214879
3.104230103E9	0.0
3.1042320935E9	0.0
3.10423408E9	0.0
3.104236062E9	53.41802556192155
3.104238043E9	58.878787878787875
3.104240023E9	0.0
3.104241994E9	57.37184981998971
3.1042439415E9	0.0
3.104245872E9	0.0
3.104247777E9	58.58731196860693
3.1042496545E9	58.97810218978102
3.104251516E9	0.0
3.104253365E9	25.037302371541504
3.104255206E9	0.0
3.1042570385E9	0.96
3.1042588675E9	46.9199981848709
3.1042606875E9	16.187454040362773
3.1042625015E9	58.2713567839196
3.104264304E9	57.24434710548124
3.104266094E9	0.0
3.1042678815E9	0.0
3.1042696635E9	0.0
3.1042714405E9	2.69920993227991
3.1042732095E9	0.0
3.1042749695E9	0.0
3.104276727E9	0.0
3.1042784825E9	58.8375350140056
3.1042802355E9	57.27799350690687
3.104281987E9	43.31217140372376
3.104283737E9	0.0
3.1042854805E9	0.0
3.104287214E9	18.158900870603222
3.1042889415E9	49.67061272277872
3.1042906625E9	56.64750701777837
3.1042923765E9	58.78542510121458
3.104294088E9	20.90548385468374
3.104295795E9	59.18966529653552
3.1042974975E9	0.0
3.104299198E9	0.9298498845265589
3.1043008905E9	39.387050359712234
3.1043025755E9	27.61623201438849
3.1043042575E9	0.0
3.1043059365E9	59.27683615819209
3.1043076145E9	0.0
3.104309292E9	58.28634199926767
3.1043109685E9	59.46308724832215
3.1043126425E9	20.154822834579775
3.104314313E9	57.30390600190537
3.1043159815E9	0.0
3.104317647E9	0.0
3.1043193085E9	0.0
3.1043209685E9	59.34939759036145
3.1043226275E9	59.2901023890785
3.1043242845E9	0.0
3.1043259405E9	0.0
3.1043275945E9	0.0
3.104329244E9	0.0
3.10433089E9	0.0
3.104332533E9	0.0
3.1043341725E9	0.0
3.104335808E9	0.0
3.1043374375E9	0.0
3.1043390575E9	0.0
3.1043406705E9	0.0
3.104342279E9	0.0
3.104343883E9	37.90783410138249
3.104345484E9	47.10300703774792
3.104347078E9	0.0
3.1043486665E9	59.04030226700252
3.104350253E9	0.0
3.1043518375E9	0.0
3.1043534215E9	38.51240638318414
3.1043550035E9	0.0
3.1043565795E9	58.574660633484164
3.1043581505E9	33.817940056062675
3.10435972E9	0.0
3.1043612885E9	54.58199356913183
3.104362856E9	0.0
3.104364422E9	30.26231122783979
3.104365984E9	0.0
3.104367543E9	56.11607142857143
3.1043691005E9	0.0
3.1043706555E9	0.0
3.104372207E9	0.0
3.1043737525E9	0.0
3.104375294E9	59.40684410646388
3.1043768335E9	0.0
3.104378371E9	54.82411775806756
3.104379907E9	0.0
3.1043814395E9	0.0
3.1043829685E9	0.0
3.1043844935E9	0.0
3.1043860115E9	0.0
3.104387523E9	0.0
3.104389031E9	32.39388979814512
3.1043905345E9	53.387238188017534
3.104392034E9	0.0
3.104393533E9	7.864693446088795
3.104395031E9	59.75951903807615
3.1043965275E9	0.0
3.1043980195E9	48.97375504710632
3.1043995065E9	0.0
3.104400992E9	0.0
3.104402475E9	0.0
3.104403955E9	0.0
3.1044054305E9	50.01169590643275
3.1044069025E9	40.88156892397456
3.1044083735E9	57.793667007150155
3.1044098415E9	0.0
3.104411307E9	0.0
3.10441277E9	0.0
3.1044142295E9	59.032679738562095
3.104415687E9	33.615939826774046
3.1044171395E9	28.66904422253923
3.104418587E9	0.0
3.1044200325E9	16.393043001917285
3.104421476E9	53.378684807256235
3.104422919E9	0.0
3.1044243595E9	0.0
3.1044257945E9	29.029795203244742
3.1044272255E9	19.776223776223777
3.1044286555E9	41.74414715719063
3.104430085E9	0.0
3.104431514E9	0.0
3.104432943E9	0.0
3.1044343705E9	0.0
3.1044357965E9	0.0
3.1044372195E9	59.00704225352113
3.1044386375E9	59.303297724105896
3.1044400535E9	0.0
3.104441469E9	20.912247474747474
3.104442884E9	0.0
3.1044442985E9	0.0
3.104445712E9	0.0
3.1044471235E9	0.0
3.104448531E9	57.88220551378446
3.1044499345E9	57.310664605873264
3.1044513345E9	0.0
3.104452732E9	0.0
3.104454128E9	58.64983534577387
3.1044555215E9	0.0
3.1044569115E9	0.9123783031988874
3.1044582985E9	59.307798800184585
3.1044596825E9	0.0
3.104461064E9	58.483245149911816
3.104462444E9	0.0
3.1044638215E9	2.895516248457425
3.1044651965E9	28.06808006200702
3.1044665705E9	59.43231441048035
3.104467944E9	0.0
3.104469317E9	58.77640203932994
3.1044706895E9	59.07763259031514
3.1044720605E9	0.0
3.104473429E9	38.64254446756206
3.104474795E9	57.01384881708021
3.1044761595E9	0.9842312746386334
3.104477522E9	0.0
3.104478883E9	0.0
3.104480241E9	0.0
3.104481596E9	0.0
3.1044829505E9	0.0
3.104484304E9	31.393504273504274
3.104485655E9	0.0
3.104487002E9	0.0
3.1044883465E9	56.98292220113852
3.10448969E9	0.0
3.1044910305E9	59.322709163346616
3.1044923685E9	0.0
3.1044937065E9	0.0
3.1044950435E9	0.0
3.104496378E9	34.64473420260782
3.104497711E9	0.0
3.1044990435E9	0.0
3.1045003715E9	39.33484504913076
3.104501695E9	0.0
3.104503018E9	40.085815244825845
3.1045043395E9	0.0
3.1045056595E9	0.0
3.104506978E9	0.0
3.1045082945E9	0.0
3.1045096045E9	47.568249893025246
3.1045109085E9	0.0
3.104512212E9	47.87603305785124
3.1045135145E9	0.0
3.104514816E9	0.0
3.1045161165E9	58.054054054054056
3.1045174155E9	33.96554165683266
3.104518713E9	0.0
3.104520009E9	0.0
3.1045212985E9	0.0
3.104522582E9	21.495145189875334
3.104523865E9	0.0
3.104525146E9	59.09233176838811
3.1045264245E9	0.0
3.104527699E9	30.466335014311028
3.10452897E9	0.0
3.1045302395E9	0.0
3.1045315055E9	40.245065789473685
3.104532769E9	24.933868974042028
3.1045340315E9	59.13223140495868
3.104535293E9	0.0
3.1045365535E9	58.501628664495115
3.104537813E9	0.902101486417222
3.104539072E9	0.0
3.1045403305E9	0.0
3.1045415875E9	0.0
3.104542842E9	59.67914438502674
3.1045440925E9	0.0
3.1045453405E9	0.0
3.1045465875E9	0.0
3.1045478335E9	0.0
3.1045490785E9	0.0
3.1045503195E9	59.52085181898846
3.1045515575E9	0.0
3.1045527945E9	0.0
3.1045540295E9	40.126091173617844
3.1045552635E9	52.96845794392523
3.104556496E9	0.0
3.104557727E9	2.888544891640867
3.1045589575E9	58.86070798860708
3.1045601875E9	0.0
3.1045614165E9	0.0
3.104562644E9	0.0
3.1045638685E9	0.0
3.1045650905E9	0.0
3.104566312E9	55.85993820803296
3.104567533E9	0.0
3.1045687535E9	59.11330049261084
3.1045699725E9	10.484368656110435
3.1045711905E9	0.0
3.1045724075E9	58.59375
3.1045736235E9	0.0
3.1045748375E9	59.25228468568264
3.1045760485E9	0.0
3.104577258E9	0.0
3.1045784665E9	58.725257323832146
3.1045796745E9	0.0
3.1045808815E9	0.0
3.104582087E9	0.0
3.104583292E9	0.0
3.1045844955E9	0.0
3.1045856965E9	0.0
3.104586896E9	0.0
3.1045880945E9	47.55877938969485
3.1045892925E9	56.80829367777022
3.1045904905E9	0.0
3.104591687E9	58.759231905465285
3.1045928815E9	0.0
3.104594074E9	0.0
3.104595264E9	13.670588235294117
3.1045964525E9	59.52020202020202
3.1045976365E9	0.0
3.1045988165E9	58.017789072426936
3.104599996E9	0.0
3.1046011715E9	10.17852798053528
3.1046023415E9	0.0
3.1046035085E9	1.323045267489712
3.10460467E9	0.0
3.1046058265E9	0.0
3.1046069825E9	58.599333015721776
3.104608138E9	58.619791666666664
3.1046092925E9	0.0
3.1046104465E9	57.437661220980225
3.104611598E9	57.537593984962406
3.104612744E9	0.0
3.104613887E9	0.0
3.1046150285E9	59.65217391304348
3.104616167E9	0.0
3.104617303E9	0.0
3.104618438E9	0.9575371549893843
3.104619573E9	0.848
3.104620704E9	32.85787048265826
3.104621831E9	0.0
3.1046229575E9	54.88454706927176
3.104624082E9	0.0
3.104625205E9	59.29824561403509
3.104626328E9	0.0
3.1046274505E9	8.804550155118925
3.1046285725E9	58.87548138639281
3.104629694E9	59.48681397006415
3.104630815E9	0.9290843806104129
3.104631935E9	0.0
3.104633054E9	2.015056461731493
3.104634173E9	0.0
3.1046352915E9	0.0
3.104636408E9	0.0
3.1046375185E9	23.607427055702917
3.1046386245E9	0.0
3.1046397295E9	0.0
3.1046408325E9	0.0
3.104641934E9	57.45676004872107
3.1046430335E9	0.0
3.1046441315E9	0.0
3.1046452285E9	0.0
3.1046463245E9	0.0
3.10464742E9	0.0
3.104648514E9	0.0
3.1046496055E9	0.0
3.104650695E9	0.0
3.104651783E9	0.0
3.10465287E9	0.0
3.104653956E9	59.33620159803319
3.104655041E9	56.921933085501855
3.104656126E9	0.9405940594059405
3.10465721E9	0.0
3.1046582915E9	59.62539021852237
3.1046593715E9	0.0
3.104660451E9	52.03596730245231
3.10466153E9	0.0
3.104662609E9	0.0
3.104663686E9	23.258709199875838
3.1046647605E9	0.0
3.104665834E9	0.0
3.1046669055E9	0.0
3.1046679745E9	0.0
3.104669042E9	0.0
3.1046701085E9	26.902313624678662
3.1046711745E9	43.5506241331484
3.1046722405E9	34.98589671812098
3.104673305E9	0.0
3.104674368E9	31.738363547280745
3.104675431E9	31.327291976959103
3.1046764935E9	20.428571428571427
3.1046775535E9	0.0
3.1046786105E9	58.983050847457626
3.1046796645E9	0.0
3.104680716E9	0.0
3.104681767E9	0.0
3.1046828175E9	0.0
3.1046838665E9	0.0
3.1046849135E9	0.0
3.1046859595E9	12.708333333333334
3.104687005E9	0.0
3.104688049E9	0.9247311827956989
3.1046890895E9	0.0
3.1046901265E9	59.103521878335116
3.104691162E9	0.0
3.104692197E9	59.1445142580957
3.104693232E9	59.516129032258064
3.104694266E9	58.872145409352186
3.1046952985E9	0.9597030752916225
3.10469633E9	0.0
3.1046973585E9	58.2138649750793
3.1046983845E9	59.69773299748111
3.1046994105E9	0.0
3.104700435E9	0.0
3.1047014575E9	40.31726662599146
3.1047024785E9	0.0
3.1047034985E9	5.376106194690266
3.1047045185E9	48.11978021978022
3.104705538E9	57.8185824458318
3.1047065565E9	45.33939794905723
3.1047075745E9	0.0
3.104708592E9	0.0
3.104709608E9	59.82266009852217
3.104710623E9	0.0
3.104711638E9	0.0
3.1047126525E9	58.682766190998905
3.1047136665E9	0.0
3.10471468E9	30.55765920826162
3.104715693E9	28.369195922989807
3.104716706E9	0.0
3.1047177185E9	0.0
3.10471873E9	0.0
3.104719741E9	0.0
3.104720751E9	24.317138549170714
3.1047217595E9	0.0
3.1047227675E9	33.2520325203252
3.104723775E9	0.0
3.104724782E9	0.0
3.104725789E9	16.025776215582894
3.1047267955E9	0.0
3.104727801E9	2.7543424317617866
3.104728805E9	0.0
3.104729807E9	56.13892078071183
3.1047308075E9	0.9398797595190381
3.104740963E9	0.0
3.104756475E9	47.83847501642627
3.104767963E9	1.2657604114888374
3.104778484E9	57.38077535847052
3.1047881575E9	16.314672402834464
3.1047976135E9	43.60148454185778
3.1048068795E9	0.0
3.1048160235E9	54.98977522983885
3.104824959E9	41.35101972677444
3.1048336895E9	38.61190249654932
3.1048423175E9	0.923155737704918
3.1048506295E9	49.93824109927529
3.104858538E9	42.49620253164557
3.10486621E9	17.331371550385242
3.104873738E9	0.0
3.104881204E9	44.33699462248156
3.1048886055E9	55.40611830036194
3.104895888E9	50.67476101879772
3.1049030315E9	48.515030391120504
3.1049100215E9	38.323467737103826
3.104916928E9	16.068950850661626
3.1049238165E9	33.09751343377937
3.104930685E9	39.45389742640252
3.1049375335E9	53.036811377245506
3.1049443175E9	0.9532320289740965
3.1049510255E9	59.314941000498585
3.104957646E9	58.29642340071854
3.1049641205E9	1.1402593929669742
3.104970491E9	20.8896791987226
3.104976811E9	52.464384994006785
3.1049830915E9	22.223319993329998
3.104989311E9	45.777500859401854
3.104995483E9	7.933253422497003
3.1050016285E9	43.051043589379525
3.105007741E9	0.952179120980374
3.105013843E9	34.15844673658663
3.105019839E9	54.224659355267534
3.1050257E9	58.146993982005604
3.105031511E9	41.28627496248413
3.1050372955E9	0.0
3.105043063E9	0.0
3.1050488005E9	58.590998043052835
3.1050545125E9	58.06036963611946
3.1050601615E9	43.474372169617126
3.1050657395E9	56.91204276871131
3.1050713015E9	29.917292397920647
3.1050767895E9	33.03951467710372
3.105082186E9	47.36659611405741
3.1050875235E9	58.61976652447749
3.105092801E9	55.56986281996889
3.105098007E9	47.699761938103904
3.1051031505E9	59.461988304093566
3.1051082045E9	58.090738955367776
3.105113172E9	0.0
3.105118124E9	49.53267600553117
3.105123046E9	56.27707082833133
3.105127928E9	0.0
3.105132784E9	53.06114711997065
3.1051375455E9	51.217791411042946
3.105142205E9	55.45844204248975
3.1051468215E9	21.565966806638674
3.105151389E9	56.07629593575079
3.1051559265E9	40.467160786023484
3.105160444E9	58.25289663351884
3.105164943E9	43.099921218487395
3.1051694125E9	0.0
3.1051738415E9	52.0793324539068
3.105178253E9	24.80921216137851
3.1051826085E9	50.0385671778439
3.1051869095E9	52.00867401090656
3.105191198E9	58.29330708661417
3.105195423E9	0.0
3.105199594E9	46.68587438625951
3.1052037465E9	0.0
3.105207865E9	0.0
3.10521196E9	0.0
3.105216012E9	44.31846975810997
3.1052200195E9	0.0
3.105224006E9	38.40104087460502
3.1052278585E9	46.36841959666934
3.105231579E9	52.85164633399975
3.1052352765E9	37.282314544094646
3.1052389575E9	25.59507249793705
3.105242632E9	0.0
3.1052463045E9	45.00978731413514
3.105249957E9	59.28845996564979
3.10525359E9	54.250038543369
3.105257213E9	22.219311716514337
3.105260822E9	11.901259941024037
3.1052644205E9	43.007713551090376
3.1052680095E9	0.9883185840707964
3.1052715945E9	0.0
3.105275175E9	49.51690821256039
3.105278732E9	15.56997971602434
3.1052822555E9	40.34238709222856
3.105285765E9	0.0
3.1052892635E9	52.77434233461157
3.105292744E9	0.984739418370285
3.105296203E9	0.0
3.105299639E9	59.178082191780824
3.10530305E9	39.834102740398784
3.105306431E9	50.57538828056994
3.105309783E9	56.30662068965517
3.1053131135E9	59.32086061739944
3.105316433E9	53.8998743718593
3.105319747E9	22.480560118907924
3.105323045E9	0.0
3.1053263115E9	0.9879703886489821
3.10532956E9	0.0
3.105332802E9	53.316704980842914
3.105336038E9	0.0
3.1053392555E9	58.84101748807631
3.105342453E9	58.302116805247294
3.105345638E9	2.9364714887102945
3.1053488045E9	53.21820851688693
3.105351955E9	45.16523281596452
3.105355096E9	43.18399685699319
3.1053582345E9	57.91597227084938
3.1053613715E9	0.0
3.1053645055E9	0.0
3.1053676375E9	42.65906040268457
3.105370751E9	0.798932384341637
3.1053738455E9	51.927661366747394
3.105376939E9	40.606119897820534
3.105380015E9	0.0
3.105383037E9	47.90874372751898
3.105386017E9	0.0
3.105388988E9	32.81638270961982
3.105391952E9	2.974526453298498
3.10539491E9	45.776566159250585
3.105397855E9	52.32472102141349
3.105400789E9	21.3021936906778
3.10540371E9	0.0
3.1054066165E9	56.25347186503446
3.1054095145E9	49.84009636377324
3.1054124035E9	33.461881172695264
3.105415289E9	0.9772058823529411
3.1054181705E9	0.0
3.105421047E9	39.649258908861555
3.105423915E9	57.99200687012815
3.1054267735E9	47.25500787756021
3.1054296205E9	56.43501503508186
3.10543244E9	38.29812491568865
3.105435239E9	47.23699130279913
3.1054380315E9	0.0
3.105440812E9	43.852005911006515
3.105443576E9	0.0
3.1054463305E9	59.25155925155925
3.105449079E9	57.2536112634851
3.105451813E9	43.32380909661792
3.1054545365E9	53.43586767266396
3.1054572385E9	56.19622641509434
3.105459914E9	34.28911095796003
3.10546258E9	22.357262148475378
3.1054652375E9	35.56202646731993
3.105467887E9	57.923582380141156
3.105470528E9	53.375038300480036
3.105473162E9	0.9416255051638976
3.105475793E9	34.56144449805724
3.1054784135E9	37.794048634812285
3.105481019E9	36.89309403043308
3.1054836015E9	52.341861048407324
3.1054861625E9	1.9879518072289157
3.105488716E9	49.616262017272284
3.105491267E9	27.01323478511121
3.1054938115E9	0.0
3.1054963495E9	21.341783750763593
3.105498881E9	0.946912013536379
3.1055013925E9	18.526017699115044
3.1055038895E9	0.9797979797979798
3.105506379E9	52.73601398601399
3.105508858E9	5.620750708215297
3.10551133E9	57.28837025316456
3.105513792E9	50.552942976639805
3.1055162415E9	0.0
3.105518682E9	54.44460546337222
3.105521118E9	4.3520197856554
3.105523549E9	48.27471152509384
3.105525972E9	43.972180151454765
3.105528388E9	34.340638275826336
3.1055308005E9	27.28234750462107
3.1055332065E9	42.0319455656787
3.105535606E9	45.827337504344804
3.1055380035E9	48.95758447160316
3.105540398E9	7.069863824748372
3.1055427875E9	57.73143936743405
3.1055451725E9	50.459904407859796
3.1055475555E9	53.79624450659209
3.1055499375E9	2.9464285714285716
3.105552312E9	59.8256320836966
3.1055546785E9	0.0
3.1055570425E9	57.30221708801706
3.105559404E9	8.878109452736318
3.105561761E9	50.867236321897714
3.105564112E9	21.6918514893793
3.1055664605E9	0.0
3.1055688045E9	42.06012553683515
3.105571144E9	46.52242990654206
3.1055734815E9	0.0
3.105575816E9	29.951897868460048
3.1055781475E9	0.0
3.105580476E9	36.4666332162569
3.1055827985E9	58.013636617671715
3.105585104E9	21.463213213213212
3.1055873965E9	53.17018909899889
3.105589686E9	50.84580628738704
3.1055919665E9	15.671433554237879
3.1055942405E9	45.86845521419299
3.105596511E9	57.2330779054917
3.1055987745E9	33.75876120619397
3.105601033E9	20.24220623501199
3.1056032815E9	51.89239215686275
3.105605521E9	43.7051975051975
3.1056077565E9	19.687961476725523
3.1056099875E9	9.866930917327293
3.1056122175E9	0.0
3.1056144435E9	0.9704016913319239
3.1056166625E9	0.0
3.1056188775E9	44.364604462474645
3.1056210895E9	3.971223021582734
3.105623296E9	0.0
3.105625496E9	37.08290629575403
3.1056276925E9	58.231626056688214
3.1056298885E9	50.7977309893704
3.105632076E9	26.045767322771642
3.1056342545E9	57.327823691460054
3.1056364325E9	31.251996188348176
3.1056386075E9	0.9774647887323944
3.1056407785E9	54.867493472584854
3.105642947E9	23.3094688221709
3.105645114E9	0.0
3.105647276E9	43.535667280863386
3.105649431E9	59.44074567243675
3.105651583E9	11.879759519038076
3.105653732E9	58.706571787358726
3.105655878E9	36.135680827006944
3.1056580215E9	59.21824104234528
3.1056601635E9	47.717751842751845
3.1056623025E9	19.434503749683643
3.1056644355E9	33.65007717750827
3.1056665645E9	44.368796478980116
3.1056686915E9	56.75840978593272
3.1056708175E9	0.0
3.10567294E9	43.13568736361833
3.105675053E9	45.81883236502763
3.105677152E9	54.20814170292107
3.105679241E9	30.80039738779339
3.1056813275E9	28.69556811421773
3.105683412E9	59.40616906051331
3.105685491E9	19.33627034311185
3.105687566E9	52.74533582089552
3.1056896395E9	29.905629139072847
3.1056917095E9	31.910559746485117
3.105693777E9	0.9853345554537122
3.105695838E9	0.0
3.105697891E9	45.76767676767677
3.1056999415E9	42.48740632805995
3.105701983E9	43.74068554396423
3.1057040115E9	56.815055113715644
3.1057060315E9	21.34328358208955
3.105708045E9	39.30939226519337
3.105710055E9	29.99515222028311
3.105712061E9	34.87764596417772
3.105714063E9	21.850189827957724
