#Position (bp)	mapping quality
3882144.5	55.561826409098536
1.16464325E7	58.019969817567556
1.94107205E7	58.54517744454197
2.71750085E7	59.27901106241119
3.49392965E7	59.35897386924927
4.27035845E7	59.367448703985296
5.04678725E7	59.403128716898976
5.82321605E7	59.391329381174664
6.59964485E7	59.401969351636566
7.37607365E7	59.48242030020806
8.15250245E7	59.31045670932817
8.92893125E7	59.39161355645198
9.70536005E7	59.41810603726609
1.048178885E8	58.140210788759596
1.125821765E8	59.35533143238999
1.203464645E8	17.835353622918305
1.281107525E8	8.032530720262468
1.358750405E8	0.0
1.436393285E8	31.26079741009455
1.514036165E8	53.46399121481758
1.591679045E8	58.66023700960456
1.669321925E8	59.43787514363064
1.746964805E8	59.39399053597235
1.824607685E8	59.407021809673935
1.902250565E8	59.451848347862395
1.979893445E8	59.39727670819404
2.057536325E8	58.96634954975219
2.135179205E8	59.4284583669024
2.212822085E8	59.348461640249916
2.290464965E8	58.47633184830947
2.368107845E8	59.37557897635489
2.445750725E8	59.234276459578524
2.487068195E8	52.53816618362878
2.525889635E8	59.25933364407192
2.601036485E8	59.43525490300475
2.678679365E8	59.423573560924886
2.756322245E8	59.3779332238312
2.833965125E8	14.600711929794747
2.911608005E8	59.406708474330706
2.989250885E8	59.45133437226359
3.066893765E8	59.45750502935499
3.144536645E8	59.40396463053356
3.222179525E8	59.348223608560964
3.299822405E8	59.51656388416994
3.377465285E8	40.28400176647124
3.455108165E8	51.84936523597015
3.532751045E8	59.18203383732882
3.610393925E8	54.30339357801205
3.688036805E8	59.422595854964136
3.765679685E8	57.924397814392044
3.843322565E8	59.28745872751297
3.920965445E8	59.49038390762547
3.998608325E8	59.372455346454494
4.076251205E8	59.4688241118534
4.153894085E8	59.41131624665353
4.231536965E8	59.428692574348595
4.309179845E8	59.518675224519306
4.386822725E8	59.46532008598385
4.464465605E8	59.400504521464086
4.542108485E8	59.378378350407665
4.619751365E8	59.405763092178184
4.697394245E8	59.38945757585482
4.775037125E8	59.28102383580847
4.852680005E8	59.36002743279425
4.90150048E8	58.939689758611074
4.94032192E8	59.309925090913886
5.007965765E8	59.379662434033705
5.085608645E8	59.454898942985835
5.163251525E8	59.44488863482645
5.240894405E8	59.41295596404123
5.318537285E8	59.399929307103996
5.396180165E8	59.29158018619691
5.473823045E8	59.43305858264926
5.551465925E8	59.44626973955454
5.629108805E8	59.339224795314365
5.706751685E8	59.29657519244505
5.784394565E8	54.11955996850946
5.862037445E8	42.14839029320722
5.939680325E8	59.44224736577398
6.017323205E8	59.479352913771564
6.094966085E8	59.45295733446215
6.172608965E8	59.357189100812185
6.250251845E8	59.38377416884829
6.327894725E8	59.451026306404586
6.405537605E8	59.42810730919378
6.483180485E8	59.46917050264886
6.560823365E8	59.47976150512058
6.638466245E8	59.45278317189835
6.716109125E8	59.42442684101659
6.793752005E8	59.23886957508674
6.863514275E8	58.34978247352482
6.902335715E8	57.41073767983474
6.949037765E8	57.155562131447255
7.026680645E8	59.18177964725098
7.104323525E8	59.264556676334465
7.181966405E8	59.424421582515684
7.259609285E8	59.44500667340111
7.337252165E8	59.46316430274435
7.414895045E8	31.933534152233015
7.492537925E8	59.405373766827616
7.570180805E8	59.40245291636994
7.647823685E8	59.4095900993037
7.725466565E8	59.35783231455321
7.803109445E8	59.44043913300288
7.880752325E8	59.46449066131
7.958395205E8	59.39378196658943
8.036038085E8	59.47588742712386
8.113680965E8	59.423653573431174
8.191323845E8	59.33955074854887
8.268966725E8	59.36345585085282
8.346609605E8	59.432899494196725
8.424252485E8	59.44027682367525
8.501895365E8	59.422070156138645
8.579538245E8	59.374551336737404
8.657181125E8	59.44265581274478
8.734824005E8	59.350902529562525
8.78512305E8	56.132303490021364
8.82394449E8	59.1986748908153
8.890109765E8	59.4099498747835
8.967752645E8	58.85726272196939
9.045395525E8	59.3666283785049
9.123038405E8	59.29144991771341
9.200681285E8	59.435743958609855
9.278324165E8	42.50685011551388
9.355967045E8	59.4229865380172
9.433609925E8	59.46108501475216
9.511252805E8	49.028612493424355
9.588895685E8	59.38150664336179
9.666538565E8	59.48622705865155
9.744181445E8	59.458435119172556
9.821824325E8	59.32799639544166
9.899467205E8	59.4448356084806
9.977110085E8	59.459063645113716
1.0054752965E9	59.44726447860657
1.0132395845E9	59.398862668157534
1.0210038725E9	59.39961267750727
1.0287681605E9	59.3573348918682
1.0365324485E9	59.40022692349919
1.0442967365E9	59.46549418664201
1.0520610245E9	58.86647025586479
1.0585707465E9	57.25010527231761
1.0624528905E9	58.82937806740006
1.0675896005E9	59.400183454980464
1.0753538885E9	59.38103073821353
1.0831181765E9	59.33187451065849
1.0908824645E9	58.005135239069766
1.0986467525E9	59.36841568757125
1.1064110405E9	59.40570125900949
1.1141753285E9	59.46987405058494
1.1219396165E9	41.75202529039437
1.1297039045E9	59.43478722538156
1.1374681925E9	59.43088400160995
1.1452324805E9	59.382712296573565
1.1529967685E9	59.48193042955627
1.1607610565E9	59.42096312810242
1.1685253445E9	59.375582506664344
1.1762896325E9	59.46214651662033
1.1840539205E9	59.49403301834643
1.1918182085E9	59.36369973162321
1.1995824965E9	59.45153608120725
1.2073467845E9	59.475537042577535
1.2151110725E9	59.381523245333995
1.2228753605E9	58.962782260791016
1.229380904E9	58.580106188425155
1.233263048E9	58.862566304822025
1.2384039365E9	58.81874894174647
1.2461682245E9	59.4511926834813
1.2539325125E9	59.384200998848044
1.2616968005E9	59.28197173212179
1.2694610885E9	59.4004655946969
1.2772253765E9	59.39501739375046
1.2849896645E9	59.11684562690387
1.2927539525E9	26.69648754121549
1.3005182405E9	58.32512403397075
1.3082825285E9	55.73352797280825
1.3160468165E9	59.497587859896115
1.3238111045E9	59.439243882848665
1.3315753925E9	57.63618095632348
1.3393396805E9	59.437601258051956
1.3471039685E9	59.46766442470082
1.3548682565E9	59.45708956404706
1.3626325445E9	59.399609061128295
1.3703968325E9	59.36446869183028
1.3781611205E9	56.971378841254456
1.3859254085E9	59.140234732166526
1.3905789145E9	58.975925780316445
1.3944610585E9	57.44357967114674
1.4014539845E9	53.493150270249934
1.4092182725E9	59.4140861739108
1.4169825605E9	59.40270584341536
1.4247468485E9	59.452381916114994
1.4325111365E9	45.32343727383916
1.4402754245E9	54.26447020908313
1.4480397125E9	59.41069213654755
1.4558040005E9	59.426839356378
1.4635682885E9	59.310861820981245
1.4713325765E9	59.45150910359734
1.4790968645E9	53.77982454885246
1.4868611525E9	59.416897999930534
1.4946254405E9	59.445931093573456
1.5023897285E9	59.48247446930831
1.5101540165E9	59.46389605084168
1.5179183045E9	59.30839951885379
1.5256825925E9	59.39926710896179
1.5330268245E9	59.263904207016246
1.5369089685E9	58.08979981615279
1.5412111685E9	59.44887464808804
1.5489754565E9	59.464213515450965
1.5567397445E9	59.44162811325755
1.5645040325E9	59.46381625178171
1.5722683205E9	56.7977407574007
1.5800326085E9	28.166736454040308
1.5877968965E9	0.0
1.5955611845E9	18.100587587841627
1.6033254725E9	39.32828880332223
1.6110897605E9	59.415614873547476
1.6188540485E9	59.280984952593364
1.6266183365E9	59.34742231413771
1.6343826245E9	59.30811540769023
1.6421469125E9	59.43872044960751
1.6499112005E9	59.151473464107724
1.6576754885E9	59.407901380192754
1.6654397765E9	59.261884766893544
1.672102775E9	58.46060136534524
1.675984919E9	57.74718923293437
1.6809683525E9	59.345826359417444
1.6887326405E9	59.40136568006966
1.6964969285E9	59.424322123209144
1.7042612165E9	59.2694830758926
1.7120255045E9	45.91593344346855
1.7197897925E9	42.60934464357524
1.7275540805E9	59.3118169444002
1.7353183685E9	59.46879967666774
1.7430826565E9	59.383550294041676
1.7508469445E9	59.321954166267915
1.7586112325E9	58.972135648823915
1.7663755205E9	59.419977130481165
1.7741398085E9	59.36432518875738
1.7819040965E9	59.41229535357486
1.7896683845E9	59.458333612034686
1.7974326725E9	59.38305164349493
1.804997934E9	57.86431955582495
1.808880078E9	43.41783529809586
1.8129612485E9	58.62405539536399
1.8207255365E9	59.398745902537286
1.8284898245E9	59.42371782874485
1.8362541125E9	59.40827268009537
1.8440184005E9	59.43686409263022
1.8517826885E9	59.444152715913006
1.8595469765E9	31.980759213977755
1.8673112645E9	59.30500437370171
1.8750755525E9	59.26385355245433
1.8828398405E9	59.36055367949467
1.8906041285E9	59.44240843617806
1.8983684165E9	58.21359942303057
1.9061327045E9	59.43578491497329
1.9138969925E9	59.389612961379996
1.9216612805E9	59.437467283646185
1.9294255685E9	59.396661407320316
1.9371898565E9	59.44282588267088
1.942419837E9	59.38205006110676
1.946301981E9	59.07167248974403
1.9527184325E9	59.2184697333411
1.9604827205E9	59.45680338279573
1.9682470085E9	59.45888419954616
1.9760112965E9	44.82681241139212
1.9837755845E9	49.58479703654375
1.9915398725E9	59.39452721438158
1.9993041605E9	59.393603452954096
2.0070684485E9	59.376217004515674
2.0148327365E9	59.42217642011715
2.0225970245E9	59.46155567817328
2.0303613125E9	59.47166916253522
2.0381256005E9	59.36107740259343
2.0458898885E9	59.40967581297577
2.0536541765E9	59.31793560354342
2.0614184645E9	59.37482965784129
2.0691827525E9	59.28743057914418
2.0750539395E9	59.17308356136237
2.0789360835E9	0.0
2.0847113285E9	0.0
2.0924756165E9	7.550716739287744
2.1002399045E9	59.38710338102867
2.1080041925E9	59.371765273048815
2.1157684805E9	59.422569559316585
2.1235327685E9	59.37579086290726
2.1312970565E9	59.06385146192016
2.1390613445E9	59.388863445941176
2.1468256325E9	59.453417456777345
2.1545899205E9	59.47365766031818
2.1623542085E9	59.47777047638888
2.1701184965E9	59.45742049263089
2.1778827845E9	59.41525385934551
2.1856470725E9	59.25132039274502
2.1904682635E9	59.07951214245821
2.1943504075E9	0.0
2.2011756485E9	0.0
2.2089399365E9	41.032364895303694
2.2167042245E9	59.38876714023998
2.2244685125E9	59.40874737076125
2.2322328005E9	59.406182895802864
2.2399970885E9	59.42826348210977
2.2477613765E9	59.44046859418919
2.2555256645E9	59.409001133849046
2.2632899525E9	59.359375636131624
2.2710542405E9	59.415066077808945
2.2788185285E9	59.4337654521846
2.2865828165E9	59.40868844677758
2.2943471045E9	59.11334367632196
2.2983401385E9	59.40289798269049
2.3022222825E9	0.0
2.3098756805E9	0.0
2.3176399685E9	19.26271414001692
2.3254042565E9	55.66147307001087
2.3331685445E9	57.307991925421895
2.3409328325E9	59.06062192569811
2.3486971205E9	59.42100170185705
2.3564614085E9	59.41262433701466
2.3642256965E9	57.2186999385637
2.3719899845E9	58.969448816939476
2.3797542725E9	57.72761767572499
2.3875185605E9	59.186148356638014
2.3952828485E9	59.40212108461165
2.399803605E9	56.17631609961938
2.403685749E9	58.782116626564736
2.4108114245E9	59.3967713807755
2.4185757125E9	53.233787566294154
2.4263400005E9	55.69194787973693
2.4341042885E9	39.01716892991447
2.4418685765E9	1.496819230627825
2.4496328645E9	50.897536104275176
2.4573971525E9	59.376014896934095
2.4651614405E9	59.437693052286235
2.4729257285E9	58.855361559000855
2.4806900165E9	59.373406469919914
2.4876763615E9	58.11694334328164
2.4915585055E9	58.29769317341941
2.4962185925E9	59.113040867537826
2.5039828805E9	59.26068681321134
2.5117471685E9	41.51936758312201
2.5195114565E9	46.72716091607191
2.5272757445E9	55.24042939626441
2.5350400325E9	56.651868429841706
2.5428043205E9	59.44991784544499
2.5505686085E9	59.25887971579549
2.5583328965E9	59.24613198171366
2.5660971845E9	59.27448295011216
2.572008666E9	58.730113506806326
2.57589081E9	58.174308111463716
2.5816257605E9	59.40860126956458
2.5893900485E9	25.614500596841633
2.5971543365E9	51.35558244522249
2.6049186245E9	59.47281284440546
2.6126829125E9	59.4523913922847
2.6204472005E9	59.35025039033928
2.6282114885E9	59.430511075369594
2.6359757765E9	59.467642480168756
2.6437400645E9	59.47265564693948
2.6510167485E9	59.24711477414458
2.6548988925E9	47.3751854237857
2.6592686405E9	58.941205774158476
2.6670329285E9	57.86066893884273
2.6747972165E9	59.220790846924
2.6825615045E9	58.050173234917196
2.6903257925E9	56.819431307500665
2.6980900805E9	59.22318007455432
2.7058543685E9	58.18538920524485
2.7113827085E9	59.27989061015565
2.7152648525E9	59.20347062399671
2.7213829445E9	59.44590586583972
2.7291472325E9	59.42246032886223
2.7369115205E9	39.4077307158291
2.7446758085E9	45.47899866076005
2.7524400965E9	59.387936424416594
2.7602043845E9	59.31411554501173
2.7679686725E9	59.36152803345785
2.774661944E9	59.111797635346846
2.778544088E9	0.0
2.7834972485E9	22.77236924545565
2.7912615365E9	55.26861748399953
2.7990258245E9	59.51659444202265
2.8067901125E9	59.45270073214241
2.8145544005E9	59.11919546586131
2.8213097995E9	57.33547909828452
2.8251919435E9	0.0
2.8300829765E9	0.0
2.8378472645E9	39.26337603695725
2.8456115525E9	53.99400410972398
2.8533758405E9	59.37570092083893
2.8611401285E9	59.317018087662674
2.8689044165E9	59.30436904905727
2.8738940415E9	58.70499591025852
2.8777761855E9	57.836408503503804
2.8844329925E9	59.306736877266275
2.8921972805E9	59.44054232628149
2.8999615685E9	59.457712614272005
2.9077258565E9	59.471715011678896
2.9154901445E9	59.405773080353306
2.9232544325E9	57.388670777560336
2.9310187205E9	46.408857441555405
2.9387830085E9	41.21275993407052
2.9465472965E9	56.84832604943948
2.9543115845E9	59.43067389002974
2.9620758725E9	59.340313116223335
2.9698401605E9	59.308280965853314
2.9776044485E9	57.36282510197808
2.9853687365E9	59.45129108412751
2.9931330245E9	57.87692075499637
3.0008973125E9	59.416465795660095
3.0086616005E9	58.384310219565904
3.0164258885E9	57.697564635606206
3.0241901765E9	58.52741518889376
3.029557369E9	55.28155813377842
3.033439513E9	20.586139706086158
3.0397187525E9	18.258532484097362
3.0474830405E9	12.564133216594827
3.0552473285E9	6.921015480544721
3.0630116165E9	0.0
3.0707759045E9	0.0
3.0785401925E9	0.0
3.0853460845E9	50.19818455053476
3.088278117E9	58.975151515151516
3.088373929E9	51.32512844569047
3.0884774725E9	45.95680401644561
3.0885573295E9	55.39630698291645
3.0886546005E9	30.445685319547174
3.0887081185E9	25.947780631972595
3.0887493115E9	43.47726878138253
3.088858438E9	33.54843760066639
3.088966832E9	55.5041799809131
3.089008063E9	44.18352251979271
3.089109657E9	11.518774379090587
3.089267292E9	26.16825031061016
3.08942189E9	10.958758570059986
3.089604443E9	41.98980213752876
3.089755642E9	50.91850946446244
3.0898220175E9	34.78289214859776
3.0898610755E9	26.431348580049935
3.089968525E9	35.771659397546394
3.0900764725E9	36.93716769236554
3.090141311E9	5.768240057666831
3.090191469E9	0.13576328452953823
3.090297168E9	39.73728084109824
3.090503609E9	29.415512850105436
3.0907062205E9	55.61107582805654
3.09089898E9	40.045251613679916
3.091013772E9	54.455744293698324
3.091052607E9	57.505181428926086
3.0911587895E9	48.887118757638724
3.091267064E9	59.057514832878375
3.0915130575E9	10.184546497577976
3.092673561E9	16.378080062397935
3.093702736E9	46.21502264802469
3.093935951E9	39.45554500606342
3.094132646E9	30.370401961539063
3.0942642985E9	24.54175770501972
3.094360447E9	53.19396201969923
3.0944711045E9	11.47789322191411
3.0946435155E9	20.656689561917055
3.094747446E9	36.87746345631114
3.0948598115E9	14.907503882777265
3.0950026905E9	33.83312922998183
3.095104297E9	43.4612041825598
3.095190977E9	21.186705690478714
3.0952465895E9	0.0
3.0952663465E9	0.991869918699187
3.095268566E9	12.246543657677549
3.0952706195E9	3.2426814076611645
3.0952723265E9	0.987012987012987
3.0952838005E9	11.476050700466978
3.0952967465E9	33.357048504702526
3.095299555E9	2.9385791810557476
3.0953008775E9	5.576271186440678
3.0953027375E9	7.180908866386762
3.0953043745E9	1.2610441767068272
3.095311073E9	4.674605764002175
3.0953361175E9	3.344791550031725
3.095355552E9	0.0
3.0953574645E9	2.6534878553236587
3.095360032E9	0.0
3.095361791E9	6.526299011794708
3.095363378E9	10.248299655002464
3.095365611E9	24.991447313792243
3.0953678415E9	0.9897330595482546
3.095369933E9	51.09071373752878
3.095371677E9	14.818405916187347
3.09537289E9	8.248556876061121
3.0953743225E9	1.0
3.095375945E9	38.14705882352941
3.095572656E9	47.3502802345499
3.095769303E9	47.40119702119819
3.0957708065E9	19.31830553768496
3.0957736535E9	53.86202630181052
3.095822105E9	49.131054559488874
3.095924849E9	23.549889835404674
3.095983129E9	56.79592493246855
3.095986364E9	26.34088420947269
3.0959887305E9	20.593627724986025
3.0959909825E9	29.226016703427426
3.095993051E9	34.66622358101821
3.0959946765E9	52.91378764638571
3.096006671E9	41.30734602918246
3.0960870785E9	43.35289318229282
3.0961589785E9	51.64739531690947
3.096165879E9	57.83595199853532
3.096173123E9	53.444360935341074
3.09617898E9	44.03507525507919
3.096183283E9	47.665467638140676
3.096185859E9	39.375213351033565
3.0961883E9	19.61207401825337
3.0961908755E9	17.699170984455957
3.096192456E9	11.273015873015874
3.096238607E9	49.59340453488914
3.0962848625E9	2.8424107142857142
3.096286263E9	0.0
3.0962877625E9	0.9854439592430859
3.096289947E9	36.66648040946782
3.096292208E9	21.831742243436754
3.0962965075E9	6.669342174140638
3.096315547E9	25.86954788599407
3.0963533005E9	42.211557633743695
3.09637788E9	47.20787962291516
3.096382479E9	51.43485350586503
3.0963879875E9	31.575293056807936
3.0963943185E9	46.10220721541693
3.096398918E9	10.613301559792028
3.0964033365E9	37.58531510671619
3.0964070605E9	31.61277094317516
3.0964084065E9	14.752330226364847
3.0964096105E9	0.0
3.096411644E9	21.266706898805314
3.0964135175E9	0.0
3.0964147555E9	0.0
3.0964161835E9	0.0
3.0964174105E9	21.13242430557623
3.096418484E9	25.729314507279245
3.096419946E9	0.0
3.096422275E9	0.0
3.0964254675E9	0.0
3.0964313925E9	7.333917616126205
3.0964360765E9	0.0
3.096437123E9	0.0
3.0964382945E9	0.0
3.096440137E9	16.9806598407281
3.096442099E9	5.997372193024367
3.096443439E9	6.405098365198116
3.0964449505E9	0.0
3.0964464985E9	7.2497747747747745
3.0964475915E9	0.0
3.0964489705E9	0.8907103825136612
3.0964506065E9	0.9867416633186018
3.0964522235E9	12.51981981981982
3.0964537525E9	0.9908938413611311
3.0964552355E9	0.9909638554216867
3.09645655E9	11.813979086406164
3.0964580005E9	9.993602047344849
3.0964594605E9	0.9809069212410502
3.096462063E9	12.699437866283937
3.0964647385E9	0.0
3.0964666345E9	0.0
3.0964687875E9	0.0
3.096470338E9	0.0
3.0964722525E9	0.0
3.096474844E9	0.9790209790209791
3.0964802425E9	58.77570916913641
3.0964880595E9	58.3889224523332
3.0965833285E9	38.95410820081979
3.0967643755E9	56.74763926672003
3.0969348755E9	14.033302693888631
3.097105623E9	40.425485649090035
3.0972741855E9	13.471413702664028
3.0973604055E9	6.752824144385903
3.097450029E9	22.464401583646612
3.0976374775E9	39.294593608609624
3.0978270425E9	37.923275728713826
3.0979310955E9	51.27421346808
3.097952041E9	59.92669517409896
3.0979864125E9	54.53414636670858
3.098119023E9	19.03039066165433
3.098265051E9	21.616229430133224
3.098391091E9	55.0480212267697
3.0985448955E9	41.77935172731752
3.0986946915E9	37.27064491508245
3.098783935E9	0.0
3.0988292795E9	24.402503665078758
3.098880847E9	22.01412607687354
3.098919304E9	50.76264405681869
3.0989774605E9	34.870148341622865
3.099052881E9	42.29968078004828
3.0991573655E9	33.12425822828588
3.099319594E9	34.14357442695765
3.0995012675E9	21.573816006563327
3.099670145E9	43.16177160541309
3.09983663E9	0.9711286089238845
3.0999236415E9	0.0
3.099926258E9	23.54445532702144
3.0999293305E9	42.97285914833879
3.0999317075E9	38.66642573183954
3.099933225E9	59.523809523809526
3.099934473E9	19.928909952606634
3.099935544E9	0.0
3.099936873E9	59.86024844720497
3.0999392435E9	59.80881681132937
3.0999417715E9	58.99076035910094
3.099944294E9	58.38317790659993
3.099947122E9	0.0
3.099949542E9	48.23716224868741
3.099951465E9	5.686131386861314
3.0999532635E9	0.0
3.0999548975E9	0.0
3.099956276E9	0.0
3.0999589355E9	58.18622204039375
3.099961492E9	0.0
3.0999627755E9	0.0
3.099966206E9	51.70085703513933
3.099971928E9	0.0
3.0999763185E9	59.58766741865333
3.0999787225E9	0.0
3.099980804E9	0.0
3.099982934E9	10.145985401459853
3.0999846185E9	40.92973402143708
3.0999859675E9	0.0
3.099987108E9	0.0
3.0999883185E9	6.618329205133979
3.099989888E9	0.0
3.0999934275E9	58.87048294064895
3.099997199E9	30.22278448164007
3.0999989405E9	0.9878706199460916
3.100000503E9	27.92156862745098
3.100002242E9	6.942654639175258
3.100004537E9	49.16415662650602
3.100007437E9	50.498126702997276
3.1000093805E9	0.0
3.1000104305E9	0.0
3.100011833E9	5.529616724738676
3.1000136915E9	33.76016499705362
3.1000154645E9	30.803059273422562
3.100017134E9	23.783661971830988
3.1000187915E9	35.96162402669633
3.100020568E9	58.14655172413793
3.1000221625E9	43.97617471872932
3.1000236955E9	45.55216284987277
3.1000264625E9	57.248611179391375
3.100029677E9	57.05109990834097
3.100031578E9	0.0
3.1000326205E9	0.0
3.100033658E9	0.0
3.100035464E9	52.91202008122182
3.1000409715E9	41.35160483676816
3.1000479435E9	31.41625209776226
3.100051797E9	48.34316474782633
3.100053416E9	56.758620689655174
3.10005829E9	54.58771526237045
3.1000639665E9	47.56489898989899
3.1000665115E9	37.2023052166754
3.100068816E9	54.35014005602241
3.100070957E9	50.462946994674105
3.1000725955E9	0.0
3.10007379E9	44.56945642795513
3.1000757855E9	59.55947187944669
3.1000785755E9	59.17840677303082
3.1000897445E9	59.38839431585546
3.1001009405E9	59.86543554505762
3.1001076425E9	59.57381197805115
3.1001174535E9	0.0
3.10012562E9	59.55203470205492
3.1001304845E9	58.85396108782113
3.1001326025E9	34.775396825396825
3.100134138E9	0.9058577405857741
3.100136976E9	59.45451066679422
3.1001412695E9	59.29470093945274
3.1001454075E9	0.0
3.1001489115E9	0.0
3.1001523505E9	59.5922013360261
3.1001553555E9	43.724798387096776
3.1001569595E9	33.587992667277724
3.1001596515E9	58.77477035462153
3.100164687E9	59.744298472618354
3.100169456E9	59.74417222940622
3.100173756E9	58.86335010378919
3.100178605E9	0.0
3.100182461E9	59.714627384899714
3.1001845245E9	38.984771573604064
3.100186698E9	55.89157485062764
3.1001901715E9	59.65071151358344
3.1001926785E9	45.64517543859649
3.1001942255E9	0.0
3.100196577E9	58.79840276278869
3.100199826E9	59.64533808077635
3.1002050385E9	59.76875560952431
3.1002116325E9	59.44891997598143
3.100215983E9	59.68053424781157
3.100218536E9	0.0
3.1002222875E9	0.0
3.100226716E9	0.0
3.100230998E9	59.623191380194974
3.10023432E9	53.347553502404075
3.100237109E9	54.815811069572355
3.100241596E9	59.539053990975574
3.1002465235E9	59.693530079455165
3.100249222E9	0.0
3.1002504975E9	59.757194244604314
3.1002526125E9	55.899340922708205
3.1002555955E9	59.107594936708864
3.1002585615E9	59.600505480618665
3.1002608765E9	55.30421377183967
3.100264232E9	59.88653018769798
3.1002683515E9	0.0
3.1002730005E9	58.87245813598888
3.100276567E9	0.0
3.1002785615E9	59.29176582579724
3.1002805655E9	40.17141830378534
3.1002818545E9	0.0
3.100283864E9	0.0
3.100286221E9	0.0
3.1002886105E9	42.622157894736844
3.100297238E9	59.68135358632728
3.100308266E9	59.64864025553436
3.1003148695E9	0.0
3.1003201675E9	59.306563426915915
3.100323191E9	45.41188630490956
3.100327556E9	59.26667298331221
3.1003361335E9	59.54206418039896
3.100341505E9	33.7486655018194
3.100343284E9	59.0122134014323
3.1003451525E9	59.60450563204005
3.10034797E9	0.0
3.1003522945E9	59.68328093598072
3.1003595775E9	59.3950894948927
3.100367519E9	59.38901325668592
3.1003726985E9	59.47158401410122
3.1003758895E9	59.42682289723113
3.1003787135E9	0.0
3.1003813635E9	0.0
3.100384543E9	59.65921948838551
3.100388122E9	14.921022968179608
3.100390936E9	59.52236286919831
3.1003962175E9	58.49656869243787
3.1004020815E9	57.49570143285572
3.1004062135E9	31.110288386593922
3.100409423E9	58.4375
3.1004119315E9	59.617834394904456
3.100414125E9	59.91311992553136
3.100417918E9	58.984678640101464
3.100423028E9	59.15049873438204
3.1004269835E9	59.489679184282515
3.1004299135E9	0.0
3.100431937E9	0.0
3.100433132E9	0.0
3.100434876E9	0.0
3.1004377605E9	57.15020441641996
3.1004408225E9	56.13185427959158
3.1004441155E9	0.0
3.1004490815E9	58.26744444353027
3.100453243E9	59.13019693654267
3.1004556705E9	58.85150250922063
3.1004587745E9	59.57446808510638
3.100461398E9	14.35665914221219
3.100462798E9	38.152717572524175
3.1004649905E9	58.096300657841304
3.100471036E9	0.0
3.1004779445E9	59.861313320825516
3.1004820575E9	53.05842114354811
3.100486718E9	59.14163068780963
3.1004910255E9	0.0
3.10049749E9	0.0
3.1005038655E9	0.0
3.1005113075E9	0.0
3.100520375E9	59.59555866617635
3.100524579E9	58.085215128705514
3.100528576E9	59.666718406050684
3.100533401E9	59.47695936139333
3.1005371995E9	57.96841848979166
3.100540127E9	0.0
3.100544135E9	0.0
3.1005486665E9	59.5193354257249
3.1005512115E9	57.706708268330736
3.100552639E9	50.90875068794717
3.1005539095E9	40.275820170109355
3.1005560785E9	56.9687374184717
3.100558656E9	58.80445026907955
3.100561947E9	55.13032392652257
3.10056789E9	0.0
3.100573138E9	0.0
3.100576513E9	59.442603529052754
3.100580371E9	59.172733691047725
3.100591292E9	26.757575907856726
3.100602639E9	59.55704747866371
3.100606305E9	0.0
3.100608874E9	0.0
3.1006116575E9	59.48652191196536
3.1006156585E9	0.0
3.100620518E9	0.0
3.1006254325E9	59.28294712926148
3.1006312815E9	0.0
3.1006367155E9	59.89305167166425
3.100640534E9	59.43912210416304
3.100643878E9	54.69311120896326
3.100647993E9	0.0
3.1006508345E9	0.0
3.100653317E9	0.0
3.1006563755E9	0.0
3.1006598935E9	0.0
3.1006649805E9	0.0
3.1006712605E9	0.0
3.1006757165E9	0.0
3.100677201E9	13.543991632135818
3.10067847E9	38.223387096774196
3.100683289E9	59.90358864488484
3.1006885805E9	59.61761628460002
3.100691006E9	58.52914798206278
3.1006942785E9	0.0
3.1006969395E9	0.0
3.1006991355E9	48.003310742385295
3.1007016905E9	14.430225653206652
3.100704182E9	58.77261998426436
3.100706833E9	48.58174737209204
3.100708945E9	0.0
3.100712266E9	0.0
3.10071577E9	59.939216569113015
3.100717503E9	54.68357810413885
3.100719116E9	0.0
3.1007206285E9	0.0
3.1007221265E9	0.0
3.100724699E9	0.0
3.1007268945E9	0.0
3.1007289465E9	0.0
3.1007309285E9	0.0
3.1007330965E9	59.540001754462914
3.1007392415E9	59.48175191931746
3.1007470865E9	58.36150454993894
3.1007528755E9	0.0
3.1007561985E9	59.167760195548695
3.1007588475E9	0.0
3.100761762E9	41.51952085181899
3.1007635275E9	0.0
3.100764747E9	29.0448133816003
3.1007667445E9	37.135098621994054
3.1007691425E9	58.92097527234999
3.100772442E9	0.0
3.100775528E9	52.743519781718966
3.100781116E9	58.98154547914492
3.10079114E9	0.0
3.100797975E9	0.0
3.1008007345E9	59.87586206896552
3.100804877E9	59.44217135685525
3.100809349E9	0.0
3.1008114985E9	0.0
3.1008137425E9	12.549557615707286
3.1008164375E9	2.5341342486651413
3.100825815E9	8.853915092579264
3.100837982E9	3.7487068350766855
3.100842972E9	57.45279615153337
3.1008451085E9	58.340486409155936
3.10084822E9	58.53449193119347
3.1008510465E9	59.281150159744406
3.100852321E9	0.0
3.1008571395E9	59.756587299867846
3.1008619615E9	0.0
3.1008648315E9	58.04935840550327
3.100868278E9	54.78573299114859
3.100873156E9	57.39830541956849
3.1008795525E9	51.209323529063504
3.100884274E9	46.881686278123155
3.10088846E9	14.84322935908939
3.1008916615E9	7.4296148738379815
3.10089384E9	40.690074906367045
3.1008970555E9	59.080312405392256
3.1008998325E9	39.50611246943765
3.100902708E9	47.66776551332802
3.1009063655E9	54.452177900045854
3.1009089965E9	51.35778068588584
3.1009125255E9	43.27336367048844
3.1009156975E9	55.21846215151655
3.100917935E9	51.565050876585886
3.1009210515E9	55.95501260609326
3.1009240305E9	49.99383577418612
3.100926116E9	45.625259943667906
3.1009275335E9	28.868628517058582
3.100928649E9	42.88140963465891
3.1009304855E9	49.42440445586975
3.100935775E9	0.0
3.1009404825E9	0.0
3.1009433075E9	55.83825905794682
3.100962012E9	11.325080214962275
3.100979643E9	16.412343587069863
3.1009826315E9	59.52802810447533
3.100986095E9	55.620696649517804
3.100988659E9	38.25268577967071
3.1009913515E9	57.06040340681979
3.100994484E9	42.17332039162728
3.100999235E9	33.75041946308725
3.1010045095E9	54.06353063216364
3.101007663E9	54.000651041666664
3.101009454E9	30.349083215796895
3.1010139635E9	59.17120762881641
3.10102777E9	59.51925619834711
3.101038557E9	57.73520365364899
3.1010399745E9	0.0
3.10104147E9	5.902912621359223
3.101043057E9	0.0
3.101044461E9	0.0
3.101046252E9	0.0
3.101048543E9	59.59383226776984
3.101051444E9	59.64316144644013
3.101053714E9	0.0
3.101055658E9	0.0
3.1010593945E9	0.0
3.1010636115E9	59.548054429434025
3.101066684E9	58.292952745151595
3.101069485E9	0.0
3.10107171E9	0.0
3.1010747125E9	59.64901996702693
3.101082788E9	59.575470520303384
3.1010891985E9	57.593859412873684
3.101090371E9	0.0
3.101091454E9	0.0
3.1010926105E9	0.0
3.101093789E9	0.0
3.101094954E9	0.0
3.1010960955E9	0.0
3.1010976565E9	59.50600714997363
3.1010992105E9	49.050759392486015
3.1011004015E9	0.0
3.101103073E9	0.0
3.101108811E9	0.0
3.1011134185E9	28.246753246753247
3.1011171035E9	59.10448633233637
3.1011208445E9	32.5294758127236
3.1011223705E9	59.55096704386637
3.1011236055E9	59.0801652892562
3.101126918E9	0.0
3.101130602E9	56.84769874476987
3.1011321595E9	0.0
3.101133927E9	37.12949076664801
3.1011356635E9	60.0
3.1011368845E9	57.25512528473804
3.1011381815E9	0.0
3.10113931E9	57.54438860971524
3.1011404165E9	0.0
3.101141667E9	59.50361010830325
3.101143503E9	53.247517406688736
3.1011454715E9	57.31310874810115
3.101147397E9	58.9976208918889
3.1011501335E9	44.94951284322409
3.101157518E9	58.44108804420039
3.1011645045E9	59.08450704225352
3.1011668885E9	19.4296022588629
3.1011686545E9	58.19025522041763
3.1011709785E9	55.06702412868633
3.101173445E9	0.0
3.101205684E9	42.19161829029048
3.1012403025E9	44.43618587667118
3.1012453615E9	49.99850060689721
3.1012505225E9	56.48476148536199
3.1012614495E9	38.0452836221482
3.1012739195E9	46.867758057438195
3.101281912E9	57.218825483091784
3.1012871705E9	53.73811236011758
3.101295694E9	54.668295989613746
3.1013044905E9	55.59754996369147
3.1013083555E9	48.68361329651182
3.1013114625E9	49.411571251129175
3.101316135E9	40.85861491533432
3.1013198035E9	22.926315789473684
3.101320917E9	0.0
3.101322018E9	59.050031665611144
3.1013238925E9	33.20536439989163
3.101326703E9	45.21355836113473
3.1013294495E9	56.82111700154375
3.1013318685E9	45.18868302453681
3.1013343305E9	40.77041366085289
3.101336736E9	34.77184651492822
3.101339303E9	21.229910986465065
3.101342702E9	48.550256732836935
3.101345195E9	52.25259792166267
3.1013472335E9	56.36995827538247
3.101349218E9	0.0
3.1013517465E9	54.47211155378486
3.101354867E9	5.0
3.1013568785E9	49.12042780748663
3.101370363E9	58.56603759062851
3.1013921985E9	59.3998272731037
3.1014090845E9	59.09278848476066
3.101423574E9	57.133459363233925
3.101436092E9	0.0
3.1014467775E9	0.0
3.10145676E9	59.2856562518669
3.1014665925E9	58.999605544015246
3.101476343E9	59.349256641481844
3.1014858855E9	55.252926877816044
3.1014950245E9	0.0
3.101503724E9	0.0
3.1015121195E9	49.69165805763432
3.101520406E9	0.0
3.101528602E9	59.24430139684161
3.101536693E9	59.52858125069954
3.1015446345E9	59.307248477990534
3.1015524055E9	59.24276114510489
3.1015601115E9	0.0
3.101567702E9	59.55234245913724
3.1015751255E9	0.0
3.1015823905E9	59.322115839367726
3.101589504E9	59.31544425630514
3.101596546E9	0.0
3.101603554E9	0.0
3.1016105495E9	0.0
3.101617536E9	38.16389855235103
3.101624424E9	0.0
3.101631085E9	58.74867581099783
3.1016374705E9	59.06894373367025
3.1016435565E9	58.73140006717063
3.1016494765E9	0.0
3.1016553825E9	59.64086070190163
3.101661271E9	0.0
3.1016671275E9	0.0
3.101672916E9	0.0
3.101678576E9	0.0
3.101684071E9	0.0
3.1016894025E9	0.0
3.1016946505E9	59.63903878912396
3.1016998325E9	0.0
3.1017049205E9	0.0
3.101709929E9	0.0
3.101714835E9	57.6662755053166
3.1017196755E9	59.611480075901326
3.101724499E9	0.0
3.101729313E9	0.0
3.1017340725E9	58.95566267512035
3.1017387675E9	0.0
3.10174343E9	58.19085857182551
3.1017480095E9	0.0
3.101752486E9	54.0680016385937
3.1017569135E9	0.0
3.101761326E9	58.536618387105015
3.1017657265E9	59.71312624511178
3.101770102E9	0.0
3.101774441E9	0.0
3.1017787455E9	53.54678471260095
3.1017830115E9	59.68025601780993
3.1017872465E9	58.8590118276516
3.1017914715E9	0.0
3.1017956905E9	0.0
3.1017999035E9	59.5767345963067
3.1018041115E9	59.33616035546928
3.1018082655E9	0.0
3.101812367E9	59.6430213267774
3.101816459E9	0.0
3.101820484E9	58.17981979841857
3.101824445E9	0.0
3.101828395E9	0.0
3.1018323325E9	52.724546453279494
3.101836262E9	55.50170909998881
3.1018401885E9	0.0
3.10184411E9	27.584922544426153
3.1018480235E9	0.0
3.1018519235E9	0.0
3.1018558145E9	56.11337775964459
3.101859689E9	0.0
3.1018635415E9	59.49380080466376
3.101867382E9	0.0
3.1018712145E9	0.0
3.1018750435E9	59.325184362056774
3.10187887E9	0.0
3.101882693E9	0.0
3.101886508E9	0.0
3.101890313E9	0.0
3.101894113E9	56.916569942894284
3.101897881E9	0.0
3.1019016E9	59.53917050691244
3.1019052995E9	47.13267920301204
3.1019089945E9	0.0
3.1019126835E9	59.623903684294774
3.101916365E9	59.005564627019595
3.1019200355E9	0.0
3.101923674E9	46.36921069797782
3.101927286E9	56.69291037082855
3.1019308945E9	58.138916706196525
3.1019344895E9	46.47619320679703
3.101938072E9	7.6916019760056455
3.101941634E9	0.0
3.1019451695E9	55.15332818191853
3.101948697E9	11.955274261603375
3.1019522085E9	59.711805630344415
3.101955703E9	58.88900890574023
3.1019591915E9	59.460397401443174
3.101962651E9	0.0
3.101966064E9	56.85993941253164
3.1019694465E9	59.672693266832916
3.101972819E9	0.0
3.101976185E9	58.81490500325622
3.101979541E9	58.609016269857584
3.1019828865E9	58.463028335351765
3.1019862165E9	56.64821051686201
3.1019895175E9	54.63361885669158
3.1019927975E9	59.370069133794225
3.1019960665E9	53.71119810633649
3.1019993255E9	59.47530511176277
3.102002581E9	59.47742623533594
3.102005831E9	59.9066322611145
3.1020090695E9	0.0
3.1020122965E9	0.0
3.1020155165E9	0.0
3.1020187305E9	57.59383950183854
3.1020219335E9	56.39879142067704
3.102025125E9	59.3553392978601
3.102028308E9	58.49007575157706
3.1020314845E9	36.75145366149448
3.102034659E9	0.0
3.1020378305E9	54.728075618433024
3.1020409985E9	59.65963985003995
3.102044163E9	0.0
3.102047316E9	55.147851173051635
3.102050456E9	58.12326699612662
3.1020535825E9	59.243001488436
3.1020566935E9	53.644239103289216
3.102059793E9	57.46960927663377
3.102062879E9	54.42762374553495
3.102065945E9	0.0
3.102068997E9	0.0
3.10207203E9	43.89056886227545
3.1020750435E9	58.66679640718563
3.102078054E9	57.17787651294622
3.102081057E9	0.0
3.102084054E9	56.91769085390298
3.102087044E9	59.00536910945448
3.102090025E9	59.3956178741672
3.102092998E9	59.98777057600587
3.102095965E9	56.02091944327288
3.1020989315E9	0.0
3.1021018915E9	57.81765468833448
3.1021048445E9	58.03997561308904
3.1021077875E9	59.56284957315278
3.1021107135E9	44.356724818009816
3.10211362E9	57.71015813454838
3.102116511E9	59.38202247191011
3.102119394E9	59.54454990814452
3.1021222725E9	59.48550743241508
3.1021251475E9	46.126071058232824
3.1021280175E9	56.906452922077925
3.1021308845E9	0.0
3.10213375E9	59.45895792861492
3.1021366145E9	57.90068462701165
3.102139476E9	57.44709683490699
3.1021423325E9	43.13270964813117
3.1021451745E9	58.48433964511135
3.1021480035E9	0.0
3.1021508295E9	57.43748310852313
3.102153651E9	59.761727249212605
3.102156467E9	4.633010724561863
3.102159278E9	0.0
3.1021620835E9	0.0
3.10216488E9	0.0
3.102167667E9	0.0
3.1021704475E9	58.93015778308141
3.102173225E9	0.0
3.1021759985E9	0.0
3.102178768E9	0.0
3.102181536E9	58.11995083287416
3.102184301E9	55.49003176582932
3.102187055E9	58.49127416025521
3.1021897985E9	55.01993896730739
3.1021925375E9	56.501437016613316
3.10219527E9	38.343594718191355
3.1021979975E9	1.9382716049382716
3.10220072E9	59.22161910012298
3.102203437E9	0.0
3.1022061485E9	59.593975506782044
3.1022088545E9	59.80646548634506
3.1022115525E9	0.0
3.102214244E9	58.96545696590843
3.1022169345E9	58.53338777328236
3.102219623E9	51.414138481637394
3.102222305E9	0.0
3.1022249775E9	58.38073225376478
3.1022276455E9	59.50094422762181
3.102230311E9	59.21634167063846
3.10223297E9	0.0
3.1022356195E9	0.0
3.1022382625E9	59.721200387221685
3.1022408995E9	58.94355101794237
3.1022435315E9	54.37431597181213
3.1022461615E9	57.40972246773909
3.102248787E9	58.420120588607325
3.1022514095E9	59.92017148347993
3.10225403E9	56.90793571069814
3.102256642E9	58.178885496183206
3.102259246E9	54.73893035306856
3.102261848E9	56.492860432980194
3.1022644475E9	0.0
3.102267045E9	59.812446717817565
3.1022696415E9	0.0
3.1022722365E9	58.4516811662356
3.1022748265E9	0.0
3.102277412E9	60.0
3.102279996E9	57.01488007349805
3.1022825765E9	59.60595078389364
3.10228515E9	58.97958229426434
3.102287719E9	53.464613137215395
3.102290279E9	0.0
3.1022928285E9	0.0
3.1022953765E9	56.817426005986036
3.1022979235E9	50.13830941758109
3.102300469E9	52.6989792351255
3.1023030085E9	0.0
3.102305542E9	56.59516360236834
3.1023080695E9	54.610354996030395
3.1023105915E9	45.87921526620646
3.10231311E9	58.96510894133575
3.102315624E9	0.0
3.102318134E9	59.70021413276231
3.1023206395E9	39.586746987951805
3.10232314E9	59.675945159950146
3.102325624E9	0.0
3.102328092E9	55.07888178567559
3.1023305565E9	0.0
3.102333018E9	0.9932735426008968
3.102335476E9	0.0
3.1023379295E9	0.0
3.102340372E9	0.0
3.1023428065E9	60.0
3.1023452395E9	52.199154553880234
3.102347669E9	0.0
3.102350093E9	53.95200101800598
3.1023525135E9	59.30349069284347
3.1023549305E9	59.10944634703196
3.1023573395E9	0.0
3.102359743E9	0.0
3.1023621455E9	59.80130711652329
3.102364545E9	57.10968955785513
3.102366941E9	0.0
3.1023693355E9	0.0
3.1023717265E9	0.0
3.1023741115E9	0.0
3.102376493E9	52.75066737853711
3.1023788735E9	0.0
3.1023812475E9	0.0
3.1023836135E9	57.3364468044271
3.102385977E9	58.03695486493353
3.1023883325E9	0.0
3.102390676E9	59.60416580224887
3.102393013E9	23.0
3.1023953465E9	59.938650306748464
3.102397678E9	57.914020196107124
3.1024000085E9	0.0
3.102402335E9	0.0
3.102404656E9	58.85854122765278
3.1024069725E9	58.86671987230646
3.1024092835E9	56.97623700188429
3.1024115905E9	44.91377062732504
3.1024138915E9	59.40214232334136
3.102416183E9	0.0
3.102418466E9	0.0
3.1024207435E9	49.90462764659636
3.102423018E9	58.77226769378912
3.1024252855E9	0.0
3.1024275435E9	0.0
3.1024297965E9	58.44098186663054
3.102432045E9	0.0
3.102434287E9	58.01379310344828
3.102436518E9	37.410571004033116
3.1024387395E9	54.229903150346516
3.1024409585E9	59.26961226330027
3.102443175E9	0.0
3.102445389E9	55.642028985507245
3.102447597E9	57.25749275263074
3.1024497985E9	59.762845849802375
3.102451997E9	59.45334711811838
3.1024541925E9	51.34880513327936
3.102456381E9	0.0
3.102458562E9	59.82972893629513
3.10246074E9	55.87242969110189
3.102462917E9	59.752415884883966
3.102465094E9	56.91204668611922
3.1024672665E9	56.27076167076167
3.1024694305E9	48.614064932818174
3.102471588E9	0.0
3.1024737375E9	33.871899059024805
3.102475881E9	58.6309042775533
3.1024780205E9	57.55654596100278
3.1024801555E9	0.0
3.102482287E9	0.0
3.1024844155E9	59.253710951923786
3.102486542E9	54.44162238199437
3.102488667E9	0.0
3.1024907905E9	59.98947922146239
3.102492907E9	53.96356788604243
3.1024950155E9	59.82783357245337
3.1024971155E9	59.25296718640912
3.102499209E9	0.0
3.1025012995E9	54.409163256025465
3.1025033865E9	4.0
3.1025054725E9	59.72143409852979
3.1025075575E9	0.0
3.1025096395E9	0.0
3.102511719E9	56.31187218223523
3.1025137965E9	59.68931464289677
3.10251587E9	58.14659940765184
3.1025179385E9	59.869777536625065
3.102520002E9	59.21591712370506
3.10252206E9	0.0
3.102524114E9	0.0
3.1025261605E9	59.097744360902254
3.1025281985E9	57.171600540474145
3.102530234E9	48.750994327443436
3.1025322685E9	59.12895185622458
3.1025343015E9	52.99926103824127
3.102536332E9	0.0
3.102538359E9	0.0
3.102540382E9	52.18504077623668
3.1025424015E9	0.0
3.102544418E9	0.9772209567198178
3.10254643E9	46.43394495412844
3.102548438E9	0.0
3.102550444E9	59.46367422489588
3.102552448E9	54.183413411322334
3.10255445E9	0.0
3.102556451E9	59.70698722764838
3.1025584515E9	0.0
3.1025604495E9	58.857715430861724
3.1025624435E9	47.82530358655747
3.102564432E9	54.379760225669955
3.102566415E9	0.0
3.102568394E9	58.72574677375688
3.102570368E9	52.75732920056826
3.1025723375E9	55.52833659041269
3.1025743025E9	56.375678862024316
3.102576264E9	59.017456036946726
3.1025782245E9	53.432842830306825
3.1025801845E9	47.64565673945497
3.1025821415E9	59.711069853794385
3.1025840945E9	58.681806961244135
3.102586044E9	53.77370759726888
3.1025879895E9	0.0
3.102589933E9	0.0
3.102591875E9	0.0
3.102593814E9	0.0
3.1025957495E9	56.98115068493151
3.102597681E9	48.71257158440142
3.1025996075E9	0.0
3.1026015315E9	59.091975598310654
3.102603455E9	57.05773595446768
3.102605377E9	0.0
3.1026072965E9	0.0
3.102609213E9	0.0
3.102611128E9	0.0
3.1026130425E9	57.30304692564704
3.1026149555E9	0.0
3.1026168665E9	59.529305680793506
3.102618775E9	0.0
3.1026206805E9	0.0
3.102622581E9	54.64209994952044
3.102624475E9	59.44709369764145
3.1026263655E9	39.97563384919328
3.1026282545E9	0.0
3.1026301425E9	0.0
3.102632029E9	58.67733125243855
3.102633912E9	5.458563535911602
3.102635792E9	52.670579736319304
3.10263767E9	0.0
3.1026395465E9	53.33979804455842
3.1026414225E9	58.91749037561128
3.1026432975E9	0.0
3.1026451705E9	54.745911214953274
3.102647041E9	59.678980891719746
3.1026489085E9	0.0
3.102650774E9	59.51587982832618
3.102652639E9	60.0
3.102654504E9	58.86120996441281
3.1026563675E9	0.0
3.1026582295E9	55.53453199365415
3.10266009E9	0.0
3.1026619475E9	10.265116279069767
3.1026638035E9	0.0
3.1026656585E9	59.05417738322409
3.1026675105E9	33.184269662921345
3.10266936E9	41.254901960784316
3.102671209E9	47.618737800910864
3.102673057E9	47.62193927522037
3.1026749E9	45.14055779103649
3.1026767365E9	58.98553676919943
3.102678564E9	59.34984520123839
3.102680382E9	12.04702720859926
3.102682195E9	59.20741599073001
3.1026840045E9	59.654879923660076
3.1026858125E9	59.94270435446906
3.10268762E9	0.0
3.102689427E9	58.91073963819556
3.1026912315E9	59.316353887399465
3.102693033E9	55.71708734338115
3.1026948335E9	54.872950819672134
3.102696631E9	52.3072665878366
3.1026984255E9	59.244175263706964
3.1027002185E9	0.0
3.1027020085E9	0.0
3.1027037955E9	0.0
3.1027055795E9	0.0
3.1027073615E9	45.146816307833255
3.102709143E9	49.93118756936737
3.102710924E9	55.74787823922146
3.102712704E9	50.670167597765364
3.102714482E9	0.0
3.1027162525E9	0.0
3.1027180155E9	58.74321076332293
3.102719774E9	45.02379203994713
3.102721526E9	0.9823529411764705
3.102723274E9	32.07829093603359
3.1027250205E9	45.90599862100667
3.102726766E9	0.0
3.1027285105E9	45.80240722166499
3.1027302535E9	47.311256509547334
3.1027319945E9	0.0
3.1027337345E9	0.0
3.1027354725E9	0.0
3.102737208E9	59.59147106253359
3.1027389415E9	0.0
3.1027406735E9	0.0
3.1027424045E9	59.04764566159005
3.102744133E9	59.9669056811914
3.1027458575E9	0.0
3.1027475775E9	0.0
3.1027492945E9	0.0
3.1027510075E9	41.89126819126819
3.1027527165E9	0.0
3.102754424E9	59.98102466793169
3.1027561305E9	59.028446389496715
3.102757836E9	0.0
3.1027595405E9	54.41760114829102
3.102761242E9	0.0
3.1027629405E9	59.79651162790697
3.102764638E9	0.0
3.102766335E9	58.62722812937024
3.102768031E9	54.35460311358831
3.102769726E9	0.0
3.10277142E9	0.0
3.10277311E9	0.0
3.1027747965E9	58.87738853503185
3.1027764795E9	45.945395449620804
3.102778159E9	47.76345840130506
3.102779838E9	53.51516382344977
3.1027815165E9	57.72100656455142
3.1027831925E9	25.90864461045891
3.1027848665E9	0.0
3.102786539E9	0.0
3.102788209E9	0.0
3.102789876E9	54.81930693069307
3.10279154E9	30.644619343120933
3.1027932E9	59.98355037697053
3.102794855E9	0.0
3.1027965075E9	0.0
3.1027981585E9	18.44954128440367
3.102799808E9	58.470326880355444
3.102801457E9	57.47475389012385
3.1028031015E9	59.27467652495379
3.1028047405E9	0.0
3.1028063775E9	58.419322709163346
3.1028080115E9	0.0
3.102809643E9	59.95923913043478
3.1028112735E9	0.0
3.102812902E9	59.55500618046972
3.1028145275E9	56.92437104491434
3.102816148E9	58.894184938036226
3.1028177645E9	0.0
3.10281938E9	0.0
3.102820993E9	49.607083563918096
3.102822604E9	59.89464442493415
3.1028242125E9	0.0
3.102825818E9	0.0
3.102827423E9	0.0
3.1028290255E9	58.01177064065916
3.1028306245E9	0.0
3.1028322225E9	52.078009828009826
3.10283382E9	18.116666666666667
3.1028354165E9	49.63452052807196
3.102837012E9	0.0
3.1028386055E9	13.463556851311953
3.102840196E9	0.0
3.102841783E9	0.0
3.102843365E9	0.0
3.1028449435E9	44.27104998322711
3.102846521E9	0.0
3.102848098E9	0.0
3.102849675E9	43.0
3.1028512515E9	55.4377838328792
3.102852827E9	0.0
3.1028544015E9	0.0
3.1028559745E9	55.921693170754324
3.102857546E9	0.0
3.102859113E9	0.0
3.102860675E9	0.0
3.102862236E9	58.57117537562679
3.1028637965E9	49.31444332998997
3.1028653565E9	59.639198218262806
3.1028669135E9	58.891922821024615
3.1028684665E9	0.0
3.1028700165E9	0.0
3.1028715635E9	0.0
3.102873107E9	5.48331415420023
3.1028746455E9	58.08093994778068
3.10287618E9	55.5907898571845
3.1028777125E9	44.94402620539049
3.1028792445E9	0.0
3.1028807755E9	0.0
3.102882304E9	40.575205269331406
3.1028838305E9	59.70348604247362
3.1028853555E9	38.12866242038216
3.102886879E9	53.23597422911585
3.102888402E9	0.0
3.1028899245E9	2.9622641509433962
3.1028914465E9	55.93598809080759
3.102892967E9	58.82025819265144
3.102894483E9	0.0
3.1028959935E9	0.0
3.1028975015E9	0.0
3.102899008E9	0.0
3.102900512E9	0.0
3.1029020115E9	59.83634074695762
3.102903505E9	46.18258064516129
3.1029049955E9	55.06174591909156
3.1029064855E9	0.0
3.102907974E9	59.04486251808972
3.1029094605E9	54.19423952283786
3.102910946E9	59.231369656740725
3.1029124305E9	36.26788403614458
3.102913914E9	46.83475436459602
3.102915395E9	0.0
3.102916874E9	59.11690496215307
3.1029183515E9	0.0
3.102919827E9	49.104168644953
3.1029213005E9	0.0
3.102922771E9	58.268918746001276
3.1029242395E9	0.0
3.102925707E9	0.0
3.102927173E9	29.682641006097562
3.1029286375E9	58.60369609856263
3.102930101E9	0.0
3.102931564E9	0.0
3.102933025E9	51.325965330642944
3.102934484E9	59.8731858531774
3.1029359425E9	48.24811738219083
3.1029374005E9	57.79848573092603
3.1029388565E9	55.56821589205397
3.102940308E9	0.0
3.102941757E9	0.0
3.1029432055E9	54.45701844262295
3.1029446525E9	0.0
3.1029460965E9	49.45060483870968
3.102947538E9	58.65063251600812
3.1029489785E9	52.352033458321316
3.102950418E9	4.64451313755796
3.102951856E9	0.0
3.1029532925E9	0.0
3.102954725E9	50.293510902206556
3.102956154E9	0.0
3.102957582E9	0.0
3.1029590085E9	0.0
3.102960434E9	59.15178461158454
3.1029618585E9	0.0
3.1029632825E9	59.45142857142857
3.102964706E9	0.0
3.102966129E9	0.0
3.102967552E9	49.571148628278564
3.1029689705E9	0.0
3.1029703845E9	0.0
3.102971798E9	4.0
3.102973211E9	0.0
3.1029746225E9	59.526253454401896
3.102976032E9	0.0
3.102977441E9	0.0
3.1029788485E9	52.58232421875
3.102980254E9	52.785054202950064
3.102981659E9	58.46092184368737
3.1029830635E9	0.0
3.1029844675E9	40.84880110401932
3.1029858705E9	24.868509615384614
3.1029872725E9	55.574771689497716
3.1029886745E9	56.81880108991825
3.1029900765E9	10.664634146341463
3.1029914775E9	0.9858356940509915
3.1029928765E9	59.68334098210188
3.1029942735E9	50.057632398753896
3.102995669E9	0.0
3.1029970635E9	59.22405037578712
3.102998457E9	0.0
3.102999849E9	0.0
3.103001239E9	7.61763085399449
3.103002628E9	52.81509526135809
3.1030040165E9	57.45724815724816
3.103005404E9	0.0
3.1030067895E9	51.942914371557336
3.103008172E9	0.0
3.103009553E9	55.30054644808743
3.103010933E9	56.87737097485664
3.103012311E9	0.0
3.1030136875E9	0.0
3.1030150635E9	59.23728813559322
3.103016439E9	0.0
3.1030178135E9	54.047848003101976
3.1030191865E9	59.73447617273024
3.103020558E9	54.39225181598063
3.1030219285E9	0.0
3.1030232985E9	52.64776237623762
3.1030246665E9	0.0
3.103026031E9	0.0
3.1030273925E9	0.0
3.1030287505E9	0.0
3.103030106E9	51.84870848708487
3.103031461E9	0.0
3.1030328145E9	39.944093567251464
3.103034163E9	59.01856126631177
3.1030355075E9	0.0
3.1030368515E9	59.638312123241796
3.1030381945E9	60.0
3.1030395365E9	59.028671737858396
3.1030408755E9	58.89196675900277
3.1030422105E9	0.0
3.1030435445E9	0.0
3.103044878E9	21.911458333333332
3.1030462105E9	51.3106786011657
3.1030475405E9	55.8840080390468
3.1030488685E9	59.723207948899926
3.1030501965E9	59.59188631118669
3.103051524E9	58.63859301461481
3.10305285E9	58.895486935866984
3.1030541735E9	0.0
3.1030554945E9	35.82714243930974
3.103056814E9	0.0
3.1030581325E9	0.0
3.103059449E9	56.863013698630134
3.1030607635E9	0.0
3.103062077E9	44.41557492816442
3.10306339E9	58.61087866108787
3.1030647025E9	0.0
3.1030660135E9	32.94117647058823
3.103067323E9	54.14795918367347
3.103068632E9	56.51926016508713
3.10306994E9	59.97125748502994
3.103071247E9	52.90841333253831
3.103072553E9	0.0
3.1030738575E9	0.0
3.103075161E9	52.833381966734756
3.1030764635E9	50.744077030279996
3.1030777655E9	59.95540138751239
3.103079067E9	59.279854649562296
3.103080368E9	0.0
3.1030816685E9	42.13477628228447
3.103082968E9	59.23777579791415
3.103084266E9	0.0
3.103085562E9	15.7
3.1030868565E9	0.0
3.10308815E9	46.41548709408826
3.103089442E9	0.0
3.103090733E9	43.1380136217349
3.103092023E9	0.0
3.1030933115E9	0.0
3.1030945995E9	22.53260099220411
3.103095887E9	0.0
3.103097174E9	36.21856725146199
3.103098461E9	0.0
3.1030997475E9	0.0
3.103101032E9	0.0
3.103102314E9	52.34264972776769
3.103103593E9	0.0
3.1031048685E9	0.0
3.1031061405E9	0.0
3.103107409E9	59.37965690521573
3.1031086755E9	42.87319243604004
3.1031099385E9	0.0
3.103111198E9	23.01466275659824
3.1031124565E9	0.0
3.1031137145E9	0.0
3.1031149725E9	57.46885386512276
3.1031162295E9	15.209386281588447
3.103117485E9	0.0
3.1031187395E9	59.5606570354245
3.1031199935E9	0.0
3.103121247E9	0.0
3.1031224985E9	0.0
3.103123748E9	0.0
3.1031249965E9	0.0
3.1031262445E9	58.604651162790695
3.103127492E9	60.0
3.1031287365E9	58.8173455978975
3.1031299785E9	48.32599510784968
3.10313122E9	57.73431003761631
3.103132461E9	0.0
3.103133702E9	59.68031968031968
3.103134942E9	56.22830089426618
3.1031361805E9	0.0
3.103137418E9	59.04578313253012
3.1031386545E9	0.0
3.10313989E9	0.0
3.1031411245E9	0.0
3.1031423585E9	0.0
3.1031435925E9	48.9384703852789
3.103144826E9	46.95438268721781
3.1031460585E9	41.009756097560974
3.1031472905E9	45.20656584286241
3.103148522E9	0.0
3.1031497525E9	32.00677200902935
3.1031509815E9	21.035714285714285
3.103152209E9	59.943598420755784
3.103153436E9	53.460666606934865
3.1031546625E9	58.78436096813054
3.1031558875E9	0.0
3.1031571115E9	0.0
3.1031583335E9	0.0
3.1031595535E9	0.0
3.103160773E9	0.0
3.103161991E9	29.026156941649898
3.1031632075E9	59.93316004455997
3.103164423E9	0.0
3.1031656375E9	43.91415892386632
3.1031668515E9	55.89371538045063
3.1031680655E9	53.74640331626433
3.103169279E9	0.0
3.1031704915E9	55.65830030823426
3.103171702E9	55.866069891547596
3.1031729105E9	53.698106591865354
3.103174118E9	9.6875
3.103175325E9	45.13018921208698
3.103176532E9	58.7488908606921
3.1031777385E9	0.0
3.1031789445E9	0.0
3.10318015E9	0.0
3.103181355E9	58.09808102345416
3.1031825595E9	39.588322612568035
3.1031837635E9	0.0
3.1031849675E9	0.0
3.103186171E9	43.734583688547886
3.103187373E9	44.75774483677548
3.103188574E9	0.0
3.1031897745E9	0.0
3.1031909745E9	0.0
3.103192174E9	59.2981212336051
3.1031933725E9	0.0
3.10319457E9	0.0
3.1031957665E9	0.0
3.103196962E9	0.0
3.1031981565E9	58.354769560557344
3.1031993505E9	0.0
3.103200543E9	59.87539420044612
3.103201733E9	35.20913597733711
3.1032029205E9	0.0
3.1032041065E9	0.0
3.1032052915E9	53.31132075471698
3.103206475E9	58.68387096774194
3.103207658E9	59.37427578215527
3.1032088405E9	0.0
3.103210022E9	0.0
3.103211203E9	0.9463532248342374
3.103212384E9	55.003460207612456
3.103213565E9	0.0
3.103214745E9	0.0
3.1032159235E9	0.0
3.1032171015E9	0.0
3.103218279E9	0.0
3.103219456E9	0.0
3.10322063E9	0.0
3.103221801E9	43.67000476871721
3.103222972E9	59.05835010060362
3.1032241425E9	0.0
3.1032253125E9	55.90041249263406
3.103226481E9	0.0
3.103227648E9	36.79990605918272
3.103228815E9	0.0
3.103229981E9	0.0
3.103231146E9	0.0
3.1032323095E9	11.977294228949859
3.103233469E9	59.290576854174134
3.1032346255E9	0.0
3.1032357815E9	43.252770347726404
3.1032369365E9	58.9079244148163
3.1032380905E9	8.05763688760807
3.103239243E9	0.0
3.103240394E9	0.0
3.1032415445E9	42.32213145191236
3.1032426945E9	59.92490613266583
3.103243843E9	54.00441338727473
3.10324499E9	29.832280701754385
3.1032461365E9	59.438202247191015
3.1032472815E9	52.657314934817414
3.1032484255E9	41.65757997218359
3.103249569E9	0.0
3.1032507115E9	59.910913140311806
3.103251853E9	0.0
3.103252994E9	50.79550735863672
3.1032541345E9	0.0
3.1032552735E9	53.354235423542356
3.1032564095E9	43.76868829337094
3.1032575435E9	58.66143662662417
3.1032586765E9	59.51954780970325
3.103259808E9	59.22
3.103260939E9	50.43474842767296
3.1032620695E9	0.0
3.103263198E9	0.0
3.1032643245E9	39.6638783269962
3.1032654495E9	59.38615585546365
3.1032665725E9	0.0
3.1032676945E9	0.0
3.103268816E9	49.48640743289745
3.103269936E9	58.36188436830835
3.103271055E9	0.0
3.103272174E9	59.56204379562044
3.103273293E9	55.06666666666667
3.1032744115E9	57.81021897810219
3.1032755285E9	0.0
3.1032766445E9	37.739715189873415
3.10327776E9	0.0
3.103278875E9	0.0
3.10327999E9	58.659003051881996
3.1032811045E9	0.0
3.103282218E9	60.0
3.103283331E9	59.32251235003529
3.1032844425E9	59.12408759124087
3.1032855525E9	59.719261762412266
3.103286662E9	59.360827880079135
3.1032877705E9	53.298687089715536
3.103288878E9	59.44945848375451
3.103289985E9	0.0
3.103291092E9	0.0
3.103292199E9	38.72331310246341
3.1032933055E9	0.0
3.10329441E9	45.63128834355828
3.103295513E9	44.097016678412025
3.103296616E9	57.97477219034762
3.1032977175E9	50.62619961612284
3.103298817E9	0.0
3.1032999155E9	54.258478119483414
3.103301013E9	0.0
3.1033021095E9	15.487894015532207
3.1033032055E9	29.36501079913607
3.1033043005E9	12.630681818181818
3.103305394E9	0.0
3.1033064855E9	50.40983606557377
3.1033075745E9	59.18740157480315
3.103308662E9	0.0
3.1033097485E9	0.0
3.103310834E9	0.0
3.1033119185E9	0.0
3.1033130025E9	39.119124797406805
3.1033140865E9	0.0
3.1033151705E9	57.93103448275862
3.103316254E9	0.0
3.103317337E9	57.912254160363084
3.1033184195E9	0.0
3.1033195015E9	53.92154340836013
3.103320583E9	0.0
3.103321664E9	51.465095793878
3.103322744E9	0.0
3.1033238215E9	48.110915492957744
3.1033248965E9	59.52488687782805
3.10332597E9	30.066457680250785
3.103327043E9	0.0
3.103328115E9	59.282448118185016
3.103329185E9	0.0
3.103330253E9	0.0
3.10333132E9	0.0
3.103332387E9	55.83892617449664
3.1033334535E9	46.90553925165077
3.103334519E9	36.51269487750557
3.103335584E9	0.0
3.103336649E9	56.927618069815196
3.103337714E9	0.0
3.103338779E9	0.0
3.1033398435E9	57.043264092197596
3.1033409075E9	16.03401049988587
3.1033419715E9	0.0
3.103343035E9	0.0
3.1033440975E9	0.0
3.1033451595E9	44.209893666204344
3.1033462215E9	51.57422295372539
3.103347283E9	57.36743241528113
3.1033483435E9	49.351797862001945
3.103349402E9	0.0
3.103350459E9	0.0
3.1033515155E9	48.95543054954565
3.103352571E9	0.0
3.103353626E9	0.0
3.103354681E9	52.98196362538676
3.103355736E9	35.26968222158603
3.1033567905E9	0.0
3.103357843E9	50.76193771626298
3.1033588935E9	54.8870529651426
3.1033599435E9	0.0
3.103360993E9	0.0
3.1033620415E9	45.05593402653281
3.103363089E9	0.0
3.1033641355E9	0.0
3.1033651815E9	0.0
3.1033662275E9	43.15001030290542
3.103367273E9	59.76689976689977
3.103368318E9	0.0
3.103369363E9	49.27265995260664
3.1033704075E9	0.0
3.1033714505E9	0.0
3.103372492E9	0.0
3.103373532E9	0.0
3.103374571E9	34.636048526863085
3.1033756095E9	0.0
3.1033766465E9	0.0
3.1033776825E9	0.0
3.103378718E9	47.757977122215536
3.103379753E9	0.9918300653594772
3.103380787E9	0.0
3.1033818195E9	39.10508140108535
3.103382851E9	0.0
3.103383882E9	45.79011194029851
3.103384913E9	15.0
3.103385942E9	25.364936753753398
3.103386969E9	0.0
3.1033879955E9	0.0
3.1033890215E9	0.0
3.1033900465E9	0.0
3.1033910705E9	0.0
3.1033920935E9	51.83715596330275
3.1033931155E9	59.36842105263158
3.103394137E9	38.82743837084673
3.1033951575E9	0.0
3.103396177E9	0.0
3.1033971955E9	0.0
3.1033982135E9	52.88732665639445
3.1033992315E9	59.947757945145845
3.1034002485E9	0.0
3.1034012615E9	59.93827160493827
3.1034022715E9	59.81480422977994
3.103403281E9	57.833086053412465
3.1034042895E9	0.0
3.103405297E9	0.0
3.1034063035E9	0.0
3.103407309E9	59.7678916827853
3.103408314E9	0.0
3.1034093185E9	0.0
3.1034103225E9	0.0
3.103411326E9	0.0
3.103412329E9	58.35443037974684
3.103413332E9	59.80662174040434
3.103414335E9	58.40607210626186
3.1034153375E9	48.95123859191656
3.1034163395E9	0.0
3.1034173405E9	57.94561933534743
3.1034183405E9	51.09653916211293
3.1034230195E9	0.0
3.1034311645E9	56.4204140958709
3.1034385535E9	42.69142812081066
3.103444272E9	42.93419058073284
3.103448588E9	0.0
3.103452529E9	10.523483365949119
3.1034563265E9	59.17960437049204
3.103460075E9	46.02955292862857
3.1034637975E9	59.809471667122914
3.103467461E9	52.85298942637753
3.103471038E9	55.88773618937443
3.1034745565E9	46.25851913371239
3.10347799E9	50.62265623929985
3.1034813295E9	56.96357474515664
3.103484605E9	57.95726015237813
3.1034878305E9	45.5119503945885
3.1034910465E9	54.16625567291859
3.1034942485E9	59.01948650263971
3.1034973905E9	57.39429062030479
3.10350048E9	58.20579576145405
3.1035035475E9	58.30037899588596
3.103506574E9	58.5
3.1035095785E9	57.51323517894902
3.10351256E9	54.56274424663482
3.1035155065E9	53.663065809530124
3.10351844E9	52.53774171002563
3.10352132E9	29.65671641791045
3.1035241305E9	57.90643652201968
3.103526902E9	0.0
3.103529649E9	37.41896267681645
3.103532388E9	44.20687178920621
3.1035351035E9	58.102799685611295
3.103537785E9	29.697674418604652
3.1035404345E9	47.69801182160129
3.1035429975E9	59.065714285714286
3.103545488E9	18.004994856555037
3.1035479665E9	54.5198281747838
3.1035504075E9	58.35366511097762
3.103552812E9	37.88844621513944
3.1035551875E9	58.41157778391821
3.103557535E9	56.96445533935958
3.1035598595E9	28.436126590263903
3.1035621585E9	40.17034098945362
3.103564445E9	47.081447963800905
3.103566722E9	54.631622467662865
3.103568983E9	42.14517331345509
3.103571211E9	58.33989809561667
3.1035734005E9	54.1268216080402
3.103575568E9	0.0
3.103577725E9	0.0
3.103579877E9	55.99320305862362
3.103582016E9	59.083191850594226
3.1035841385E9	39.8125
3.103586253E9	41.06795511221945
3.1035883585E9	48.394222142472636
3.1035904405E9	58.73012439156301
3.1035925065E9	49.459156254198575
3.103594569E9	35.61660649819495
3.103596622E9	49.669198480911454
3.1035986655E9	58.75856747894297
3.1036007005E9	23.585389547309113
3.1036027275E9	30.39358372456964
3.10360474E9	0.0
3.1036067365E9	42.04946996466431
3.103608723E9	0.0
3.103610703E9	0.0
3.103612671E9	55.66510067114094
3.103614626E9	59.02893309222423
3.1036165745E9	46.936630602782074
3.1036185145E9	53.94794765020821
3.1036204485E9	49.43703786690567
3.1036223555E9	51.01918111398008
3.1036242355E9	41.60618878462454
3.1036261095E9	19.555029585798817
3.103627955E9	0.9649122807017544
3.103629772E9	14.02415458937198
3.103631583E9	2.2606310013717423
3.1036333895E9	50.02623499860452
3.10363519E9	59.04432930339666
3.103636984E9	0.0
3.10363877E9	39.26075504828797
3.1036405435E9	58.14310051107326
3.1036423085E9	0.0
3.103644062E9	0.0
3.103645804E9	51.89374895257248
3.103647529E9	48.8348882620959
3.1036492365E9	57.81818181818182
3.10365094E9	42.52381790965924
3.103652635E9	57.13036155400853
3.1036543025E9	0.0
3.103655946E9	57.81734086704335
3.103657586E9	0.0
3.1036592235E9	57.43974626701628
3.1036608575E9	0.9005847953216374
3.103662488E9	25.50078165711308
3.103664114E9	0.0
3.1036657365E9	51.143359040274206
3.1036673585E9	54.15090423954936
3.103668979E9	58.566094100074686
3.1036705915E9	13.0
3.103672191E9	0.0
3.1036737835E9	53.772655781905335
3.1036753585E9	0.0
3.10367691E9	55.44733637747336
3.1036784535E9	38.636107193229904
3.1036799945E9	42.57691344628996
3.103681529E9	57.45566828407587
3.1036830525E9	51.571720414417044
3.103684569E9	0.0
3.103686083E9	0.0
3.103687593E9	50.67067669172933
3.1036890985E9	59.28162344983089
3.1036906E9	41.16366880799429
3.103692097E9	56.20156950672646
3.103693592E9	0.0
3.1036950855E9	43.24050632911393
3.1036965775E9	56.20498987359453
3.103698068E9	27.0
3.103699555E9	24.541424802110818
3.103701039E9	45.18920402561756
3.103702517E9	0.0
3.1037039885E9	0.0
3.103705455E9	59.672994261974786
3.1037069165E9	36.89755213055304
3.1037083755E9	0.0
3.1037098325E9	15.36397400185701
3.103711287E9	0.0
3.103712735E9	53.041180356749614
3.103714177E9	0.0
3.1037156105E9	0.0
3.103717036E9	30.037404397705544
3.1037184575E9	56.25030425963489
3.103719873E9	0.0
3.103721286E9	0.0
3.1037226985E9	0.0
3.103724108E9	0.0
3.1037255145E9	58.102248394004285
3.1037269155E9	55.56099369670004
3.1037283085E9	58.262606090863706
3.1037296945E9	39.03469673717222
3.1037310735E9	44.77828054298642
3.103732449E9	15.98443579766537
3.103733822E9	53.717631164152216
3.103735191E9	0.0
3.1037365565E9	51.37373737373738
3.1037379165E9	9.7138406764575
3.103739272E9	0.0
3.1037406255E9	46.2445800430725
3.1037419765E9	0.0
3.1037433245E9	48.07317610756006
3.10374467E9	41.04399141630901
3.1037460125E9	41.53329994992489
3.1037473475E9	17.303797468354432
3.103748677E9	0.0
3.1037500035E9	1.0
3.1037513235E9	53.92461421705034
3.103752635E9	45.39857482185273
3.1037539405E9	49.79559570863918
3.1037552445E9	56.19830866807611
3.103756548E9	0.0
3.10375785E9	0.0
3.1037591505E9	55.75353171911405
3.103760449E9	6.030413625304136
3.1037617455E9	0.0
3.1037630385E9	56.55973203410475
3.1037643255E9	0.0
3.1037656085E9	8.0
3.10376689E9	52.32006275740341
3.1037681705E9	0.9644970414201184
3.10376945E9	0.0
3.1037707255E9	47.82374541003672
3.103771995E9	11.758426966292134
3.103773262E9	0.0
3.1037745285E9	0.0
3.1037757935E9	0.9830508474576272
3.1037770575E9	5.815950920245399
3.1037783215E9	0.0
3.103779585E9	0.0
3.103780841E9	45.51313131313131
3.1037820855E9	0.0
3.103783325E9	43.26247015956778
3.103784562E9	54.223480333730635
3.103785797E9	56.92087656050755
3.103787031E9	0.0
3.1037882635E9	58.678629690048936
3.1037894945E9	58.18493150684932
3.1037907225E9	6.07200647249191
3.103791947E9	0.0
3.1037931655E9	45.10081190798376
3.103794379E9	28.921511627906977
3.103795591E9	44.74128898128898
3.103796801E9	3.0
3.1037980065E9	0.0
3.103799207E9	57.61853705027401
3.103800405E9	18.366797044763146
3.1038016E9	37.45161290322581
3.103802792E9	0.0
3.103803981E9	0.0
3.1038051675E9	22.43572395128552
3.1038063525E9	0.0
3.1038075365E9	0.0
3.1038087195E9	1.9742489270386265
3.1038099E9	0.0
3.103811076E9	0.0
3.103812247E9	49.337310195227765
3.103813415E9	27.751558910403677
3.1038145815E9	22.28589613034623
3.103815747E9	0.0
3.1038169115E9	0.0
3.103818075E9	0.0
3.1038192355E9	54.381861305624575
3.1038203935E9	0.0
3.103821551E9	0.0
3.103822708E9	28.0
3.103823865E9	52.98488994646044
3.103825021E9	0.0
3.1038261755E9	6.351888667992048
3.103827327E9	0.0
3.1038284755E9	0.0
3.1038296235E9	29.723473282442747
3.1038307705E9	1.0
3.1038319155E9	58.69879518072289
3.1038330575E9	19.892884468247896
3.1038341955E9	0.0
3.1038353305E9	0.0
3.103836464E9	48.615596790371114
3.103837595E9	43.82013081395349
3.103838723E9	31.01284403669725
3.10383985E9	0.0
3.1038409725E9	46.11406075311021
3.1038420865E9	59.256198347107436
3.1038431935E9	28.76831345826235
3.1038442975E9	52.4210305383566
3.1038454E9	58.547144636185735
3.1038464995E9	18.0
3.1038475965E9	0.0
3.1038486915E9	0.0
3.103849784E9	26.079607415485277
3.103850874E9	0.0
3.1038519615E9	0.0
3.103853047E9	24.391616766467067
3.1038541315E9	53.27750785938839
3.103855215E9	54.333026678932846
3.103856298E9	37.23904555314534
3.103857379E9	54.665499124343256
3.1038584565E9	0.0
3.103859529E9	19.791666666666668
3.1038605975E9	0.0
3.103861665E9	35.9626218851571
3.103862732E9	0.0
3.103863799E9	54.529513888888886
3.103864864E9	0.0
3.1038659265E9	23.839479392624728
3.103866987E9	30.025707683419988
3.1038680455E9	43.63664448669201
3.1038691035E9	59.91084695393759
3.10387016E9	0.0
3.1038712145E9	0.668141592920354
3.1038722685E9	39.0
3.103873322E9	0.0
3.103874375E9	0.0
3.1038754275E9	54.075775577557756
3.103876479E9	0.0
3.103877529E9	13.895522388059701
3.103878577E9	0.0
3.1038796225E9	0.0
3.103880666E9	50.01081081081081
3.103881709E9	53.00610094287299
3.1038827515E9	4.9804305283757335
3.1038837935E9	0.0
3.103884835E9	0.0
3.1038858755E9	48.73048327137546
3.103886915E9	54.83001531393568
3.1038879535E9	0.0
3.103888991E9	1.0
3.103890028E9	6.888
3.103891064E9	40.747757847533634
3.103892095E9	46.1790780141844
3.103893119E9	0.0
3.10389414E9	57.23343522624532
3.10389516E9	39.8749588680487
3.103896179E9	52.471698113207545
3.1038971965E9	58.94428152492669
3.1038982115E9	0.0
3.103899225E9	0.0
3.103900236E9	0.0
3.1039012445E9	0.0
3.103902252E9	0.0
3.1039032575E9	0.0
3.1039042615E9	0.0
3.103905265E9	55.22937542562506
3.103906267E9	12.503184713375797
3.1039072675E9	0.0
3.1039082675E9	57.707336523125996
3.1039092675E9	0.0
3.103918732E9	58.297955659462545
3.103932571E9	0.0
3.103941472E9	59.79347871936559
3.1039494115E9	59.410035978034465
3.1039572085E9	0.0
3.103963938E9	46.08484718957042
3.1039695055E9	58.328076399064294
3.103974766E9	0.0
3.1039797995E9	0.0
3.103984567E9	56.70595020832616
3.1039891115E9	0.0
3.1039934845E9	0.0
3.103997683E9	59.703770197486534
3.104001684E9	56.0654095462581
3.104005458E9	48.84905685762721
3.104009178E9	0.0
3.1040128475E9	0.0
3.104016433E9	59.63328
3.104019926E9	59.69545827954465
3.104023359E9	0.0
3.104026758E9	0.0
3.1040301305E9	59.55174927113703
3.104033452E9	0.0
3.104036731E9	18.60304216200251
3.1040399985E9	0.0
3.104043259E9	59.15625
3.1040464995E9	0.0
3.104049674E9	58.939149197468744
3.1040527925E9	0.0
3.1040558995E9	0.0
3.104058987E9	0.0
3.104062054E9	59.1842853450504
3.104065115E9	58.90119828170925
3.1040681395E9	59.772507126449504
3.1040711275E9	53.1922110230566
3.1040740845E9	0.0
3.1040770095E9	55.53719008264463
3.104079908E9	59.93019873969946
3.104082775E9	59.790799611378475
3.1040856295E9	59.70767731678548
3.104088461E9	52.339775977121064
3.10409126E9	59.2732405047292
3.1040940205E9	0.0
3.1040967325E9	59.58948244815769
3.1040994055E9	57.115806392777344
3.104102056E9	0.0
3.1041046865E9	0.0
3.104107298E9	59.432097690516095
3.104109892E9	51.00322686862035
3.1041124505E9	0.0
3.1041149735E9	0.0
3.1041174795E9	0.0
3.10411997E9	0.0
3.1041224495E9	0.9608610567514677
3.104124925E9	0.0
3.104127395E9	57.94679124384289
3.1041298495E9	44.817901687454146
3.1041322855E9	0.0
3.104134709E9	0.0
3.1041371215E9	47.83516018252811
3.104139523E9	33.8047353073014
3.1041418965E9	55.80074182171957
3.104144241E9	16.147150021929555
3.1041465705E9	51.76857598865047
3.104148885E9	53.690489634589014
3.1041511915E9	0.0
3.1041534905E9	59.232318787901974
3.104155772E9	0.0
3.10415804E9	59.16091273755507
3.1041603025E9	0.0
3.1041625525E9	58.98812227074236
3.1041647915E9	55.86358419413018
3.1041670245E9	57.14213006597549
3.104169246E9	0.0
3.104171456E9	0.0
3.104173654E9	18.609496296181863
3.104175845E9	52.15711119949997
3.1041780355E9	0.0
3.1041802225E9	59.55111201795552
3.1041823975E9	39.23144777475023
3.104184563E9	40.50716390404925
3.1041867265E9	0.0
3.1041888805E9	54.20348837209303
3.1041910115E9	58.82473586078309
3.1041931255E9	0.0
3.1041952355E9	0.0
3.1041973425E9	38.75663105299527
3.1041994485E9	59.671597633136095
3.1042015545E9	44.65241177470673
3.104203656E9	0.0
3.104205745E9	59.80146537461593
3.1042078145E9	59.702114363087176
3.104209871E9	54.67574677528852
3.1042119255E9	58.65904365904366
3.104213971E9	59.67842786958464
3.1042160055E9	0.0
3.1042180375E9	50.52791721585014
3.1042200635E9	0.0
3.1042220825E9	0.0
3.1042240985E9	40.05993084902036
3.104226106E9	0.0
3.104228107E9	49.825300563889776
3.104230103E9	0.0
3.1042320935E9	0.0
3.10423408E9	13.683835182250396
3.104236062E9	58.715983363042184
3.104238043E9	0.0
3.104240023E9	41.57452966714906
3.104241994E9	57.25651799181211
3.1042439415E9	0.0
3.104245872E9	59.40902021772939
3.104247777E9	59.430334678376454
3.1042496545E9	59.696441032798326
3.104251516E9	0.0
3.104253365E9	56.05269230769231
3.104255206E9	59.254131939539484
3.1042570385E9	54.564572834876365
3.1042588675E9	51.1771872856803
3.1042606875E9	24.75892097350655
3.1042625015E9	58.444888335843864
3.104264304E9	56.83607162636145
3.104266094E9	0.0
3.1042678815E9	0.0
3.1042696635E9	0.0
3.1042714405E9	23.58688988446121
3.1042732095E9	58.876755070202805
3.1042749695E9	0.0
3.104276727E9	0.0
3.1042784825E9	0.0
3.1042802355E9	57.73213603362629
3.104281987E9	43.885990630194954
3.104283737E9	0.0
3.1042854805E9	0.0
3.104287214E9	32.41533829560428
3.1042889415E9	56.056590025906736
3.1042906625E9	59.108830677828784
3.1042923765E9	59.99325918436131
3.104294088E9	37.617298971352724
3.104295795E9	0.0
3.1042974975E9	54.27602644933108
3.104299198E9	0.9208333333333333
3.1043008905E9	46.21417255666585
3.1043025755E9	31.723985640734966
3.1043042575E9	59.71683272155217
3.1043059365E9	59.94033808418959
3.1043076145E9	0.0
3.104309292E9	59.519566667975035
3.1043109685E9	58.88741721854305
3.1043126425E9	39.23817698328431
3.104314313E9	0.0
3.1043159815E9	56.95038029699384
3.104317647E9	24.66296038915914
3.1043193085E9	0.0
3.1043209685E9	53.49102865194927
3.1043226275E9	59.76076165676621
3.1043242845E9	0.0
3.1043259405E9	47.1237322515213
3.1043275945E9	0.0
3.104329244E9	0.0
3.10433089E9	0.0
3.104332533E9	0.0
3.1043341725E9	51.29494382022472
3.104335808E9	59.82729352719758
3.1043374375E9	50.865671641791046
3.1043390575E9	60.0
3.1043406705E9	0.0
3.104342279E9	0.0
3.104343883E9	40.91239103610238
3.104345484E9	0.0
3.104347078E9	0.0
3.1043486665E9	57.589442815249264
3.104350253E9	0.0
3.1043518375E9	59.27450148493848
3.1043534215E9	53.79721868157009
3.1043550035E9	0.0
3.1043565795E9	0.0
3.1043581505E9	52.91381656804734
3.10435972E9	59.197826086956525
3.1043612885E9	55.54497803698645
3.104362856E9	0.0
3.104364422E9	55.6344995698308
3.104365984E9	34.737115544472154
3.104367543E9	45.779296875
3.1043691005E9	0.0
3.1043706555E9	38.49127182044888
3.104372207E9	0.0
3.1043737525E9	0.0
3.104375294E9	59.85230769230769
3.1043768335E9	0.9413793103448276
3.104378371E9	47.62773746379877
3.104379907E9	0.0
3.1043814395E9	59.725400457665906
3.1043829685E9	0.0
3.1043844935E9	59.3798955613577
3.1043860115E9	3.8563734290843805
3.104387523E9	0.0
3.104389031E9	49.53385518590998
3.1043905345E9	35.155270788513704
3.104392034E9	0.0
3.104393533E9	0.0
3.104395031E9	58.84079532814238
3.1043965275E9	0.0
3.1043980195E9	59.33977126073606
3.1043995065E9	0.0
3.104400992E9	0.0
3.104402475E9	0.0
3.104403955E9	58.841935955549054
3.1044054305E9	58.469470827679785
3.1044069025E9	49.91253224747798
3.1044083735E9	49.81600660066007
3.1044098415E9	57.261385658914726
3.104411307E9	0.0
3.10441277E9	0.0
3.1044142295E9	59.94755244755245
3.104415687E9	25.42236174836996
3.1044171395E9	53.68418268383001
3.104418587E9	0.0
3.1044200325E9	11.828206341694274
3.104421476E9	58.5183337490646
3.104422919E9	0.0
3.1044243595E9	0.96875
3.1044257945E9	15.832761381834821
3.1044272255E9	0.9463753723932473
3.1044286555E9	0.0
3.104430085E9	0.0
3.104431514E9	0.0
3.104432943E9	57.26347809203288
3.1044343705E9	0.0
3.1044357965E9	0.0
3.1044372195E9	50.04850051084801
3.1044386375E9	43.40914060791603
3.1044400535E9	0.0
3.104441469E9	52.35813953488372
3.104442884E9	36.86108720349778
3.1044442985E9	0.0
3.104445712E9	0.0
3.1044471235E9	0.0
3.104448531E9	50.819966722129784
3.1044499345E9	58.84148885629893
3.1044513345E9	0.0
3.104452732E9	0.0
3.104454128E9	0.0
3.1044555215E9	0.0
3.1044569115E9	34.19635754657735
3.1044582985E9	0.0
3.1044596825E9	0.0
3.104461064E9	60.0
3.104462444E9	0.0
3.1044638215E9	51.213881019830026
3.1044651965E9	50.30898071860374
3.1044665705E9	42.2261643118786
3.104467944E9	0.0
3.104469317E9	0.0
3.1044706895E9	54.79912522274421
3.1044720605E9	0.0
3.104473429E9	3.925233644859813
3.104474795E9	0.0
3.1044761595E9	55.67900621118012
3.104477522E9	39.46348733233979
3.104478883E9	59.17741935483871
3.104480241E9	0.0
3.104481596E9	0.0
3.1044829505E9	0.0
3.104484304E9	46.66221073915974
3.104485655E9	13.90026714158504
3.104487002E9	0.0
3.1044883465E9	56.17042336338691
3.10448969E9	0.0
3.1044910305E9	0.0
3.1044923685E9	58.59
3.1044937065E9	0.0
3.1044950435E9	0.0
3.104496378E9	29.780877111421045
3.104497711E9	0.0
3.1044990435E9	0.0
3.1045003715E9	30.77523721195691
3.104501695E9	59.61626644141426
3.104503018E9	46.542702085118535
3.1045043395E9	58.37415621986499
3.1045056595E9	0.0
3.104506978E9	0.0
3.1045082945E9	0.0
3.1045096045E9	48.3918481113464
3.1045109085E9	0.0
3.104512212E9	45.6359102244389
3.1045135145E9	0.0
3.104514816E9	0.0
3.1045161165E9	59.23784494086728
3.1045174155E9	36.4809875854373
3.104518713E9	0.0
3.104520009E9	2.0
3.1045212985E9	0.0
3.104522582E9	37.763979008433516
3.104523865E9	1.9284768211920529
3.104525146E9	58.16462408673109
3.1045264245E9	0.0
3.104527699E9	35.588013178839816
3.10452897E9	20.944591029023748
3.1045302395E9	0.0
3.1045315055E9	49.47016599371916
3.104532769E9	57.331567796610166
3.1045340315E9	59.982253771073644
3.104535293E9	0.0
3.1045365535E9	59.56069702738322
3.104537813E9	0.0
3.104539072E9	0.0
3.1045403305E9	0.0
3.1045415875E9	52.91504311721495
3.104542842E9	0.0
3.1045440925E9	0.0
3.1045453405E9	0.0
3.1045465875E9	0.0
3.1045478335E9	0.0
3.1045490785E9	0.0
3.1045503195E9	53.62531223980017
3.1045515575E9	43.08211997670355
3.1045527945E9	59.764127764127764
3.1045540295E9	4.0
3.1045552635E9	0.0
3.104556496E9	26.85185185185185
3.104557727E9	0.0
3.1045589575E9	59.83512578765338
3.1045601875E9	0.0
3.1045614165E9	0.0
3.104562644E9	60.0
3.1045638685E9	0.0
3.1045650905E9	0.9485488126649076
3.104566312E9	0.0
3.104567533E9	0.0
3.1045687535E9	22.68141592920354
3.1045699725E9	0.9598540145985401
3.1045711905E9	59.23076923076923
3.1045724075E9	0.0
3.1045736235E9	5.982954545454546
3.1045748375E9	54.93474894934749
3.1045760485E9	0.0
3.104577258E9	0.0
3.1045784665E9	59.49953660797034
3.1045796745E9	0.0
3.1045808815E9	22.66176470588235
3.104582087E9	0.0
3.104583292E9	0.0
3.1045844955E9	0.0
3.1045856965E9	0.0
3.104586896E9	0.0
3.1045880945E9	52.24755754263951
3.1045892925E9	56.47595577461036
3.1045904905E9	11.943450408659157
3.104591687E9	59.64930924548353
3.1045928815E9	59.10519951632406
3.104594074E9	10.902654867256636
3.104595264E9	33.06189498386624
3.1045964525E9	54.92004200420042
3.1045976365E9	30.781882145998242
3.1045988165E9	58.95598771750256
3.104599996E9	0.0
3.1046011715E9	39.96344086021505
3.1046023415E9	0.0
3.1046035085E9	37.798689138576776
3.10460467E9	0.0
3.1046058265E9	58.59520737327189
3.1046069825E9	59.35299134884854
3.104608138E9	60.0
3.1046092925E9	0.0
3.1046104465E9	58.04216706698692
3.104611598E9	58.05828476269775
3.104612744E9	0.0
3.104613887E9	59.89547038327526
3.1046150285E9	0.0
3.104616167E9	43.31210191082803
3.104617303E9	0.0
3.104618438E9	33.91281763301979
3.104619573E9	0.0
3.104620704E9	50.12753807106599
3.104621831E9	58.215669124078474
3.1046229575E9	56.22624242424242
3.104624082E9	38.30071967527455
3.104625205E9	46.165072186467214
3.104626328E9	0.0
3.1046274505E9	38.11489008710079
3.1046285725E9	58.840260664804774
3.104629694E9	59.610027855153206
3.104630815E9	16.08774474256708
3.104631935E9	0.0
3.104633054E9	50.02288984263233
3.104634173E9	59.75814578434666
3.1046352915E9	49.29389312977099
3.104636408E9	0.0
3.1046375185E9	43.42749529190207
3.1046386245E9	53.42890784114053
3.1046397295E9	0.0
3.1046408325E9	0.0
3.104641934E9	58.31070021218551
3.1046430335E9	6.8054302103250475
3.1046441315E9	0.0
3.1046452285E9	22.496688741721854
3.1046463245E9	0.0
3.10464742E9	0.0
3.104648514E9	59.73053892215569
3.1046496055E9	3.0904275444570564
3.104650695E9	0.0
3.104651783E9	0.9683168316831683
3.10465287E9	0.0
3.104653956E9	59.936440677966104
3.104655041E9	59.61863082213192
3.104656126E9	0.9438877755511023
3.10465721E9	0.0
3.1046582915E9	48.784663212435234
3.1046593715E9	4.716748768472907
3.104660451E9	0.9368131868131868
3.10466153E9	0.0
3.104662609E9	59.44128297982411
3.104663686E9	27.16124743140336
3.1046647605E9	59.71084337349398
3.104665834E9	0.0
3.1046669055E9	12.901023890784982
3.1046679745E9	25.190916736753575
3.104669042E9	2.975476839237057
3.1046701085E9	0.0
3.1046711745E9	0.0
3.1046722405E9	49.03296015002344
3.104673305E9	38.21800947867298
3.104674368E9	27.24248203021857
3.104675431E9	25.188075386231215
3.1046764935E9	0.9422604422604423
3.1046775535E9	0.0
3.1046786105E9	59.20303605313093
3.1046796645E9	38.92909896602659
3.104680716E9	47.27773641102011
3.104681767E9	0.0
3.1046828175E9	0.0
3.1046838665E9	37.91164309031556
3.1046849135E9	0.0
3.1046859595E9	2.2682031864882686
3.104687005E9	0.0
3.104688049E9	0.0
3.1046890895E9	21.35750452079566
3.1046901265E9	58.87128712871287
3.104691162E9	50.60269445856635
3.104692197E9	59.802786038503676
3.104693232E9	50.34391388352194
3.104694266E9	59.55906669116296
3.1046952985E9	0.0
3.10469633E9	1.5336569579288026
3.1046973585E9	39.34539405281763
3.1046983845E9	59.888320148906466
3.1046994105E9	0.0
3.104700435E9	46.35504201680672
3.1047014575E9	56.31065555305249
3.1047024785E9	0.0
3.1047034985E9	0.0
3.1047045185E9	58.412098298676746
3.104705538E9	0.0
3.1047065565E9	53.53697120511909
3.1047075745E9	0.0
3.104708592E9	0.0
3.104709608E9	50.646408839779006
3.104710623E9	6.0
3.104711638E9	59.80487804878049
3.1047126525E9	0.0
3.1047136665E9	0.0
3.10471468E9	0.0
3.104715693E9	19.88447245112296
3.104716706E9	0.0
3.1047177185E9	59.669488109633214
3.10471873E9	0.9403726708074535
3.104719741E9	0.0
3.104720751E9	33.09225549683565
3.1047217595E9	0.0
3.1047227675E9	0.0
3.104723775E9	0.0
3.104724782E9	59.538784067085956
3.104725789E9	49.10670818001698
3.1047267955E9	0.0
3.104727801E9	0.0
3.104728805E9	0.0
3.104729807E9	51.28472658705217
3.1047308075E9	0.0
3.104740963E9	0.0
3.104756475E9	52.65883460103409
3.104767963E9	55.94853802180329
3.104778484E9	59.67544845789139
3.1047881575E9	48.673072301650265
3.1047976135E9	55.78857001446543
3.1048068795E9	49.66547985110859
3.1048160235E9	59.857302771297356
3.104824959E9	38.2649279812992
3.1048336895E9	51.863673298666555
3.1048423175E9	29.94095129710576
3.1048506295E9	57.73622622040243
3.104858538E9	57.29150477119742
3.10486621E9	28.367600616617928
3.104873738E9	0.0
3.104881204E9	55.29598450145484
3.1048886055E9	57.02962650792815
3.104895888E9	56.501426205192566
3.1049030315E9	52.688247525030675
3.1049100215E9	25.97343976536071
3.104916928E9	47.47005434154237
3.1049238165E9	52.35941713564027
3.104930685E9	51.064041070371054
3.1049375335E9	56.06426499438808
3.1049443175E9	7.727969864119467
3.1049510255E9	58.905402260755515
3.104957646E9	55.24929694644416
3.1049641205E9	39.88837875092779
3.104970491E9	30.354760031471283
3.104976811E9	58.04910334561951
3.1049830915E9	51.72179349060821
3.104989311E9	52.002130615407225
3.104995483E9	47.33159828003412
3.1050016285E9	57.47559716503433
3.105007741E9	56.68197717820198
3.105013843E9	56.81940547961559
3.105019839E9	59.69413698143377
3.1050257E9	43.50848814968265
3.105031511E9	46.27354504280441
3.1050372955E9	2.7295364891518736
3.105043063E9	0.0
3.1050488005E9	59.56916976698649
3.1050545125E9	59.592830559495596
3.1050601615E9	45.859556671676025
3.1050657395E9	57.81277008861894
3.1050713015E9	44.822339489885664
3.1050767895E9	22.237468106041202
3.105082186E9	38.99058716596982
3.1050875235E9	59.40570609186034
3.105092801E9	56.22620274708152
3.105098007E9	58.15079966719053
3.1051031505E9	57.55705362965936
3.1051082045E9	53.86653298439996
3.105113172E9	50.68958016097455
3.105118124E9	51.688157262961674
3.105123046E9	57.81682572435732
3.105127928E9	4.871424485125858
3.105132784E9	59.462308770901785
3.1051375455E9	57.120652986480145
3.105142205E9	58.16314653210389
3.1051468215E9	53.029720723005035
3.105151389E9	59.931701764371084
3.1051559265E9	56.66860953281542
3.105160444E9	59.26941018251681
3.105164943E9	58.30829186138859
3.1051694125E9	7.714285714285714
3.1051738415E9	45.84864789968363
3.105178253E9	40.73765828080549
3.1051826085E9	51.36875231395779
3.1051869095E9	56.88685472441709
3.105191198E9	58.56444089849024
3.105195423E9	0.0
3.105199594E9	47.51766069483718
3.1052037465E9	4.611054906649499
3.105207865E9	38.106745464778975
3.10521196E9	28.51109139307897
3.105216012E9	56.67988135435705
3.1052200195E9	13.3948772678762
3.105224006E9	48.95098271371063
3.1052278585E9	55.48442683865488
3.105231579E9	57.00618568687867
3.1052352765E9	50.419039504438636
3.1052389575E9	58.695518710102284
3.105242632E9	13.68956043956044
3.1052463045E9	59.70053557765876
3.105249957E9	57.42460164195807
3.10525359E9	58.34285735347236
3.105257213E9	16.386489122760803
3.105260822E9	15.350070335601298
3.1052644205E9	57.31310461426726
3.1052680095E9	50.470995885282925
3.1052715945E9	0.9923142613151152
3.105275175E9	57.35105290190036
3.105278732E9	58.16146861429135
3.1052822555E9	39.190319470762276
3.105285765E9	56.11629662242908
3.1052892635E9	50.88787680710362
3.105292744E9	0.0
3.105296203E9	0.0
3.105299639E9	57.2419889757251
3.10530305E9	53.692440792494914
3.105306431E9	59.17404340278969
3.105309783E9	53.33253708988082
3.1053131135E9	57.98653113087675
3.105316433E9	46.67564950918489
3.105319747E9	53.31918309859155
3.105323045E9	50.792466240227434
3.1053263115E9	0.9802631578947368
3.10532956E9	0.0
3.105332802E9	57.834383107876576
3.105336038E9	0.0
3.1053392555E9	58.68228870141297
3.105342453E9	58.74969363610181
3.105345638E9	18.778091054221804
3.1053488045E9	58.71729401599575
3.105351955E9	45.12948048742584
3.105355096E9	56.766166991641725
3.1053582345E9	56.56348590298517
3.1053613715E9	0.0
3.1053645055E9	0.0
3.1053676375E9	51.01043571812803
3.105370751E9	50.19755430654717
3.1053738455E9	56.70093202774986
3.105376939E9	56.350368074836126
3.105380015E9	8.128161888701518
3.105383037E9	55.41501103752759
3.105386017E9	0.98762286130324
3.105388988E9	44.610021733291006
3.105391952E9	16.504299363057324
3.10539491E9	55.67365948151507
3.105397855E9	50.467984662323744
3.105400789E9	31.19111859100994
3.10540371E9	40.844299268937625
3.1054066165E9	53.66713821259276
3.1054095145E9	57.008612966281156
3.1054124035E9	34.05126158079418
3.105415289E9	14.828779599271403
3.1054181705E9	7.935828877005347
3.105421047E9	33.59590945194599
3.105423915E9	59.45582055570391
3.1054267735E9	37.17167725743579
3.1054296205E9	39.95266427969671
3.10543244E9	52.2962797816315
3.105435239E9	52.658128418572126
3.1054380315E9	55.403602912993485
3.105440812E9	56.16405915130733
3.105443576E9	57.69399104579494
3.1054463305E9	11.391462401329456
3.105449079E9	59.84098796592599
3.105451813E9	41.05844102122872
3.1054545365E9	56.035882740086656
3.1054572385E9	52.30697834307322
3.105459914E9	5.2680695333943275
3.10546258E9	31.275932811025044
3.1054652375E9	24.570377432287085
3.105467887E9	58.929041697147035
3.105470528E9	57.13153219383692
3.105473162E9	1.0
3.105475793E9	42.25387062022264
3.1054784135E9	39.908935146915155
3.105481019E9	55.2886506838789
3.1054836015E9	56.93250129822122
3.1054861625E9	23.780482096887432
3.105488716E9	57.96143157323934
3.105491267E9	27.567999713578775
3.1054938115E9	54.37786179374081
3.1054963495E9	55.40006775067751
3.105498881E9	58.92413793103448
3.1055013925E9	17.337834846136815
3.1055038895E9	0.0
3.105506379E9	48.73271625163827
3.105508858E9	51.09046129948699
3.10551133E9	59.22216782013789
3.105513792E9	45.7071157286795
3.1055162415E9	0.0
3.105518682E9	58.4405649326447
3.105521118E9	56.60729806012275
3.105523549E9	49.83670241286863
3.105525972E9	59.98304486047333
3.105528388E9	40.63991240875912
3.1055308005E9	36.971659030426075
3.1055332065E9	52.8341328793975
3.105535606E9	51.60494665007729
3.1055380035E9	44.76704198519894
3.105540398E9	33.22742828384499
3.1055427875E9	59.13571349862259
3.1055451725E9	15.737858442010758
3.1055475555E9	53.71136523850552
3.1055499375E9	30.569342096527915
3.105552312E9	0.968609865470852
3.1055546785E9	19.844559585492227
3.1055570425E9	48.14203308022838
3.105559404E9	56.41389806025588
3.105561761E9	49.96676775212425
3.105564112E9	23.471598788686638
3.1055664605E9	59.03598655239358
3.1055688045E9	38.59740092363871
3.105571144E9	34.725051975051976
3.1055734815E9	40.612919071595236
3.105575816E9	43.3283147158815
3.1055781475E9	0.0
3.105580476E9	36.927916206697155
3.1055827985E9	54.82443611411144
3.105585104E9	48.98851040821844
3.1055873965E9	58.906997169903384
3.105589686E9	50.69300899673392
3.1055919665E9	42.57042420787611
3.1055942405E9	31.025957972805934
3.105596511E9	59.7529310837861
3.1055987745E9	40.36293641311563
3.105601033E9	41.59026598754952
3.1056032815E9	57.69663859282999
3.105605521E9	48.87518105988712
3.1056077565E9	31.561716875499865
3.1056099875E9	50.59792612334985
3.1056122175E9	18.0
3.1056144435E9	18.95662100456621
3.1056166625E9	0.0
3.1056188775E9	22.689530090684254
3.1056210895E9	14.633663366336634
3.105623296E9	35.44019138755981
3.105625496E9	48.38505159905998
3.1056276925E9	48.04803326482818
3.1056298885E9	58.08544103435636
3.105632076E9	41.406206518531015
3.1056342545E9	48.31949551641829
3.1056364325E9	23.07881361499824
3.1056386075E9	0.967391304347826
3.1056407785E9	54.54984976287876
3.105642947E9	54.72610151151388
3.105645114E9	0.0
3.105647276E9	50.50927312932449
3.105649431E9	0.0
3.105651583E9	0.0
3.105653732E9	46.45324279527348
3.105655878E9	44.78450541067443
3.1056580215E9	43.418201997780244
3.1056601635E9	49.604740406320545
3.1056623025E9	19.25482419745607
3.1056644355E9	29.239709692270196
3.1056665645E9	54.217182175408844
3.1056686915E9	59.50102037402563
3.1056708175E9	0.0
3.10567294E9	55.49130621189025
3.105675053E9	36.85419176102144
3.105677152E9	57.19952635515054
3.105679241E9	39.017822819989156
3.1056813275E9	17.70989791547687
3.105683412E9	57.26918188936957
3.105685491E9	26.83097312999274
3.105687566E9	47.058543175592
3.1056896395E9	36.59748502708249
3.1056917095E9	34.26306104289019
3.105693777E9	0.0
3.105695838E9	0.0
3.105697891E9	53.399163797343824
3.1056999415E9	51.73835892718137
3.105701983E9	48.45493669165779
3.1057040115E9	49.38735673049249
3.1057060315E9	15.123743825583375
3.105708045E9	27.35435208930457
3.105710055E9	33.537763802382536
3.105712061E9	47.00197477759312
3.105714063E9	17.805566012368917
