#Position (bp)	mapping quality
3882144.5	55.01760515147527
1.16464325E7	57.0628125498444
1.94107205E7	57.393639714330654
2.71750085E7	58.35120705569046
3.49392965E7	58.37542993365886
4.27035845E7	58.392044670768314
5.04678725E7	58.3591914650155
5.82321605E7	58.355584100116424
6.59964485E7	58.37792459975223
7.37607365E7	58.343558878932036
8.15250245E7	58.255265888075506
8.92893125E7	58.34186139960454
9.70536005E7	58.37957964827718
1.048178885E8	56.72938383421316
1.125821765E8	58.31965157906809
1.203464645E8	22.55136257620695
1.281107525E8	11.098966946051135
1.358750405E8	0.0
1.436393285E8	31.355766774458967
1.514036165E8	52.67945150085802
1.591679045E8	57.553031058454124
1.669321925E8	58.358632369796844
1.746964805E8	58.348078593239016
1.824607685E8	58.36743135934152
1.902250565E8	58.331618693700435
1.979893445E8	58.32542778814817
2.057536325E8	57.76114591145857
2.135179205E8	58.35685472222264
2.212822085E8	58.25373205634983
2.290464965E8	57.181823417171096
2.368107845E8	58.26959021971175
2.445750725E8	58.236888478942944
2.487068195E8	53.28042518432196
2.525889635E8	58.14585741939699
2.601036485E8	58.34408698561955
2.678679365E8	58.3122875698966
2.756322245E8	58.37565422133561
2.833965125E8	57.74873227856184
2.911608005E8	58.38204823607073
2.989250885E8	58.3615522192367
3.066893765E8	58.3651440626596
3.144536645E8	58.39551328266876
3.222179525E8	58.31428158901145
3.299822405E8	58.33579451957454
3.377465285E8	40.209399940348334
3.455108165E8	53.40845572370603
3.532751045E8	57.95223987854478
3.610393925E8	52.48184122318287
3.688036805E8	58.31069375359111
3.765679685E8	56.44294026578495
3.843322565E8	58.11171710421338
3.920965445E8	58.37907655303636
3.998608325E8	58.30780380006207
4.076251205E8	58.31048324488679
4.153894085E8	58.292783422137404
4.231536965E8	58.34872972418551
4.309179845E8	58.34629647825241
4.386822725E8	58.33088984687049
4.464465605E8	58.34382114572278
4.542108485E8	58.401611090760014
4.619751365E8	58.375714949160184
4.697394245E8	58.322950251219204
4.775037125E8	58.3041688582057
4.852680005E8	58.21524990974989
4.90150048E8	57.31349188378698
4.94032192E8	58.26980082194653
5.007965765E8	58.34693463244806
5.085608645E8	58.37522361770678
5.163251525E8	58.329837641710895
5.240894405E8	58.36137150945664
5.318537285E8	58.30491780284729
5.396180165E8	58.40971785964238
5.473823045E8	58.40295064705703
5.551465925E8	58.39618711063718
5.629108805E8	58.29223981213208
5.706751685E8	58.14634363841116
5.784394565E8	54.16063081551332
5.862037445E8	43.68096883064398
5.939680325E8	58.30876572382544
6.017323205E8	58.3674579327433
6.094966085E8	58.345092730600946
6.172608965E8	58.23439190989682
6.250251845E8	58.25754200013268
6.327894725E8	58.360827524293164
6.405537605E8	58.35195393660605
6.483180485E8	58.36946337148438
6.560823365E8	58.35404591917923
6.638466245E8	58.39425503482841
6.716109125E8	58.419187821877706
6.793752005E8	58.18794760726356
6.863514275E8	57.433948454030165
6.902335715E8	56.42038137661515
6.949037765E8	56.47802859484529
7.026680645E8	57.7960941261765
7.104323525E8	58.230798816598494
7.181966405E8	58.349475395735205
7.259609285E8	58.40464019537058
7.337252165E8	58.375395750198116
7.414895045E8	32.65943083154192
7.492537925E8	58.265740828766106
7.570180805E8	58.31838212802758
7.647823685E8	58.33007065287321
7.725466565E8	58.30995220005434
7.803109445E8	58.36108698822518
7.880752325E8	58.33394708693206
7.958395205E8	58.34266056964622
8.036038085E8	58.33889187097485
8.113680965E8	58.284938836018036
8.191323845E8	58.16583346634273
8.268966725E8	58.29269911710898
8.346609605E8	58.34938705667027
8.424252485E8	58.36062739413485
8.501895365E8	58.326783335945215
8.579538245E8	58.28321744432724
8.657181125E8	58.36186161052182
8.734824005E8	58.27309614109496
8.78512305E8	53.367754579994674
8.82394449E8	58.02242931073783
8.890109765E8	58.29134047645317
8.967752645E8	57.65326239655736
9.045395525E8	58.306921115696504
9.123038405E8	58.250422888505604
9.200681285E8	58.3604057742566
9.278324165E8	43.53430729186802
9.355967045E8	58.38326586618415
9.433609925E8	58.354364457447815
9.511252805E8	49.48911572401565
9.588895685E8	58.36401803728879
9.666538565E8	58.35759360647124
9.744181445E8	58.33136285195725
9.821824325E8	58.209464762550404
9.899467205E8	58.302962012353646
9.977110085E8	58.34907738429946
1.0054752965E9	58.34674929238468
1.0132395845E9	58.347411275262736
1.0210038725E9	58.40939527094638
1.0287681605E9	58.32592812535062
1.0365324485E9	58.311574657037625
1.0442967365E9	58.31283505573046
1.0520610245E9	57.78204148906488
1.0585707465E9	56.325602794382256
1.0624528905E9	57.87198760281723
1.0675896005E9	58.3304928846387
1.0753538885E9	58.378851158036696
1.0831181765E9	58.336194467257116
1.0908824645E9	56.86268608120167
1.0986467525E9	58.36141472961661
1.1064110405E9	58.38232432097043
1.1141753285E9	58.38060946436656
1.1219396165E9	42.84758022908223
1.1297039045E9	58.34997369236093
1.1374681925E9	58.352907946593476
1.1452324805E9	58.33382713949833
1.1529967685E9	58.383254250505175
1.1607610565E9	58.35990624144998
1.1685253445E9	58.3894168807769
1.1762896325E9	58.338210522732986
1.1840539205E9	58.39183259430494
1.1918182085E9	58.31992576673592
1.1995824965E9	58.38971262708756
1.2073467845E9	58.428248742551595
1.2151110725E9	58.32080452359787
1.2228753605E9	57.846874589745696
1.229380904E9	57.59414459379983
1.233263048E9	57.786557040473355
1.2384039365E9	57.638889694322806
1.2461682245E9	58.38261776130504
1.2539325125E9	58.32258618066607
1.2616968005E9	58.23785015419809
1.2694610885E9	58.292345364123236
1.2772253765E9	58.34391062016611
1.2849896645E9	57.671342789045376
1.2927539525E9	27.00974138769378
1.3005182405E9	57.31528007658174
1.3082825285E9	53.90380781289244
1.3160468165E9	58.36132166315695
1.3238111045E9	58.34803055121399
1.3315753925E9	54.39398646004106
1.3393396805E9	58.37244097928578
1.3471039685E9	58.34361382430543
1.3548682565E9	58.334921776861215
1.3626325445E9	58.30764144617063
1.3703968325E9	58.355113879055004
1.3781611205E9	56.063600741537826
1.3859254085E9	58.047273494148946
1.3905789145E9	57.52511527891508
1.3944610585E9	56.53220232196149
1.4014539845E9	51.80107825537471
1.4092182725E9	58.361356234510396
1.4169825605E9	58.34865465625763
1.4247468485E9	58.33804426740303
1.4325111365E9	49.21946795276136
1.4402754245E9	53.92807277861052
1.4480397125E9	58.261060656982814
1.4558040005E9	58.34707830709883
1.4635682885E9	58.27892660916945
1.4713325765E9	58.40193973095588
1.4790968645E9	53.66683698852774
1.4868611525E9	58.37120974699955
1.4946254405E9	58.40422837491482
1.5023897285E9	58.3659861393452
1.5101540165E9	58.35261173408656
1.5179183045E9	58.26727533447698
1.5256825925E9	58.32672811487035
1.5330268245E9	58.16415455523642
1.5369089685E9	55.79053995427024
1.5412111685E9	58.402993686046976
1.5489754565E9	58.37732846400975
1.5567397445E9	58.368381681484856
1.5645040325E9	58.362421214051935
1.5722683205E9	56.01768420036183
1.5800326085E9	28.7705277905162
1.5877968965E9	0.0
1.5955611845E9	17.971113709751936
1.6033254725E9	37.57735634132496
1.6110897605E9	58.36749241649891
1.6188540485E9	58.25594697315896
1.6266183365E9	58.250092057420176
1.6343826245E9	58.17447871213036
1.6421469125E9	58.36439914888534
1.6499112005E9	58.16628070374911
1.6576754885E9	58.35907123775089
1.6654397765E9	58.3712714221994
1.672102775E9	57.397235084711106
1.675984919E9	56.96871801318591
1.6809683525E9	58.27403103645636
1.6887326405E9	58.387058216242
1.6964969285E9	58.32414791009433
1.7042612165E9	58.29669424832949
1.7120255045E9	43.35021060278996
1.7197897925E9	43.97055738547948
1.7275540805E9	58.0743922845635
1.7353183685E9	58.36867532205429
1.7430826565E9	58.34359370616053
1.7508469445E9	58.30526880194911
1.7586112325E9	57.70901469392564
1.7663755205E9	58.3703769507376
1.7741398085E9	58.36536463723811
1.7819040965E9	58.360386683790416
1.7896683845E9	58.35565166249473
1.7974326725E9	58.339197969279056
1.804997934E9	56.47882088040227
1.808880078E9	46.719207406682344
1.8129612485E9	57.48075397686379
1.8207255365E9	58.35205718861971
1.8284898245E9	58.302052008029555
1.8362541125E9	58.345078462486214
1.8440184005E9	58.37316909029416
1.8517826885E9	58.335742519412115
1.8595469765E9	34.370059295232195
1.8673112645E9	58.323582876108716
1.8750755525E9	58.33899682712161
1.8828398405E9	58.35637693633863
1.8906041285E9	58.36665319304075
1.8983684165E9	56.99053263985881
1.9061327045E9	58.29742520610912
1.9138969925E9	58.361798728160636
1.9216612805E9	58.34621042174737
1.9294255685E9	58.351789930059454
1.9371898565E9	58.33159564062295
1.942419837E9	58.25980887672118
1.946301981E9	58.04427221633378
1.9527184325E9	58.11446838674925
1.9604827205E9	58.38520113977734
1.9682470085E9	58.360270414781446
1.9760112965E9	43.294415682482466
1.9837755845E9	53.76946652069804
1.9915398725E9	58.396588005750715
1.9993041605E9	58.3568829757928
2.0070684485E9	58.350700854158426
2.0148327365E9	58.3388167633847
2.0225970245E9	58.388116884699535
2.0303613125E9	58.36766131253204
2.0381256005E9	58.33236868749795
2.0458898885E9	58.38544832730323
2.0536541765E9	58.423577213448
2.0614184645E9	58.41195314681554
2.0691827525E9	58.3119668349749
2.0750539395E9	58.01670199802408
2.0789360835E9	0.0
2.0847113285E9	0.0
2.0924756165E9	10.640414709144387
2.1002399045E9	58.34783947867907
2.1080041925E9	58.32130025575257
2.1157684805E9	58.347848253248195
2.1235327685E9	58.30672282307815
2.1312970565E9	57.9726480751923
2.1390613445E9	58.19158023745532
2.1468256325E9	58.36635498587294
2.1545899205E9	58.380660641408554
2.1623542085E9	58.39491337043902
2.1701184965E9	58.39207966581708
2.1778827845E9	58.35533430658717
2.1856470725E9	58.17211221389658
2.1904682635E9	58.09700567577555
2.1943504075E9	0.0
2.2011756485E9	0.0
2.2089399365E9	39.74557043223418
2.2167042245E9	58.313400690478545
2.2244685125E9	58.42009004559256
2.2322328005E9	58.35089852375819
2.2399970885E9	58.37121486019601
2.2477613765E9	58.324682872850175
2.2555256645E9	58.3569856798628
2.2632899525E9	58.352199799890045
2.2710542405E9	58.35027559064201
2.2788185285E9	58.27662621088125
2.2865828165E9	58.320984996776325
2.2943471045E9	58.08661865585401
2.2983401385E9	58.29213710982896
2.3022222825E9	0.0
2.3098756805E9	0.0
2.3176399685E9	22.44413163772979
2.3254042565E9	54.38755134530688
2.3331685445E9	55.72455794701751
2.3409328325E9	58.05207590934616
2.3486971205E9	58.36669534500119
2.3564614085E9	58.33205566648257
2.3642256965E9	58.379968404357975
2.3719899845E9	57.80441308176306
2.3797542725E9	56.8178064042877
2.3875185605E9	58.10622472758842
2.3952828485E9	58.28973995705586
2.399803605E9	55.92347104302938
2.403685749E9	57.982335290180266
2.4108114245E9	58.374384423230076
2.4185757125E9	50.90830353521664
2.4263400005E9	54.68221060798619
2.4341042885E9	38.895465664501565
2.4418685765E9	1.9005312774479906
2.4496328645E9	51.67810833910998
2.4573971525E9	58.3013511352623
2.4651614405E9	58.40644725468955
2.4729257285E9	57.42945160001874
2.4806900165E9	58.32847070518259
2.4876763615E9	57.307198192672615
2.4915585055E9	57.43553349257544
2.4962185925E9	58.29714242067837
2.5039828805E9	58.1832636831738
2.5117471685E9	44.56073771092854
2.5195114565E9	48.62451912190219
2.5272757445E9	54.67659377533855
2.5350400325E9	55.06476995965159
2.5428043205E9	58.389349923250705
2.5505686085E9	58.26546410763361
2.5583328965E9	58.18516873269794
2.5660971845E9	58.35224387186071
2.572008666E9	57.90837010720096
2.57589081E9	56.27826410349957
2.5816257605E9	58.32153871444466
2.5893900485E9	28.572259374608656
2.5971543365E9	54.25787368285169
2.6049186245E9	58.39785571604027
2.6126829125E9	58.29849719340563
2.6204472005E9	58.20905513072439
2.6282114885E9	58.35415993322056
2.6359757765E9	58.357812420649296
2.6437400645E9	58.37460621090103
2.6510167485E9	58.05615730501217
2.6548988925E9	48.854382120433925
2.6592686405E9	58.177921580651144
2.6670329285E9	57.81620877683512
2.6747972165E9	58.350571754158864
2.6825615045E9	57.11074228695588
2.6903257925E9	55.43284432924275
2.6980900805E9	58.30964227173303
2.7058543685E9	57.25857534491596
2.7113827085E9	58.25450383029775
2.7152648525E9	58.20371565934379
2.7213829445E9	58.32769759785045
2.7291472325E9	58.33379688763912
2.7369115205E9	42.576131307291845
2.7446758085E9	47.012342039562526
2.7524400965E9	58.420451364124446
2.7602043845E9	58.39866439391371
2.7679686725E9	58.353831715510175
2.774661944E9	57.97137329216981
2.778544088E9	0.0
2.7834972485E9	24.943197928541665
2.7912615365E9	52.88947893476139
2.7990258245E9	58.397107844195716
2.8067901125E9	58.37975900188508
2.8145544005E9	58.08697132931284
2.8213097995E9	55.967237704010984
2.8251919435E9	0.0
2.8300829765E9	0.0
2.8378472645E9	38.661542154221436
2.8456115525E9	53.982606760624996
2.8533758405E9	58.37232957582681
2.8611401285E9	58.31777794313611
2.8689044165E9	58.29729450136538
2.8738940415E9	57.73295388497511
2.8777761855E9	56.718435438498005
2.8844329925E9	58.281286041499826
2.8921972805E9	58.387143721808386
2.8999615685E9	58.39412002122107
2.9077258565E9	58.38591738275245
2.9154901445E9	58.3259493770513
2.9232544325E9	56.27680778768296
2.9310187205E9	43.842083335945155
2.9387830085E9	46.42997328315436
2.9465472965E9	56.21753442877621
2.9543115845E9	58.35439660845771
2.9620758725E9	58.0631645698664
2.9698401605E9	58.12091804213565
2.9776044485E9	56.1694417186598
2.9853687365E9	58.41370827414753
2.9931330245E9	56.61021312543038
3.0008973125E9	58.379512720165756
3.0086616005E9	57.42270201551271
3.0164258885E9	56.59453633655306
3.0241901765E9	57.46761960426258
3.029557369E9	54.06546274684891
3.033439513E9	52.28747052798001
3.0397187525E9	23.779668085977416
3.0474830405E9	7.7776338388984305
3.0552473285E9	12.71827213777496
3.0630116165E9	0.0
3.0707759045E9	0.0
3.0785401925E9	0.0
3.0853460845E9	45.321944771413264
3.088278117E9	58.25758552588824
3.088373929E9	47.46037682401551
3.0884774725E9	46.526901284173526
3.0885573295E9	54.17456322889806
3.0886546005E9	26.916468008591483
3.0887081185E9	36.275902678943915
3.0887493115E9	33.731915564732965
3.088858438E9	30.198046272252256
3.088966832E9	52.72735326307917
3.089008063E9	44.8578223780806
3.089109657E9	11.690105645691713
3.089267292E9	11.436092809416262
3.08942189E9	8.724534084725487
3.089604443E9	36.57657778650217
3.089755642E9	45.06259915695397
3.0898220175E9	10.019566196713106
3.0898610755E9	21.76932644852081
3.089968525E9	34.68739566274908
3.0900764725E9	38.21812804713343
3.090141311E9	4.139378601935953
3.090191469E9	0.2750547414519117
3.090297168E9	39.86026763547321
3.090503609E9	33.70841926643656
3.0907062205E9	51.631367796569705
3.09089898E9	43.00459436667465
3.091013772E9	46.542693017165405
3.091052607E9	48.644802330727245
3.0911587895E9	48.97582511135987
3.091267064E9	55.54835275025598
3.0915130575E9	9.11931931463285
3.092673561E9	20.536764292714036
3.093702736E9	45.55999664533488
3.093935951E9	34.058524842458255
3.094132646E9	32.22104471011152
3.0942642985E9	12.332078790281768
3.094360447E9	47.21592290871074
3.0944711045E9	18.194330670883858
3.0946435155E9	13.237399655430975
3.094747446E9	43.93403286380528
3.0948598115E9	10.147863253525006
3.0950026905E9	38.32676800933351
3.095104297E9	40.60152934929204
3.095190977E9	20.3985751225936
3.0952465895E9	0.0
3.0952663465E9	30.816042780748663
3.095268566E9	0.0
3.0952706195E9	32.60370686501646
3.0952723265E9	0.9946666666666667
3.0952838005E9	13.51859607974535
3.0952967465E9	16.752757758493896
3.095299555E9	0.9783728115345005
3.0953008775E9	0.9772296015180265
3.0953027375E9	1.8626373626373627
3.0953043745E9	12.69435736677116
3.095311073E9	3.079082696316887
3.0953361175E9	34.15583019881784
3.095355552E9	4.956589147286822
3.0953574645E9	12.41225139220366
3.095360032E9	0.0
3.095361791E9	19.34039961013645
3.095363378E9	15.949770205654334
3.095365611E9	31.044416891546934
3.0953678415E9	7.9244288224956065
3.095369933E9	51.672507167887865
3.095371677E9	9.491159898970274
3.09537289E9	0.9933920704845814
3.0953743225E9	0.9828009828009828
3.095375945E9	59.716446124763706
3.095572656E9	45.36168046034329
3.095769303E9	43.8812673900946
3.0957708065E9	27.745063065358643
3.0957736535E9	48.951150378433795
3.095822105E9	45.547430872556895
3.095924849E9	23.838566956453427
3.095983129E9	56.97025820650321
3.095986364E9	28.63620175816761
3.0959887305E9	48.403490192467075
3.0959909825E9	33.47592885104045
3.095993051E9	51.83192234710261
3.0959946765E9	52.44487551768458
3.096006671E9	38.812823225199814
3.0960870785E9	40.36451416314037
3.0961589785E9	54.307382647570165
3.096165879E9	52.26235834059792
3.096173123E9	51.657150209898184
3.09617898E9	53.49699536196814
3.096183283E9	50.89045390642016
3.096185859E9	21.993085106382978
3.0961883E9	20.688701923076923
3.0961908755E9	9.580518844836025
3.096192456E9	0.0
3.096238607E9	47.810158200455724
3.0962848625E9	0.0
3.096286263E9	42.028112449799195
3.0962877625E9	49.04632798104765
3.096289947E9	39.72593310712555
3.096292208E9	45.140665248068096
3.0962965075E9	2.4619858745326133
3.096315547E9	10.6900393493295
3.0963533005E9	35.29880079802041
3.09637788E9	50.027721748208485
3.096382479E9	54.548149982313404
3.0963879875E9	20.080587534736008
3.0963943185E9	28.129614656136813
3.096398918E9	29.489324270291885
3.0964033365E9	34.833485639520525
3.0964070605E9	45.78349092975123
3.0964084065E9	12.721481481481481
3.0964096105E9	0.0
3.096411644E9	19.559841823568767
3.0964135175E9	0.0
3.0964147555E9	0.0
3.0964161835E9	0.0
3.0964174105E9	16.674109485221244
3.096418484E9	19.93671255404366
3.096419946E9	33.86570111915734
3.096422275E9	8.876075731497417
3.0964254675E9	10.81457610312345
3.0964313925E9	3.5138842181119383
3.0964360765E9	0.0
3.096437123E9	0.0
3.0964382945E9	0.0
3.096440137E9	0.0
3.096442099E9	0.0
3.096443439E9	28.914039342495283
3.0964449505E9	31.781785392245265
3.0964464985E9	0.0
3.0964475915E9	9.751456310679611
3.0964489705E9	0.0
3.0964506065E9	0.0
3.0964522235E9	0.0
3.0964537525E9	21.099194729136165
3.0964552355E9	33.89261744966443
3.09645655E9	0.0
3.0964580005E9	6.948697068403908
3.0964594605E9	0.8841911764705882
3.096462063E9	32.770817533747916
3.0964647385E9	8.906639004149378
3.0964666345E9	0.988673139158576
3.0964687875E9	0.0
3.096470338E9	0.0
3.0964722525E9	0.8685500144133756
3.096474844E9	9.230975828111012
3.0964802425E9	57.44959127185347
3.0964880595E9	55.11109465703116
3.0965833285E9	34.19554580529162
3.0967643755E9	53.919363198815255
3.0969348755E9	23.242203993212353
3.097105623E9	39.66748318760249
3.0972741855E9	12.990095424445304
3.0973604055E9	2.8826355256960103
3.097450029E9	2.074638410103384
3.0976374775E9	14.484670916536496
3.0978270425E9	32.64136665001923
3.0979310955E9	44.27696521586343
3.097952041E9	54.18915198237885
3.0979864125E9	53.08621243972207
3.098119023E9	23.908123375805314
3.098265051E9	14.730782827207292
3.098391091E9	53.018539400015705
3.0985448955E9	41.53726902115968
3.0986946915E9	36.11167499130699
3.098783935E9	0.0
3.0988292795E9	31.87095012027312
3.098880847E9	18.91923333728206
3.098919304E9	39.60053377206583
3.0989774605E9	31.90370319219137
3.099052881E9	41.69270415894612
3.0991573655E9	28.648295964077487
3.099319594E9	27.489534909730267
3.0995012675E9	22.995669448534375
3.099670145E9	36.48420427404108
3.09983663E9	0.0
3.0999236415E9	0.0
3.099926258E9	53.76177634976189
3.0999293305E9	54.37367081024412
3.0999317075E9	49.3348506401138
3.099933225E9	39.945331695331696
3.099934473E9	46.965027322404374
3.099935544E9	56.35099913119027
3.099936873E9	51.97716993323282
3.0999392435E9	58.030839955342486
3.0999417715E9	58.700488413176764
3.099944294E9	59.12139149439942
3.099947122E9	30.299620132953468
3.099949542E9	27.738850889192886
3.099951465E9	56.22548262548263
3.0999532635E9	0.0
3.0999548975E9	0.0
3.099956276E9	0.0
3.0999589355E9	58.97116022588207
3.099961492E9	0.0
3.0999627755E9	0.0
3.099966206E9	53.674990580584286
3.099971928E9	0.0
3.0999763185E9	58.09583014537108
3.0999787225E9	13.0
3.099980804E9	0.0
3.099982934E9	59.45750452079566
3.0999846185E9	28.563415308096157
3.0999859675E9	21.742988133764833
3.099987108E9	0.0
3.0999883185E9	41.784505788067676
3.099989888E9	44.49375709421113
3.0999934275E9	56.750836305188606
3.099997199E9	53.7848544712235
3.0999989405E9	24.94074074074074
3.100000503E9	52.20949359652215
3.100002242E9	54.07590132827325
3.100004537E9	51.11443210930828
3.100007437E9	51.877391538668824
3.1000093805E9	0.0
3.1000104305E9	54.23450413223141
3.100011833E9	53.45830039525692
3.1000136915E9	34.608438193930425
3.1000154645E9	52.98419486798066
3.100017134E9	44.63578307146477
3.1000187915E9	51.26707566462168
3.100020568E9	54.343107387661846
3.1000221625E9	57.854304635761586
3.1000236955E9	44.89472466450717
3.1000264625E9	50.491182400914866
3.100029677E9	56.46774338000418
3.100031578E9	50.822784810126585
3.1000326205E9	38.83988212180746
3.100033658E9	0.0
3.100035464E9	44.15898353805411
3.1000409715E9	40.50224229260746
3.1000479435E9	22.5653551037975
3.100051797E9	57.57010442138656
3.100053416E9	42.02572347266881
3.10005829E9	52.10221377005595
3.1000639665E9	29.96545710349679
3.1000665115E9	27.113253600195264
3.100068816E9	54.080601092896174
3.100070957E9	50.331237838646906
3.1000725955E9	31.77415254237288
3.10007379E9	31.347446892455924
3.1000757855E9	58.419316352618125
3.1000785755E9	57.10885425429406
3.1000897445E9	57.62312640524746
3.1001009405E9	57.01503582360658
3.1001076425E9	58.66810573078991
3.1001174535E9	0.0
3.10012562E9	58.792836862449974
3.1001304845E9	57.470075772924346
3.1001326025E9	35.6686469322954
3.100134138E9	25.57007759456838
3.100136976E9	58.67005302818867
3.1001412695E9	57.931909393376046
3.1001454075E9	0.0
3.1001489115E9	0.0
3.1001523505E9	57.989091400548325
3.1001553555E9	46.99256791389031
3.1001569595E9	56.61051502145923
3.1001596515E9	57.99621546779192
3.100164687E9	0.0
3.100169456E9	58.67840925736048
3.100173756E9	58.50726287158317
3.100178605E9	0.0
3.100182461E9	58.34822628221958
3.1001845245E9	14.139188069594034
3.100186698E9	58.52959898154042
3.1001901715E9	58.96383675481531
3.1001926785E9	38.264874003703405
3.1001942255E9	0.0
3.100196577E9	58.63457330415755
3.100199826E9	58.39236831190377
3.1002050385E9	58.73690163857163
3.1002116325E9	58.5112474143875
3.100215983E9	59.267158671586714
3.100218536E9	0.0
3.1002222875E9	0.0
3.100226716E9	0.0
3.100230998E9	58.30299539170507
3.10023432E9	58.7558628251203
3.100237109E9	35.110577977386164
3.100241596E9	58.255176876617774
3.1002465235E9	59.199420581937275
3.100249222E9	7.614973262032086
3.1002504975E9	0.0
3.1002526125E9	0.0
3.1002555955E9	56.97286829776158
3.1002585615E9	55.20320608333761
3.1002608765E9	56.77275646171135
3.100264232E9	0.0
3.1002683515E9	0.0
3.1002730005E9	58.154345099730804
3.100276567E9	0.0
3.1002785615E9	57.52585173253237
3.1002805655E9	37.193369882666396
3.1002818545E9	0.0
3.100283864E9	0.0
3.100286221E9	0.0
3.1002886105E9	29.460963161352268
3.100297238E9	58.60115418427247
3.100308266E9	58.37351712828922
3.1003148695E9	0.0
3.1003201675E9	58.809931755481344
3.100323191E9	53.633495618305744
3.100327556E9	58.29683157309616
3.1003361335E9	58.612897833931925
3.100341505E9	37.193365909491106
3.100343284E9	56.620626692131715
3.1003451525E9	58.471907431707024
3.10034797E9	57.91395459596762
3.1003522945E9	58.12877164056059
3.1003595775E9	57.67789941654489
3.100367519E9	57.981693425540236
3.1003726985E9	58.88589593441526
3.1003758895E9	58.91575055939294
3.1003787135E9	0.0
3.1003813635E9	0.0
3.100384543E9	58.73185065099549
3.100388122E9	27.146721895022974
3.100390936E9	58.617994470972604
3.1003962175E9	58.49720909320203
3.1004020815E9	58.719454235361
3.1004062135E9	27.225922451532206
3.100409423E9	57.9088471849866
3.1004119315E9	57.565497783151955
3.100414125E9	58.224917992201526
3.100417918E9	58.854119251783565
3.100423028E9	57.997921456240356
3.1004269835E9	58.5182509882511
3.1004299135E9	0.0
3.100431937E9	0.944
3.100433132E9	0.0
3.100434876E9	0.0
3.1004377605E9	52.65568093986706
3.1004408225E9	57.98545130025113
3.1004441155E9	0.0
3.1004490815E9	58.7379111423516
3.100453243E9	58.72457394172622
3.1004556705E9	58.58447876812621
3.1004587745E9	0.0
3.100461398E9	31.522942461762565
3.100462798E9	45.72734584450402
3.1004649905E9	58.2478459277593
3.100471036E9	0.0
3.1004779445E9	58.319132943772274
3.1004820575E9	48.613174404015055
3.100486718E9	58.51401521297206
3.1004910255E9	0.0
3.10049749E9	0.0
3.1005038655E9	0.0
3.1005113075E9	0.0
3.100520375E9	58.37864018313849
3.100524579E9	58.44067877174636
3.100528576E9	58.12995530380139
3.100533401E9	56.503857837181044
3.1005371995E9	59.22648128618471
3.100540127E9	0.0
3.100544135E9	0.0
3.1005486665E9	57.40908781561217
3.1005512115E9	56.015908073421876
3.100552639E9	0.0
3.1005539095E9	0.0
3.1005560785E9	0.0
3.100558656E9	58.72503363344717
3.100561947E9	48.55607855867554
3.10056789E9	0.0
3.100573138E9	0.0
3.100576513E9	57.90003333280424
3.100580371E9	57.23273429377692
3.100591292E9	12.754287175603302
3.100602639E9	0.0
3.100606305E9	58.83325882878856
3.100608874E9	56.83090563647878
3.1006116575E9	58.592909152431915
3.1006156585E9	0.0
3.100620518E9	0.0
3.1006254325E9	58.11650440609994
3.1006312815E9	0.0
3.1006367155E9	45.19156170558818
3.100640534E9	58.81612182889776
3.100643878E9	56.03122087174802
3.100647993E9	0.0
3.1006508345E9	32.42768411712511
3.100653317E9	58.83802242794253
3.1006563755E9	58.13735878183987
3.1006598935E9	58.36831994050693
3.1006649805E9	53.466313543735744
3.1006712605E9	58.94481299875012
3.1006757165E9	52.66308724832215
3.100677201E9	24.718286698855483
3.10067847E9	23.995565410199557
3.100683289E9	58.57916933589579
3.1006885805E9	58.071818510484455
3.100691006E9	58.87521136286777
3.1006942785E9	0.0
3.1006969395E9	0.0
3.1006991355E9	48.25243263950964
3.1007016905E9	40.015678449258836
3.100704182E9	47.81973203410475
3.100706833E9	42.315085232314445
3.100708945E9	0.0
3.100712266E9	0.0
3.10071577E9	57.35046166198314
3.100717503E9	54.5884561238855
3.100719116E9	58.95368210596468
3.1007206285E9	52.34747474747475
3.1007221265E9	53.84285714285714
3.100724699E9	56.971739823149846
3.1007268945E9	0.0
3.1007289465E9	0.0
3.1007309285E9	0.0
3.1007330965E9	57.97769969630624
3.1007392415E9	57.96447380812669
3.1007470865E9	57.96766485302472
3.1007528755E9	0.0
3.1007561985E9	59.353121256488755
3.1007588475E9	59.31106305988262
3.100761762E9	58.59937317626716
3.1007635275E9	45.95249795249795
3.100764747E9	13.211482084690553
3.1007667445E9	38.9067424003366
3.1007691425E9	55.5169971485263
3.100772442E9	0.0
3.100775528E9	56.13503593821685
3.100781116E9	58.64814551500104
3.10079114E9	58.46575182543726
3.100797975E9	57.17575359462813
3.1008007345E9	58.64893917963225
3.100804877E9	58.74133673696511
3.100809349E9	0.0
3.1008114985E9	0.0
3.1008137425E9	9.270952822520636
3.1008164375E9	2.7138600374595607
3.100825815E9	11.637341524556716
3.100837982E9	6.929967254674131
3.100842972E9	47.537465309898245
3.1008451085E9	51.80594944512947
3.10084822E9	56.33742127941664
3.1008510465E9	49.80681505908217
3.100852321E9	0.0
3.1008571395E9	58.80997892466794
3.1008619615E9	0.0
3.1008648315E9	58.38230463938689
3.100868278E9	56.63826440481088
3.100873156E9	54.280366986811714
3.1008795525E9	43.95569059532574
3.100884274E9	33.048672149968944
3.10088846E9	20.80687566168686
3.1008916615E9	12.51872808180827
3.10089384E9	38.73567467652495
3.1008970555E9	57.49572303721442
3.1008998325E9	29.53438511326861
3.100902708E9	47.06400960290429
3.1009063655E9	45.836848969408294
3.1009089965E9	45.855795479973146
3.1009125255E9	45.09875722305257
3.1009156975E9	52.46251335519287
3.100917935E9	47.46385015766878
3.1009210515E9	48.15609569348084
3.1009240305E9	51.128936624583886
3.100926116E9	41.67297212652678
3.1009275335E9	24.469786396852165
3.100928649E9	38.631792515094475
3.1009304855E9	52.404247007282976
3.100935775E9	58.605697723198965
3.1009404825E9	1.9701492537313432
3.1009433075E9	31.924977677351166
3.100962012E9	10.28269119885554
3.100979643E9	6.888978940412215
3.1009826315E9	53.638497167197386
3.100986095E9	54.97666514838303
3.100988659E9	41.07832823939157
3.1009913515E9	52.156275473980386
3.100994484E9	56.80656765980998
3.100999235E9	48.16535546618385
3.1010045095E9	51.31436309901129
3.101007663E9	37.370128354725786
3.101009454E9	57.156673114119926
3.1010139635E9	58.09300161243196
3.10102777E9	58.5845801910681
3.101038557E9	50.113159567705026
3.1010399745E9	56.639789658194566
3.10104147E9	13.239148936170213
3.101043057E9	15.84424778761062
3.101044461E9	0.0
3.101046252E9	52.641441441441444
3.101048543E9	58.674625729510275
3.101051444E9	56.95111641553533
3.101053714E9	0.0
3.101055658E9	50.18418201516793
3.1010593945E9	0.0
3.1010636115E9	58.93474920509349
3.101066684E9	0.9081632653061225
3.101069485E9	0.0
3.10107171E9	0.0
3.1010747125E9	57.820529615420604
3.101082788E9	58.82058005013915
3.1010891985E9	0.0
3.101090371E9	0.0
3.101091454E9	0.0
3.1010926105E9	0.0
3.101093789E9	0.0
3.101094954E9	0.0
3.1010960955E9	44.698660714285715
3.1010976565E9	56.233316856154225
3.1010992105E9	36.99875621890547
3.1011004015E9	0.0
3.101103073E9	58.18608695652174
3.101108811E9	0.0
3.1011134185E9	0.9578231292517007
3.1011171035E9	57.8368055082146
3.1011208445E9	46.8170865279299
3.1011223705E9	56.88642413487134
3.1011236055E9	58.32412575735891
3.101126918E9	58.71370697154219
3.101130602E9	28.662271754813673
3.1011321595E9	0.0
3.101133927E9	51.80628272251309
3.1011356635E9	0.0
3.1011368845E9	51.05290909090909
3.1011381815E9	26.816901408450704
3.10113931E9	54.89677952105698
3.1011404165E9	0.0
3.101141667E9	58.351020408163265
3.101143503E9	49.3240562403698
3.1011454715E9	58.51928436572867
3.101147397E9	57.947131974737935
3.1011501335E9	17.1280276816609
3.101157518E9	56.5744636105536
3.1011645045E9	57.39960264258831
3.1011668885E9	18.511211559178598
3.1011686545E9	52.94117647058823
3.1011709785E9	59.017735334242836
3.101173445E9	56.610142267095
3.101205684E9	37.14807120083467
3.1012403025E9	28.299693952659513
3.1012453615E9	45.172659201758606
3.1012505225E9	50.963289280469894
3.1012614495E9	38.94707992549036
3.1012739195E9	42.67122125145742
3.101281912E9	53.630792690696865
3.1012871705E9	48.35044705968752
3.101295694E9	47.05811700063491
3.1013044905E9	53.45553189805857
3.1013083555E9	53.25104191086452
3.1013114625E9	39.624234427617715
3.101316135E9	41.22318548066685
3.1013198035E9	36.685238051385944
3.101320917E9	0.0
3.101322018E9	54.79702444208289
3.1013238925E9	26.261087229796846
3.101326703E9	24.464420028021532
3.1013294495E9	24.214639950667465
3.1013318685E9	10.22145462762695
3.1013343305E9	23.779058766936583
3.101336736E9	12.658508762833144
3.101339303E9	18.90388735843281
3.101342702E9	43.67369548298172
3.101345195E9	49.20239111870196
3.1013472335E9	54.120733142761054
3.101349218E9	59.23287671232877
3.1013517465E9	58.036097163794274
3.101354867E9	58.443268482490275
3.1013568785E9	42.588867456599615
3.101370363E9	57.92627739691331
3.1013921985E9	57.97582712881489
3.1014090845E9	58.24024310914054
3.101423574E9	58.031899356813625
3.101436092E9	0.0
3.1014467775E9	0.0
3.10145676E9	57.42296862429606
3.1014665925E9	58.91536728125148
3.101476343E9	58.16863792102076
3.1014858855E9	57.927298393581474
3.1014950245E9	0.0
3.101503724E9	0.0
3.1015121195E9	46.066157649982706
3.101520406E9	0.0
3.101528602E9	58.90124154680401
3.101536693E9	57.82695604973161
3.1015446345E9	58.58116803033186
3.1015524055E9	57.897095208727954
3.1015601115E9	0.0
3.101567702E9	58.54935437444255
3.1015751255E9	0.0
3.1015823905E9	57.40468682731578
3.101589504E9	39.56045581301824
3.101596546E9	0.0
3.101603554E9	0.0
3.1016105495E9	0.0
3.101617536E9	26.124752475247526
3.101624424E9	0.0
3.101631085E9	56.26082844713448
3.1016374705E9	56.53534897043379
3.1016435565E9	58.333316581651886
3.1016494765E9	0.0
3.1016553825E9	57.92033109156751
3.101661271E9	0.0
3.1016671275E9	0.0
3.101672916E9	0.0
3.101678576E9	0.0
3.101684071E9	0.0
3.1016894025E9	57.98140615920976
3.1016946505E9	57.87096918350247
3.1016998325E9	57.484875158933086
3.1017049205E9	0.0
3.101709929E9	0.0
3.101714835E9	54.49786591595341
3.1017196755E9	58.01608576761144
3.101724499E9	0.0
3.101729313E9	0.0
3.1017340725E9	57.71545622308796
3.1017387675E9	0.0
3.10174343E9	55.66281747173893
3.1017480095E9	0.0
3.101752486E9	42.503350362032926
3.1017569135E9	0.0
3.101761326E9	57.52827851933397
3.1017657265E9	58.29387609355472
3.101770102E9	0.0
3.101774441E9	0.0
3.1017787455E9	41.40221518987342
3.1017830115E9	58.44031698429027
3.1017872465E9	55.045625085870704
3.1017914715E9	56.908031903729096
3.1017956905E9	0.0
3.1017999035E9	58.758411346519324
3.1018041115E9	55.862183591879464
3.1018082655E9	0.0
3.101812367E9	57.988713602416716
3.101816459E9	0.0
3.101820484E9	51.94060222321756
3.101824445E9	0.0
3.101828395E9	0.0
3.1018323325E9	55.41446930406128
3.101836262E9	55.43105899994829
3.1018401885E9	0.0
3.10184411E9	33.13683096713991
3.1018480235E9	0.0
3.1018519235E9	0.0
3.1018558145E9	54.74406698833034
3.101859689E9	0.0
3.1018635415E9	58.08763086467623
3.101867382E9	0.0
3.1018712145E9	0.0
3.1018750435E9	0.0
3.10187887E9	0.0
3.101882693E9	0.0
3.101886508E9	0.0
3.101890313E9	0.0
3.101894113E9	51.34233350931443
3.101897881E9	3.761904761904762
3.1019016E9	55.98099065826635
3.1019052995E9	52.00351804232954
3.1019089945E9	0.0
3.1019126835E9	57.64213229507518
3.101916365E9	54.861781877833245
3.1019200355E9	0.0
3.101923674E9	37.809254646484
3.101927286E9	51.84496189136414
3.1019308945E9	58.676780111989196
3.1019344895E9	56.58117861675127
3.101938072E9	1.0986336464560205
3.101941634E9	0.0
3.1019451695E9	57.70144525836468
3.101948697E9	53.84407294832827
3.1019522085E9	58.40959084909811
3.101955703E9	57.78797044676948
3.1019591915E9	57.637265586831525
3.101962651E9	58.836946884823085
3.101966064E9	57.608857661933186
3.1019694465E9	58.172176308539946
3.101972819E9	0.0
3.101976185E9	58.492473993142326
3.101979541E9	53.45021561681811
3.1019828865E9	56.35214940691512
3.1019862165E9	56.42327843432089
3.1019895175E9	50.74472807991121
3.1019927975E9	58.59627356714004
3.1019960665E9	54.07793014230272
3.1019993255E9	57.994200060954775
3.102002581E9	56.02978514291954
3.102005831E9	58.83371210289638
3.1020090695E9	0.0
3.1020122965E9	0.0
3.1020155165E9	0.0
3.1020187305E9	52.50425914817036
3.1020219335E9	54.47588281493117
3.102025125E9	57.6548115942029
3.102028308E9	57.270484209379
3.1020314845E9	36.32776094965207
3.102034659E9	0.0
3.1020378305E9	50.28073329419822
3.1020409985E9	32.83381924198251
3.102044163E9	0.0
3.102047316E9	52.293448589626934
3.102050456E9	54.92278144947184
3.1020535825E9	57.380234892770204
3.1020566935E9	54.74059485294836
3.102059793E9	54.73579342503474
3.102062879E9	59.06855107945693
3.102065945E9	0.0
3.102068997E9	0.0
3.10207203E9	50.04025638142359
3.1020750435E9	55.8359314538419
3.102078054E9	48.357837837837835
3.102081057E9	0.0
3.102084054E9	48.31747544835842
3.102087044E9	57.404514582501
3.102090025E9	55.662898513908296
3.102092998E9	0.0
3.102095965E9	48.51458267048468
3.1020989315E9	0.0
3.1021018915E9	54.80196305411531
3.1021048445E9	50.27812644333958
3.1021077875E9	58.39763094979352
3.1021107135E9	39.78830096104071
3.10211362E9	57.756154298422764
3.102116511E9	58.333598499061914
3.102119394E9	57.28648121034651
3.1021222725E9	58.81947669479526
3.1021251475E9	38.16610324103885
3.1021280175E9	20.837132956410723
3.1021308845E9	0.0
3.10213375E9	58.423084537715305
3.1021366145E9	57.96020024407861
3.102139476E9	57.814200479773646
3.1021423325E9	44.41961314593713
3.1021451745E9	58.433790801186944
3.1021480035E9	0.0
3.1021508295E9	59.259727184791835
3.102153651E9	58.649745875501324
3.102156467E9	29.300928962904965
3.102159278E9	0.0
3.1021620835E9	0.0
3.10216488E9	0.0
3.102167667E9	0.0
3.1021704475E9	55.634702972721485
3.102173225E9	0.0
3.1021759985E9	0.0
3.102178768E9	0.0
3.102181536E9	56.76795613220268
3.102184301E9	47.9894409573532
3.102187055E9	57.003310767406234
3.1021897985E9	53.99534319480316
3.1021925375E9	58.373792524149515
3.10219527E9	48.43616602347011
3.1021979975E9	0.0
3.10220072E9	58.38716532086698
3.102203437E9	59.03211909434685
3.1022061485E9	59.32364283595372
3.1022088545E9	58.70324817518248
3.1022115525E9	0.0
3.102214244E9	56.26688652742152
3.1022169345E9	56.498774351696554
3.102219623E9	49.59385113268608
3.102222305E9	0.0
3.1022249775E9	57.21320217733691
3.1022276455E9	58.32566376994312
3.102230311E9	57.96014879171761
3.10223297E9	0.0
3.1022356195E9	0.0
3.1022382625E9	57.90804236955669
3.1022408995E9	58.24386691105959
3.1022435315E9	59.13641036740436
3.1022461615E9	53.2799412196914
3.102248787E9	58.36756525459992
3.1022514095E9	58.47642505277973
3.10225403E9	56.046426200486835
3.102256642E9	56.04764211175201
3.102259246E9	45.807311545801525
3.102261848E9	58.41104085301593
3.1022644475E9	0.0
3.102267045E9	0.0
3.1022696415E9	0.0
3.1022722365E9	52.5044895777659
3.1022748265E9	0.0
3.102277412E9	0.0
3.102279996E9	57.90189125295508
3.1022825765E9	58.96891267534966
3.10228515E9	57.26678141135972
3.102287719E9	56.075716440422326
3.102290279E9	0.0
3.1022928285E9	0.0
3.1022953765E9	58.37488457987073
3.1022979235E9	58.31471433131184
3.102300469E9	53.65036170494895
3.1023030085E9	0.0
3.102305542E9	55.07349213007715
3.1023080695E9	56.815236686390534
3.1023105915E9	36.88284214404126
3.10231311E9	58.60452056717675
3.102315624E9	0.0
3.102318134E9	53.82421340629275
3.1023206395E9	41.60791366906475
3.10232314E9	58.16380983182406
3.102325624E9	0.0
3.102328092E9	57.45255709231264
3.1023305565E9	0.0
3.102333018E9	46.76237062243017
3.102335476E9	58.50749250749251
3.1023379295E9	0.0
3.102340372E9	58.982926829268294
3.1023428065E9	50.64504238849982
3.1023452395E9	56.71609628399949
3.102347669E9	33.71689497716895
3.102350093E9	47.418079433896445
3.1023525135E9	58.70200581747667
3.1023549305E9	58.80354662963359
3.1023573395E9	0.0
3.102359743E9	0.0
3.1023621455E9	57.913350701259766
3.102364545E9	57.02522756827048
3.102366941E9	0.0
3.1023693355E9	58.48733583489681
3.1023717265E9	0.0
3.1023741115E9	0.0
3.102376493E9	58.19707138499085
3.1023788735E9	0.0
3.1023812475E9	0.0
3.1023836135E9	45.71522184300341
3.102385977E9	54.44073368643515
3.1023883325E9	0.0
3.102390676E9	58.017591839751645
3.102393013E9	0.0
3.1023953465E9	59.32454165326472
3.102397678E9	50.92697907188353
3.1024000085E9	0.0
3.102402335E9	0.0
3.102404656E9	55.31814566727347
3.1024069725E9	58.94757448807799
3.1024092835E9	58.53193221916321
3.1024115905E9	41.379622479622476
3.1024138915E9	55.873352828621975
3.102416183E9	56.422143235271875
3.102418466E9	58.609143593045715
3.1024207435E9	47.73023188405797
3.102423018E9	56.879137175598245
3.1024252855E9	0.0
3.1024275435E9	0.0
3.1024297965E9	55.28326690441228
3.102432045E9	0.0
3.102434287E9	59.1512513601741
3.102436518E9	42.38460159942654
3.1024387395E9	55.27215189873418
3.1024409585E9	45.82302568981922
3.102443175E9	35.79008073817762
3.102445389E9	57.50257997936016
3.102447597E9	52.51566300582295
3.1024497985E9	0.0
3.102451997E9	0.0
3.1024541925E9	53.76892430278885
3.102456381E9	0.0
3.102458562E9	58.71082842072603
3.10246074E9	57.23998553681655
3.102462917E9	58.170671158790675
3.102465094E9	58.06760847628658
3.1024672665E9	57.42110358180058
3.1024694305E9	48.48205354922494
3.102471588E9	0.0
3.1024737375E9	58.92706872370267
3.102475881E9	58.12774945375091
3.1024780205E9	58.780073591848286
3.1024801555E9	0.0
3.102482287E9	0.0
3.1024844155E9	53.25900981586301
3.102486542E9	57.15982106547377
3.102488667E9	0.0
3.1024907905E9	0.0
3.102492907E9	56.685532484929674
3.1024950155E9	57.71888627977189
3.1024971155E9	59.02926195945271
3.102499209E9	0.0
3.1025012995E9	56.44186046511628
3.1025033865E9	12.616364855801475
3.1025054725E9	59.095768880800726
3.1025075575E9	56.13992762364294
3.1025096395E9	0.0
3.102511719E9	47.463775860752726
3.1025137965E9	57.5819351338784
3.10251587E9	56.400565560948216
3.1025179385E9	58.44058271997068
3.102520002E9	57.61502985032397
3.10252206E9	0.0
3.102524114E9	0.0
3.1025261605E9	58.937832446808514
3.1025281985E9	58.225693778067786
3.102530234E9	58.40544695804964
3.1025322685E9	58.719243580101
3.1025343015E9	44.45311837081035
3.102536332E9	0.0
3.102538359E9	0.0
3.102540382E9	53.19821367227757
3.1025424015E9	0.0
3.102544418E9	57.32009925558312
3.10254643E9	59.08448965483186
3.102548438E9	0.0
3.102550444E9	57.69773285524718
3.102552448E9	58.44560641043053
3.10255445E9	0.0
3.102556451E9	56.15466477474282
3.1025584515E9	0.0
3.1025604495E9	58.96013864818024
3.1025624435E9	57.19017704169046
3.102564432E9	58.70860927152318
3.102566415E9	38.53223593964335
3.102568394E9	45.867495484008074
3.102570368E9	58.97255489021956
3.1025723375E9	54.63648787154083
3.1025743025E9	57.70689615286742
3.102576264E9	57.09839660802184
3.1025782245E9	47.18997251603231
3.1025801845E9	51.46159726044151
3.1025821415E9	56.66487481590574
3.1025840945E9	53.67287413058111
3.102586044E9	58.42987481434331
3.1025879895E9	0.0
3.102589933E9	0.0
3.102591875E9	0.0
3.102593814E9	0.0
3.1025957495E9	51.777470073253525
3.102597681E9	58.67088607594937
3.1025996075E9	0.0
3.1026015315E9	58.815465440814314
3.102603455E9	54.23398203073508
3.102605377E9	0.0
3.1026072965E9	0.0
3.102609213E9	0.0
3.102611128E9	0.0
3.1026130425E9	58.61947505965231
3.1026149555E9	0.0
3.1026168665E9	57.904642409033876
3.102618775E9	0.0
3.1026206805E9	0.0
3.102622581E9	51.82157996146435
3.102624475E9	58.24150445397559
3.1026263655E9	51.76
3.1026282545E9	0.0
3.1026301425E9	0.9778325123152709
3.102632029E9	0.0
3.102633912E9	32.71253333333333
3.102635792E9	57.67681982447083
3.10263767E9	0.0
3.1026395465E9	58.1229660291179
3.1026414225E9	58.547199683356425
3.1026432975E9	0.0
3.1026451705E9	58.21889305035373
3.102647041E9	59.08400082152393
3.1026489085E9	58.31267576294136
3.102650774E9	59.26922532219233
3.102652639E9	29.389797882579405
3.102654504E9	0.0
3.1026563675E9	0.0
3.1026582295E9	56.67856690720345
3.10266009E9	0.0
3.1026619475E9	25.39072847682119
3.1026638035E9	59.22162162162162
3.1026656585E9	58.71203306183044
3.1026675105E9	50.25725432821263
3.10266936E9	37.68338234374023
3.102671209E9	37.47126436781609
3.102673057E9	58.71753767233088
3.1026749E9	57.46261216350947
3.1026767365E9	0.0
3.102678564E9	56.72473796682609
3.102680382E9	56.99084649655731
3.102682195E9	53.09515126011128
3.1026840045E9	55.51358429948317
3.1026858125E9	59.378552847095094
3.10268762E9	0.0
3.102689427E9	55.152199395397616
3.1026912315E9	58.20520490577326
3.102693033E9	58.48890240194588
3.1026948335E9	0.0
3.102696631E9	47.29823505061528
3.1026984255E9	51.94232437120555
3.1027002185E9	0.0
3.1027020085E9	0.0
3.1027037955E9	0.0
3.1027055795E9	0.0
3.1027073615E9	54.4468802698145
3.102709143E9	45.72641178533848
3.102710924E9	53.46480582524272
3.102712704E9	52.08434791078212
3.102714482E9	0.0
3.1027162525E9	0.0
3.1027180155E9	51.88796917912725
3.102719774E9	57.38501976617041
3.102721526E9	56.79980516317584
3.102723274E9	48.378860317870526
3.1027250205E9	57.23597157559422
3.102726766E9	0.0
3.1027285105E9	51.64215610510046
3.1027302535E9	58.49220833918293
3.1027319945E9	0.0
3.1027337345E9	0.0
3.1027354725E9	59.63414634146341
3.102737208E9	56.75506904681711
3.1027389415E9	0.0
3.1027406735E9	46.966037735849056
3.1027424045E9	58.98447042400977
3.102744133E9	58.30781159139368
3.1027458575E9	0.0
3.1027475775E9	0.0
3.1027492945E9	59.2433234421365
3.1027510075E9	10.434014575411913
3.1027527165E9	36.44870041039672
3.102754424E9	59.11022576361222
3.1027561305E9	58.485794231597076
3.102757836E9	0.0
3.1027595405E9	44.24497075189043
3.102761242E9	0.0
3.1027629405E9	58.83099544958821
3.102764638E9	58.70944992947814
3.102766335E9	58.741285834685584
3.102768031E9	0.0
3.102769726E9	0.0
3.10277142E9	0.0
3.10277311E9	0.0
3.1027747965E9	45.6040449021245
3.1027764795E9	57.30221973810284
3.102778159E9	54.68052417532761
3.102779838E9	58.350424264307634
3.1027815165E9	57.18085571791058
3.1027831925E9	35.722134178552565
3.1027848665E9	0.0
3.102786539E9	0.0
3.102788209E9	0.0
3.102789876E9	54.99277403551745
3.10279154E9	43.51923861318831
3.1027932E9	57.2340369042878
3.102794855E9	0.0
3.1027965075E9	0.0
3.1027981585E9	57.47365904200207
3.102799808E9	0.0
3.102801457E9	0.0
3.1028031015E9	57.44770293263937
3.1028047405E9	0.0
3.1028063775E9	59.383465670247546
3.1028080115E9	59.30954356846473
3.102809643E9	57.09448818897638
3.1028112735E9	0.0
3.102812902E9	58.765081618168914
3.1028145275E9	51.06499718626899
3.102816148E9	43.91997264021888
3.1028177645E9	59.149940968122785
3.10281938E9	0.0
3.102820993E9	57.11530893349075
3.102822604E9	0.0
3.1028242125E9	0.0
3.102825818E9	57.55778255768479
3.102827423E9	0.0
3.1028290255E9	58.45241624666469
3.1028306245E9	0.0
3.1028322225E9	58.56185567010309
3.10283382E9	57.39294710327456
3.1028354165E9	41.647821156649925
3.102837012E9	0.0
3.1028386055E9	28.785714285714285
3.102840196E9	0.0
3.102841783E9	59.19463087248322
3.102843365E9	0.0
3.1028449435E9	43.828680203045685
3.102846521E9	0.0
3.102848098E9	0.0
3.102849675E9	59.42028985507246
3.1028512515E9	0.0
3.102852827E9	0.0
3.1028544015E9	0.0
3.1028559745E9	56.894186134997334
3.102857546E9	0.0
3.102859113E9	0.0
3.102860675E9	34.9859649122807
3.102862236E9	56.68335742760766
3.1028637965E9	58.54326218021835
3.1028653565E9	56.66804635761589
3.1028669135E9	58.12599744944434
3.1028684665E9	0.0
3.1028700165E9	0.0
3.1028715635E9	0.0
3.102873107E9	59.36507936507937
3.1028746455E9	57.90924207946788
3.10287618E9	58.31697054698457
3.1028777125E9	50.492949393779654
3.1028792445E9	0.0
3.1028807755E9	0.0
3.102882304E9	49.89970557507836
3.1028838305E9	58.41067637245981
3.1028853555E9	29.12121212121212
3.102886879E9	57.14912455582789
3.102888402E9	0.0
3.1028899245E9	60.0
3.1028914465E9	0.0
3.102892967E9	58.34387409913222
3.102894483E9	0.0
3.1028959935E9	0.0
3.1028975015E9	0.0
3.102899008E9	0.0
3.102900512E9	0.0
3.1029020115E9	58.78330839836642
3.102903505E9	49.58487409755239
3.1029049955E9	57.6045197740113
3.1029064855E9	58.03507516105941
3.102907974E9	47.09035277177826
3.1029094605E9	50.14866287639503
3.102910946E9	58.355986770860774
3.1029124305E9	33.94888178913738
3.102913914E9	57.530776712519106
3.102915395E9	56.28493495593789
3.102916874E9	58.61796643632774
3.1029183515E9	0.0
3.102919827E9	29.748968454678558
3.1029213005E9	0.0
3.102922771E9	53.55914297584427
3.1029242395E9	55.114337568058076
3.102925707E9	58.039266339447174
3.102927173E9	38.05151064883606
3.1029286375E9	58.45671641791045
3.102930101E9	0.0
3.102931564E9	0.0
3.102933025E9	53.23752145669954
3.102934484E9	58.23830513294469
3.1029359425E9	43.24133105271342
3.1029374005E9	59.18834547346514
3.1029388565E9	57.23415740041023
3.102940308E9	0.9852941176470589
3.102941757E9	0.0
3.1029432055E9	55.68784444213372
3.1029446525E9	0.0
3.1029460965E9	54.94257443237035
3.102947538E9	58.30453088669641
3.1029489785E9	57.23397913561848
3.102950418E9	0.0
3.102951856E9	0.0
3.1029532925E9	0.0
3.102954725E9	52.48813272908826
3.102956154E9	0.0
3.102957582E9	0.0
3.1029590085E9	0.0
3.102960434E9	58.86053759252045
3.1029618585E9	58.84979373938364
3.1029632825E9	56.96969696969697
3.102964706E9	0.0
3.102966129E9	0.0
3.102967552E9	0.0
3.1029689705E9	0.0
3.1029703845E9	0.0
3.102971798E9	0.0
3.102973211E9	0.0
3.1029746225E9	58.215725806451616
3.102976032E9	0.0
3.102977441E9	0.0
3.1029788485E9	57.29198410069559
3.102980254E9	58.036612304366216
3.102981659E9	35.97689440993789
3.1029830635E9	58.665692211317605
3.1029844675E9	31.534917867302926
3.1029858705E9	36.31915716218828
3.1029872725E9	0.0
3.1029886745E9	46.51937984496124
3.1029900765E9	45.62369109947644
3.1029914775E9	48.32889963724305
3.1029928765E9	58.56126237623762
3.1029942735E9	57.544798246744875
3.102995669E9	0.0
3.1029970635E9	54.24821665298908
3.102998457E9	0.0
3.102999849E9	58.89769870431251
3.103001239E9	50.478070175438596
3.103002628E9	58.43914944955512
3.1030040165E9	57.45292994566016
3.103005404E9	0.0
3.1030067895E9	58.84186978775189
3.103008172E9	56.00815056312982
3.103009553E9	51.591235059760955
3.103010933E9	58.72194228126431
3.103012311E9	0.0
3.1030136875E9	0.0
3.1030150635E9	0.0
3.103016439E9	0.0
3.1030178135E9	45.431536319919005
3.1030191865E9	58.001472211998525
3.103020558E9	53.25020970641103
3.1030219285E9	0.0
3.1030232985E9	57.30538922155689
3.1030246665E9	0.0
3.103026031E9	0.0
3.1030273925E9	52.5560263653484
3.1030287505E9	0.0
3.103030106E9	45.08502024291498
3.103031461E9	52.80984490896831
3.1030328145E9	56.390342960288805
3.103034163E9	55.50989579920047
3.1030355075E9	0.0
3.1030368515E9	45.6260162601626
3.1030381945E9	59.34032216824342
3.1030395365E9	58.009201808812705
3.1030408755E9	0.0
3.1030422105E9	0.0
3.1030435445E9	0.0
3.103044878E9	43.05049903172948
3.1030462105E9	31.748031496062993
3.1030475405E9	58.44818030666913
3.1030488685E9	58.78382458091682
3.1030501965E9	58.7843618513324
3.103051524E9	59.06554994116426
3.10305285E9	57.53013418239709
3.1030541735E9	0.0
3.1030554945E9	59.012428619415516
3.103056814E9	58.48022206800833
3.1030581325E9	51.31212121212121
3.103059449E9	58.49537220156633
3.1030607635E9	0.0
3.103062077E9	58.314275083715735
3.10306339E9	57.932213044716605
3.1030647025E9	59.37945791726106
3.1030660135E9	50.53377483443709
3.103067323E9	0.0
3.103068632E9	56.481169196177625
3.10306994E9	58.66078964644096
3.103071247E9	44.98343976620846
3.103072553E9	0.0
3.1030738575E9	0.0
3.103075161E9	55.75688787185355
3.1030764635E9	57.16527560812319
3.1030777655E9	0.0
3.103079067E9	54.97553788847501
3.103080368E9	0.0
3.1030816685E9	58.62582307472087
3.103082968E9	47.489640953434574
3.103084266E9	0.0
3.103085562E9	40.626161543959974
3.1030868565E9	0.0
3.10308815E9	57.32562277580071
3.103089442E9	0.0
3.103090733E9	55.20561811970138
3.103092023E9	57.46780170255383
3.1030933115E9	0.0
3.1030945995E9	46.95691270138629
3.103095887E9	0.0
3.103097174E9	49.35964035964036
3.103098461E9	0.0
3.1030997475E9	0.0
3.103101032E9	0.0
3.103102314E9	43.914063848144956
3.103103593E9	57.640232108317214
3.1031048685E9	44.0
3.1031061405E9	0.0
3.103107409E9	57.46226993865031
3.1031086755E9	55.21051964512041
3.1031099385E9	0.0
3.103111198E9	11.433002705139765
3.1031124565E9	0.0
3.1031137145E9	0.0
3.1031149725E9	57.79449931097841
3.1031162295E9	2.0
3.103117485E9	0.0
3.1031187395E9	57.46140200286123
3.1031199935E9	0.0
3.103121247E9	0.0
3.1031224985E9	0.0
3.103123748E9	0.0
3.1031249965E9	0.0
3.1031262445E9	59.08653846153846
3.103127492E9	58.98957497995188
3.1031287365E9	59.26093727877672
3.1031299785E9	57.55165289256198
3.10313122E9	52.66512166859791
3.103132461E9	0.0
3.103133702E9	58.08371642874425
3.103134942E9	54.07513238085723
3.1031361805E9	0.0
3.103137418E9	52.570945945945944
3.1031386545E9	6.756729810568295
3.10313989E9	11.365384615384615
3.1031411245E9	0.0
3.1031423585E9	0.0
3.1031435925E9	56.83431830676196
3.103144826E9	52.754404585013795
3.1031460585E9	41.89275586491364
3.1031472905E9	56.04379198805673
3.103148522E9	0.0
3.1031497525E9	57.50615038529651
3.1031509815E9	57.86008230452675
3.103152209E9	57.539896001434464
3.103153436E9	57.07858304182884
3.1031546625E9	35.29492852280463
3.1031558875E9	0.0
3.1031571115E9	0.0
3.1031583335E9	0.0
3.1031595535E9	0.0
3.103160773E9	59.33557046979866
3.103161991E9	53.99258382642998
3.1031632075E9	56.858062628036286
3.103164423E9	0.0
3.1031656375E9	58.592375366568916
3.1031668515E9	54.76168097475966
3.1031680655E9	40.779674310898635
3.103169279E9	0.0
3.1031704915E9	57.059965068891906
3.103171702E9	55.35255437531614
3.1031729105E9	58.22112334390744
3.103174118E9	0.0
3.103175325E9	59.1640866873065
3.103176532E9	0.0
3.1031777385E9	0.0
3.1031789445E9	0.0
3.10318015E9	0.0
3.103181355E9	0.0
3.1031825595E9	14.451125293920054
3.1031837635E9	0.0
3.1031849675E9	0.0
3.103186171E9	49.75524475524475
3.103187373E9	51.25018896447468
3.103188574E9	0.0
3.1031897745E9	0.0
3.1031909745E9	0.0
3.103192174E9	57.658390766420325
3.1031933725E9	0.0
3.10319457E9	59.1688654353562
3.1031957665E9	0.0
3.103196962E9	0.0
3.1031981565E9	58.81809045226131
3.1031993505E9	0.0
3.103200543E9	58.9940119760479
3.103201733E9	45.33435711881521
3.1032029205E9	0.0
3.1032041065E9	43.669603524229075
3.1032052915E9	43.864107883817425
3.103206475E9	57.07341176470588
3.103207658E9	58.224414303329226
3.1032088405E9	0.0
3.103210022E9	0.0
3.103211203E9	37.477228493577265
3.103212384E9	56.317174105823234
3.103213565E9	0.0
3.103214745E9	0.0
3.1032159235E9	57.870843989769824
3.1032171015E9	0.0
3.103218279E9	0.0
3.103219456E9	0.0
3.10322063E9	58.51127819548872
3.103221801E9	59.87551867219917
3.103222972E9	56.50112764997745
3.1032241425E9	0.0
3.1032253125E9	50.389297719632964
3.103226481E9	50.85086042065009
3.103227648E9	30.048517151838183
3.103228815E9	0.0
3.103229981E9	0.0
3.103231146E9	6.47027027027027
3.1032323095E9	0.0
3.103233469E9	57.223210248681234
3.1032346255E9	0.0
3.1032357815E9	54.36639262081412
3.1032369365E9	58.91855508189365
3.1032380905E9	36.09991235758107
3.103239243E9	0.0
3.103240394E9	0.0
3.1032415445E9	48.74168674698795
3.1032426945E9	57.92467948717949
3.103243843E9	54.48523985239852
3.10324499E9	53.60335877862595
3.1032461365E9	49.82761061946903
3.1032472815E9	40.44828886584331
3.1032484255E9	58.99736147757256
3.103249569E9	0.0
3.1032507115E9	0.0
3.103251853E9	0.0
3.103252994E9	0.0
3.1032541345E9	0.0
3.1032552735E9	49.450330659912765
3.1032564095E9	57.61921835783435
3.1032575435E9	42.42910052910053
3.1032586765E9	57.627906976744185
3.103259808E9	56.84389366380172
3.103260939E9	27.263451776649745
3.1032620695E9	0.0
3.103263198E9	0.0
3.1032643245E9	57.60541531518827
3.1032654495E9	0.0
3.1032665725E9	0.0
3.1032676945E9	0.0
3.103268816E9	32.32255639097745
3.103269936E9	57.551622418879056
3.103271055E9	0.0
3.103272174E9	59.053960964408724
3.103273293E9	0.0
3.1032744115E9	32.465663217309505
3.1032755285E9	0.0
3.1032766445E9	22.40253407062307
3.10327776E9	0.0
3.103278875E9	0.0
3.10327999E9	58.280632411067195
3.1032811045E9	55.22093023255814
3.103282218E9	57.6291640477687
3.103283331E9	0.0
3.1032844425E9	0.0
3.1032855525E9	0.0
3.103286662E9	58.19548872180451
3.1032877705E9	49.30811348929816
3.103288878E9	56.050825921219825
3.103289985E9	0.0
3.103291092E9	42.642857142857146
3.103292199E9	46.69272590926134
3.1032933055E9	0.0
3.10329441E9	51.224996765428905
3.103295513E9	50.168675995694294
3.103296616E9	52.7042042042042
3.1032977175E9	47.709134968424145
3.103298817E9	0.0
3.1032999155E9	57.92715870718765
3.103301013E9	0.0
3.1033021095E9	59.30672268907563
3.1033032055E9	33.3387035392617
3.1033043005E9	0.0
3.103305394E9	0.0
3.1033064855E9	0.0
3.1033075745E9	59.44264602392681
3.103308662E9	0.0
3.1033097485E9	0.0
3.103310834E9	0.0
3.1033119185E9	0.0
3.1033130025E9	41.01408246225319
3.1033140865E9	0.0
3.1033151705E9	47.67366211962224
3.103316254E9	0.0
3.103317337E9	55.91836734693877
3.1033184195E9	58.35164835164835
3.1033195015E9	58.063576801747146
3.103320583E9	52.91384317521781
3.103321664E9	57.24008448720957
3.103322744E9	58.35872825434913
3.1033238215E9	58.16144975288303
3.1033248965E9	53.38096348096348
3.10332597E9	29.52082462738543
3.103327043E9	1.854341736694678
3.103328115E9	58.527901403628896
3.103329185E9	0.0
3.103330253E9	0.0
3.10333132E9	0.0
3.103332387E9	0.0
3.1033334535E9	0.0
3.103334519E9	0.0
3.103335584E9	0.0
3.103336649E9	58.21153846153846
3.103337714E9	0.0
3.103338779E9	43.0647795318454
3.1033398435E9	57.74834437086093
3.1033409075E9	14.097019941743222
3.1033419715E9	0.0
3.103343035E9	0.0
3.1033440975E9	0.0
3.1033451595E9	59.14953933380581
3.1033462215E9	0.0
3.103347283E9	56.15388937126513
3.1033483435E9	58.26242952332137
3.103349402E9	58.890968647636875
3.103350459E9	0.0
3.1033515155E9	58.87788778877888
3.103352571E9	0.0
3.103353626E9	59.83516483516483
3.103354681E9	45.04132820293573
3.103355736E9	0.0
3.1033567905E9	0.0
3.103357843E9	54.05026656511805
3.1033588935E9	2.7126436781609193
3.1033599435E9	0.0
3.103360993E9	0.0
3.1033620415E9	55.333769633507856
3.103363089E9	0.0
3.1033641355E9	0.0
3.1033651815E9	0.0
3.1033662275E9	58.20386510041683
3.103367273E9	58.89773423147581
3.103368318E9	0.0
3.103369363E9	59.06522497384025
3.1033704075E9	0.0
3.1033714505E9	0.0
3.103372492E9	0.0
3.103373532E9	0.0
3.103374571E9	55.86772376382224
3.1033756095E9	0.0
3.1033766465E9	0.0
3.1033776825E9	0.0
3.103378718E9	59.37434827945777
3.103379753E9	8.8996138996139
3.103380787E9	1.0
3.1033818195E9	45.110779400789
3.103382851E9	0.0
3.103383882E9	56.67261663286004
3.103384913E9	58.142414860681114
3.103385942E9	36.01481481481481
3.103386969E9	0.0
3.1033879955E9	21.833641404805913
3.1033890215E9	0.0
3.1033900465E9	0.9436619718309859
3.1033910705E9	58.60021208907741
3.1033920935E9	47.38456001439626
3.1033931155E9	58.50704225352113
3.103394137E9	44.415348670021565
3.1033951575E9	0.0
3.103396177E9	0.0
3.1033971955E9	0.0
3.1033982135E9	37.3531581373905
3.1033992315E9	56.18549747048904
3.1034002485E9	0.0
3.1034012615E9	58.7047031611411
3.1034022715E9	59.05091297492498
3.103403281E9	50.63796971396523
3.1034042895E9	0.0
3.103405297E9	10.751262626262626
3.1034063035E9	0.0
3.103407309E9	0.0
3.103408314E9	0.0
3.1034093185E9	0.0
3.1034103225E9	0.0
3.103411326E9	0.0
3.103412329E9	29.90442477876106
3.103413332E9	58.492154611557595
3.103414335E9	57.8712220762155
3.1034153375E9	59.304697156983934
3.1034163395E9	0.0
3.1034173405E9	0.0
3.1034183405E9	28.45824175824176
3.1034230195E9	58.43828296621742
3.1034311645E9	20.809623090204255
3.1034385535E9	47.808856315164135
3.103444272E9	52.430613890838245
3.103448588E9	55.7832439430368
3.103452529E9	18.56912701386287
3.1034563265E9	56.681881640283
3.103460075E9	17.469540434627717
3.1034637975E9	47.34867516415604
3.103467461E9	39.02135006432102
3.103471038E9	55.93086397820809
3.1034745565E9	45.6110739818134
3.10347799E9	56.53108132456972
3.1034813295E9	56.17928672731675
3.103484605E9	42.90322234924264
3.1034878305E9	44.773923982388354
3.1034910465E9	50.326150731698945
3.1034942485E9	52.43176305810815
3.1034973905E9	51.244586894586895
3.10350048E9	57.72333452991651
3.1035035475E9	57.611982238517776
3.103506574E9	54.5530675405061
3.1035095785E9	53.869657514859895
3.10351256E9	21.186666666666667
3.1035155065E9	50.98753130217028
3.10351844E9	49.72087860272304
3.10352132E9	31.124128011506652
3.1035241305E9	53.38527113426474
3.103526902E9	0.0
3.103529649E9	38.61832106564949
3.103532388E9	33.08162404746845
3.1035351035E9	54.39448913845545
3.103537785E9	36.817840851495184
3.1035404345E9	52.57995642701525
3.1035429975E9	58.245152809727244
3.103545488E9	27.47136333057338
3.1035479665E9	56.79109539764435
3.1035504075E9	56.421004468414445
3.103552812E9	54.96759795007439
3.1035551875E9	49.23783884144077
3.103557535E9	55.3545392179282
3.1035598595E9	29.523791445203745
3.1035621585E9	49.55740944851963
3.103564445E9	36.142771445710856
3.103566722E9	53.823826220815874
3.103568983E9	40.53877551020408
3.103571211E9	48.92100270455738
3.1035734005E9	45.906451612903226
3.103575568E9	0.0
3.103577725E9	41.541430192962544
3.103579877E9	47.327091866588646
3.103582016E9	0.0
3.1035841385E9	39.404897159647405
3.103586253E9	59.07552870090635
3.1035883585E9	54.935116747858224
3.1035904405E9	51.29204633204633
3.1035925065E9	46.95405800633683
3.103594569E9	30.236263736263737
3.103596622E9	58.54112038140644
3.1035986655E9	52.782214369846876
3.1036007005E9	18.603279367804184
3.1036027275E9	31.18146509871615
3.10360474E9	0.0
3.1036067365E9	35.30856219709209
3.103608723E9	0.0
3.103610703E9	0.0
3.103612671E9	46.66103470857891
3.103614626E9	56.31702602869169
3.1036165745E9	0.952423698384201
3.1036185145E9	53.622014241146914
3.1036204485E9	55.63063993938142
3.1036223555E9	0.0
3.1036242355E9	33.62481644640235
3.1036261095E9	17.872064276885045
3.103627955E9	42.14978292329957
3.103629772E9	52.06079027355623
3.103631583E9	46.74271627073061
3.1036333895E9	54.1703056768559
3.10363519E9	52.0949686308279
3.103636984E9	0.0
3.10363877E9	4.429530201342282
3.1036405435E9	57.57981321223546
3.1036423085E9	12.414299706170421
3.103644062E9	0.0
3.103645804E9	44.198312934171355
3.103647529E9	57.742504409171076
3.1036492365E9	58.047493403693935
3.10365094E9	44.060102899906454
3.103652635E9	50.93638645307223
3.1036543025E9	0.0
3.103655946E9	54.719080830787554
3.103657586E9	0.0
3.1036592235E9	57.50493994575746
3.1036608575E9	36.601287159056085
3.103662488E9	43.365317919075146
3.103664114E9	0.0
3.1036657365E9	51.087148838465694
3.1036673585E9	31.134564141606393
3.103668979E9	58.83221476510067
3.1036705915E9	0.9810874704491725
3.103672191E9	0.0
3.1036737835E9	56.310480817768806
3.1036753585E9	22.399495181275814
3.10367691E9	51.004915553314845
3.1036784535E9	58.1737145341885
3.1036799945E9	56.92871931381248
3.103681529E9	58.70503597122302
3.1036830525E9	56.85089463220676
3.103684569E9	0.0
3.103686083E9	0.0
3.103687593E9	52.19913330581923
3.1036890985E9	55.96649281988998
3.1036906E9	35.251759947104354
3.103692097E9	1.05168986083499
3.103693592E9	0.0
3.1036950855E9	39.8981612446959
3.1036965775E9	56.6319513230508
3.103698068E9	15.865602129075183
3.103699555E9	18.64923076923077
3.103701039E9	51.70533759892238
3.103702517E9	0.0
3.1037039885E9	0.0
3.103705455E9	58.52116224386967
3.1037069165E9	51.914752424706485
3.1037083755E9	48.44
3.1037098325E9	45.73221515326779
3.103711287E9	0.0
3.103712735E9	48.54505494505494
3.103714177E9	21.20307048150733
3.1037156105E9	0.0
3.103717036E9	44.38370210469509
3.1037184575E9	52.2440855704698
3.103719873E9	36.30774111675127
3.103721286E9	0.0
3.1037226985E9	47.27959037866159
3.103724108E9	0.0
3.1037255145E9	31.52991452991453
3.1037269155E9	33.29766919404662
3.1037283085E9	0.0
3.1037296945E9	41.31307109699487
3.1037310735E9	27.234375
3.103732449E9	0.0
3.103733822E9	41.47946561108362
3.103735191E9	0.0
3.1037365565E9	53.78523642136297
3.1037379165E9	27.13622291021672
3.103739272E9	48.83374689826303
3.1037406255E9	54.28237467866324
3.1037419765E9	0.0
3.1037433245E9	39.686255773212295
3.10374467E9	36.796178343949045
3.1037460125E9	4.242914979757085
3.1037473475E9	0.0
3.103748677E9	0.0
3.1037500035E9	22.506457564575644
3.1037513235E9	48.91959906163361
3.103752635E9	58.255547054322875
3.1037539405E9	40.86834462729913
3.1037552445E9	54.592764967209646
3.103756548E9	0.9771689497716894
3.10375785E9	0.9466192170818505
3.1037591505E9	51.44586700565998
3.103760449E9	51.30863539445629
3.1037617455E9	0.0
3.1037630385E9	47.94388306994169
3.1037643255E9	33.75053214133674
3.1037656085E9	59.15343915343915
3.10376689E9	56.962025316455694
3.1037681705E9	0.0
3.10376945E9	0.0
3.1037707255E9	39.837636761487964
3.103771995E9	0.9935897435897436
3.103773262E9	0.0
3.1037745285E9	0.0
3.1037757935E9	33.79598145285935
3.1037770575E9	47.45580322828594
3.1037783215E9	0.0
3.103779585E9	0.0
3.103780841E9	58.0492760985522
3.1037820855E9	58.297872340425535
3.103783325E9	41.109578265867974
3.103784562E9	44.55258620689655
3.103785797E9	56.344621653902905
3.103787031E9	46.45945945945946
3.1037882635E9	0.0
3.1037894945E9	57.50769230769231
3.1037907225E9	48.92807221898661
3.103791947E9	0.0
3.1037931655E9	46.200260078023405
3.103794379E9	0.0
3.103795591E9	51.325357005017366
3.103796801E9	0.9868995633187773
3.1037980065E9	0.0
3.103799207E9	48.37092731829574
3.103800405E9	52.98862461220269
3.1038016E9	57.403047091412745
3.103802792E9	0.0
3.103803981E9	0.0
3.1038051675E9	40.735907590759076
3.1038063525E9	38.97211377579476
3.1038075365E9	14.899632802937576
3.1038087195E9	15.348726114649681
3.1038099E9	0.0
3.103811076E9	0.0
3.103812247E9	5.876106194690266
3.103813415E9	26.936719263642342
3.1038145815E9	48.77445255474453
3.103815747E9	0.0
3.1038169115E9	0.0
3.103818075E9	0.0
3.1038192355E9	49.341492971400875
3.1038203935E9	0.0
3.103821551E9	0.0
3.103822708E9	28.86185967467832
3.103823865E9	42.985918173168415
3.103825021E9	0.0
3.1038261755E9	9.15435868961688
3.103827327E9	0.0
3.1038284755E9	11.641322314049587
3.1038296235E9	35.8902245006187
3.1038307705E9	12.70292504570384
3.1038319155E9	0.0
3.1038330575E9	44.49467376830892
3.1038341955E9	58.23635153129161
3.1038353305E9	0.0
3.103836464E9	42.360558435044304
3.103837595E9	47.522930648769574
3.103838723E9	42.74058577405858
3.10383985E9	0.0
3.1038409725E9	51.73978302868183
3.1038420865E9	59.22542204568024
3.1038431935E9	57.69434016748484
3.1038442975E9	56.88112760384183
3.1038454E9	54.26820338983051
3.1038464995E9	40.158357771260995
3.1038475965E9	0.0
3.1038486915E9	56.36490250696379
3.103849784E9	36.35961272475795
3.103850874E9	0.0
3.1038519615E9	0.0
3.103853047E9	14.927659202239328
3.1038541315E9	58.3859649122807
3.103855215E9	47.98938074215487
3.103856298E9	29.54182156133829
3.103857379E9	58.44897959183673
3.1038584565E9	0.0
3.103859529E9	58.54069223573433
3.1038605975E9	0.0
3.103861665E9	0.0
3.103862732E9	20.7306338028169
3.103863799E9	39.55014058106842
3.103864864E9	25.53160621761658
3.1038659265E9	35.05831903945111
3.103866987E9	47.18705855547961
3.1038680455E9	49.24491036159222
3.1038691035E9	2.06765899864682
3.10387016E9	5.4498714652956295
3.1038712145E9	33.26486486486486
3.1038722685E9	17.040951122853368
3.103873322E9	0.0
3.103874375E9	0.0
3.1038754275E9	55.82471388004475
3.103876479E9	53.25071496663489
3.103877529E9	57.14625445897741
3.103878577E9	0.0
3.1038796225E9	0.8421052631578947
3.103880666E9	54.16959873492785
3.103881709E9	47.923667317890036
3.1038827515E9	0.0
3.1038837935E9	0.8960396039603961
3.103884835E9	0.0
3.1038858755E9	38.326530612244895
3.103886915E9	0.0
3.1038879535E9	0.0
3.103888991E9	58.99159663865546
3.103890028E9	0.0
3.103891064E9	32.84367366878359
3.103892095E9	52.41628325665133
3.103893119E9	53.395422404168215
3.10389414E9	46.72589919945879
3.10389516E9	34.35769728331177
3.103896179E9	38.52242888402626
3.1038971965E9	0.0
3.1038982115E9	0.0
3.103899225E9	0.0
3.103900236E9	0.0
3.1039012445E9	0.0
3.103902252E9	0.0
3.1039032575E9	0.0
3.1039042615E9	0.0
3.103905265E9	53.01926919783043
3.103906267E9	33.79200846784864
3.1039072675E9	0.0
3.1039082675E9	0.0
3.1039092675E9	0.0
3.103918732E9	58.45750487015601
3.103932571E9	0.0
3.103941472E9	39.306985314189006
3.1039494115E9	58.18209337524741
3.1039572085E9	0.0
3.103963938E9	49.133825648414984
3.1039695055E9	34.3069614227503
3.103974766E9	0.0
3.1039797995E9	58.63777431412847
3.103984567E9	0.0
3.1039891115E9	0.0
3.1039934845E9	0.0
3.103997683E9	57.49766228246239
3.104001684E9	0.0
3.104005458E9	42.81945617609063
3.104009178E9	0.0
3.1040128475E9	0.0
3.104016433E9	0.0
3.104019926E9	0.0
3.104023359E9	0.0
3.104026758E9	0.0
3.1040301305E9	24.93529085189069
3.104033452E9	0.0
3.104036731E9	27.034407636752533
3.1040399985E9	0.0
3.104043259E9	53.05019478833002
3.1040464995E9	0.0
3.104049674E9	58.825562270148396
3.1040527925E9	0.0
3.1040558995E9	0.0
3.104058987E9	0.0
3.104062054E9	58.99441340782123
3.104065115E9	55.66326204915416
3.1040681395E9	58.524101599247416
3.1040711275E9	56.99921761011609
3.1040740845E9	0.0
3.1040770095E9	58.31819976312673
3.104079908E9	57.27725962353739
3.104082775E9	58.71761016669417
3.1040856295E9	51.31828185474691
3.104088461E9	47.77503062406886
3.10409126E9	58.57745112669751
3.1040940205E9	0.0
3.1040967325E9	57.83089199415577
3.1040994055E9	59.09303655936346
3.104102056E9	57.36045565500407
3.1041046865E9	0.0
3.104107298E9	58.87619797820664
3.104109892E9	46.62686332761847
3.1041124505E9	0.0
3.1041149735E9	0.0
3.1041174795E9	0.0
3.10411997E9	56.191417836662055
3.1041224495E9	57.85860555826426
3.104124925E9	0.0
3.104127395E9	54.308582159624414
3.1041298495E9	37.74909318323952
3.1041322855E9	0.0
3.104134709E9	0.0
3.1041371215E9	40.77605433580793
3.104139523E9	29.419269775479712
3.1041418965E9	55.668864441262905
3.104144241E9	19.28693263536461
3.1041465705E9	57.46871885726941
3.104148885E9	56.25099206349206
3.1041511915E9	5.54655056932351
3.1041534905E9	57.29260066417601
3.104155772E9	58.77358490566038
3.10415804E9	57.089151334582425
3.1041603025E9	0.0
3.1041625525E9	56.026969597907815
3.1041647915E9	53.640137648264755
3.1041670245E9	57.281967090080116
3.104169246E9	0.0
3.104171456E9	0.0
3.104173654E9	6.057200727033664
3.104175845E9	59.04421461789408
3.1041780355E9	0.0
3.1041802225E9	57.005932409433505
3.1041823975E9	26.567274632600615
3.104184563E9	32.145050390882545
3.1041867265E9	0.0
3.1041888805E9	35.80081252240411
3.1041910115E9	56.12061467091911
3.1041931255E9	0.0
3.1041952355E9	12.471993052540165
3.1041973425E9	56.03193427264954
3.1041994485E9	0.0
3.1042015545E9	30.19104436947585
3.104203656E9	0.0
3.104205745E9	57.42685228881548
3.1042078145E9	57.97238972726438
3.104209871E9	55.757795847477695
3.1042119255E9	59.0584662110858
3.104213971E9	57.501805054151625
3.1042160055E9	0.0
3.1042180375E9	51.343091430914306
3.1042200635E9	0.0
3.1042220825E9	0.9143179255918827
3.1042240985E9	59.35160008366451
3.104226106E9	0.0
3.104228107E9	52.32518368381049
3.104230103E9	0.0
3.1042320935E9	0.0
3.10423408E9	9.861242685984955
3.104236062E9	58.76768834144944
3.104238043E9	0.0
3.104240023E9	54.69971797535995
3.104241994E9	52.16482386217537
3.1042439415E9	0.0
3.104245872E9	58.66187050359712
3.104247777E9	57.154678548695095
3.1042496545E9	57.2295907511171
3.104251516E9	0.0
3.104253365E9	31.944220788669544
3.104255206E9	57.35926305015353
3.1042570385E9	52.06225622562256
3.1042588675E9	41.2662754899542
3.1042606875E9	13.35187016723611
3.1042625015E9	59.11374110332415
3.104264304E9	57.0652557319224
3.104266094E9	0.0
3.1042678815E9	0.0
3.1042696635E9	0.0
3.1042714405E9	21.554217881798284
3.1042732095E9	55.786813186813184
3.1042749695E9	0.0
3.104276727E9	0.0
3.1042784825E9	0.0
3.1042802355E9	58.66354124515868
3.104281987E9	39.5613731846902
3.104283737E9	59.446284902981546
3.1042854805E9	0.0
3.104287214E9	21.312766696691632
3.1042889415E9	49.941342602650444
3.1042906625E9	58.871201157742405
3.1042923765E9	57.23979298447384
3.104294088E9	29.85394452768661
3.104295795E9	0.0
3.1042974975E9	57.66222244753118
3.104299198E9	7.951933436096332
3.1043008905E9	50.957793338233586
3.1043025755E9	41.87385400151651
3.1043042575E9	57.25785701157876
3.1043059365E9	56.54512851165571
3.1043076145E9	0.0
3.104309292E9	55.08783940589464
3.1043109685E9	58.715093369881785
3.1043126425E9	36.09973666016334
3.104314313E9	0.0
3.1043159815E9	0.0
3.104317647E9	0.0
3.1043193085E9	0.0
3.1043209685E9	54.821598154931486
3.1043226275E9	58.59510086455332
3.1043242845E9	29.31588378343786
3.1043259405E9	52.46098720782265
3.1043275945E9	0.0
3.104329244E9	0.0
3.10433089E9	44.434519442406454
3.104332533E9	40.78141181097201
3.1043341725E9	6.180094786729858
3.104335808E9	58.75828069634879
3.1043374375E9	54.24179523141655
3.1043390575E9	0.0
3.1043406705E9	0.0
3.104342279E9	0.0
3.104343883E9	43.2349419124218
3.104345484E9	58.60536612632756
3.104347078E9	0.0
3.1043486665E9	57.78737563861253
3.104350253E9	0.0
3.1043518375E9	56.04181600955795
3.1043534215E9	51.197681374926454
3.1043550035E9	0.0
3.1043565795E9	0.0
3.1043581505E9	53.44032162141473
3.10435972E9	58.95211267605634
3.1043612885E9	51.5450098340814
3.104362856E9	0.0
3.104364422E9	50.64234244040492
3.104365984E9	44.37866191607284
3.104367543E9	16.21795855717575
3.1043691005E9	0.0
3.1043706555E9	50.75109282591926
3.104372207E9	0.0
3.1043737525E9	58.78841088674276
3.104375294E9	50.27630057803468
3.1043768335E9	0.0
3.104378371E9	40.48911100276288
3.104379907E9	0.0
3.1043814395E9	57.95148247978437
3.1043829685E9	0.0
3.1043844935E9	57.530425270067006
3.1043860115E9	0.0
3.104387523E9	59.44580848824974
3.104389031E9	7.3870042572260814
3.1043905345E9	45.369436562626674
3.104392034E9	0.0
3.104393533E9	0.0
3.104395031E9	52.070922761449076
3.1043965275E9	59.51276102088167
3.1043980195E9	54.767327133036794
3.1043995065E9	48.026869158878505
3.104400992E9	0.0
3.104402475E9	49.91883116883117
3.104403955E9	56.58867571361722
3.1044054305E9	57.022619673855864
3.1044069025E9	53.14900080888586
3.1044083735E9	58.06658130601792
3.1044098415E9	59.38019898874572
3.104411307E9	0.0
3.10441277E9	0.0
3.1044142295E9	58.94934615962723
3.104415687E9	22.612605145207834
3.1044171395E9	31.891373801916934
3.104418587E9	0.0
3.1044200325E9	21.538997961592102
3.104421476E9	50.374180387585604
3.104422919E9	0.0
3.1044243595E9	48.74478330658106
3.1044257945E9	17.659704841632866
3.1044272255E9	0.8954545454545455
3.1044286555E9	0.0
3.104430085E9	0.0
3.104431514E9	0.0
3.104432943E9	59.126808057502885
3.1044343705E9	0.0
3.1044357965E9	17.860031104199066
3.1044372195E9	58.68658088235294
3.1044386375E9	57.58246346555324
3.1044400535E9	0.0
3.104441469E9	46.17145688800793
3.104442884E9	19.952392934427053
3.1044442985E9	0.0
3.104445712E9	0.0
3.1044471235E9	0.0
3.104448531E9	58.97769516728624
3.1044499345E9	58.981417158735674
3.1044513345E9	3.837696335078534
3.104452732E9	0.8961625282167043
3.104454128E9	0.0
3.1044555215E9	0.0
3.1044569115E9	42.92247948417351
3.1044582985E9	0.0
3.1044596825E9	6.731218697829716
3.104461064E9	56.20806599450046
3.104462444E9	56.36212624584718
3.1044638215E9	29.64625018476961
3.1044651965E9	39.27915126935116
3.1044665705E9	58.07514831905076
3.104467944E9	0.9444444444444444
3.104469317E9	0.0
3.1044706895E9	58.4159366374655
3.1044720605E9	0.0
3.104473429E9	4.230769230769231
3.104474795E9	0.0
3.1044761595E9	56.75937904269082
3.104477522E9	53.494218200100555
3.104478883E9	0.0
3.104480241E9	0.0
3.104481596E9	0.0
3.1044829505E9	0.0
3.104484304E9	48.061495110227085
3.104485655E9	27.087473757872637
3.104487002E9	0.0
3.1044883465E9	0.0
3.10448969E9	0.0
3.1044910305E9	15.131090487238978
3.1044923685E9	59.26229508196721
3.1044937065E9	0.0
3.1044950435E9	0.0
3.104496378E9	40.455855621916385
3.104497711E9	0.0
3.1044990435E9	0.0
3.1045003715E9	56.22530962210225
3.104501695E9	59.16072556628463
3.104503018E9	46.97065101387407
3.1045043395E9	0.0
3.1045056595E9	0.0
3.104506978E9	0.0
3.1045082945E9	0.0
3.1045096045E9	44.919398529493066
3.1045109085E9	0.0
3.104512212E9	54.7031317031317
3.1045135145E9	0.0
3.104514816E9	0.0
3.1045161165E9	58.51282051282051
3.1045174155E9	35.9184464347227
3.104518713E9	0.0
3.104520009E9	0.0
3.1045212985E9	0.0
3.104522582E9	29.546794859662736
3.104523865E9	43.42272630909476
3.104525146E9	58.169606732480986
3.1045264245E9	0.0
3.104527699E9	23.803541442141405
3.10452897E9	0.0
3.1045302395E9	0.0
3.1045315055E9	48.15780141843972
3.104532769E9	56.03853259435207
3.1045340315E9	57.88958701485699
3.104535293E9	18.779316712834717
3.1045365535E9	58.521804408653516
3.104537813E9	0.8963474827245804
3.104539072E9	0.0
3.1045403305E9	0.0
3.1045415875E9	56.74345759989291
3.104542842E9	48.2906200317965
3.1045440925E9	0.0
3.1045453405E9	0.0
3.1045465875E9	0.0
3.1045478335E9	0.0
3.1045490785E9	0.0
3.1045503195E9	58.633615654205606
3.1045515575E9	0.0
3.1045527945E9	59.541836954183694
3.1045540295E9	55.522703273495246
3.1045552635E9	0.0
3.104556496E9	37.625
3.104557727E9	0.0
3.1045589575E9	58.3664284498894
3.1045601875E9	16.0140607424072
3.1045614165E9	54.07212048363148
3.104562644E9	54.31906614785992
3.1045638685E9	0.0
3.1045650905E9	1.9464919464919466
3.104566312E9	40.457571964956195
3.104567533E9	47.37339901477832
3.1045687535E9	47.21004266491631
3.1045699725E9	15.734566525518163
3.1045711905E9	2.787878787878788
3.1045724075E9	57.62740899357602
3.1045736235E9	40.41886269070735
3.1045748375E9	57.37077483099324
3.1045760485E9	5.2824775439066896
3.104577258E9	0.0
3.1045784665E9	58.057205240174675
3.1045796745E9	0.0
3.1045808815E9	0.0
3.104582087E9	0.0
3.104583292E9	0.0
3.1045844955E9	58.402662229617306
3.1045856965E9	0.0
3.104586896E9	0.0
3.1045880945E9	58.26332970620239
3.1045892925E9	0.0
3.1045904905E9	12.802867902665122
3.104591687E9	53.22414156309248
3.1045928815E9	48.78603019673631
3.104594074E9	0.0
3.104595264E9	8.54678271681691
3.1045964525E9	58.8926055645193
3.1045976365E9	44.110456553755526
3.1045988165E9	59.14237668161435
3.104599996E9	0.0
3.1046011715E9	26.306353003721426
3.1046023415E9	0.0
3.1046035085E9	24.457222029788706
3.10460467E9	0.0
3.1046058265E9	57.54701553556828
3.1046069825E9	58.89695869269178
3.104608138E9	57.92643132601602
3.1046092925E9	59.636048526863085
3.1046104465E9	59.40924115619945
3.104611598E9	56.282818977429756
3.104612744E9	0.0
3.104613887E9	59.20783645655877
3.1046150285E9	59.18478260869565
3.104616167E9	31.021628498727736
3.104617303E9	6.147956544231764
3.104618438E9	12.47298517085751
3.104619573E9	0.0
3.104620704E9	53.532188841201716
3.104621831E9	52.94153804125119
3.1046229575E9	55.69361682607399
3.104624082E9	31.31828730563936
3.104625205E9	57.941448382126346
3.104626328E9	0.0
3.1046274505E9	46.27554963357761
3.1046285725E9	59.358589647411854
3.104629694E9	53.72090608777725
3.104630815E9	17.90742554858934
3.104631935E9	0.9212504946576969
3.104633054E9	0.0
3.104634173E9	57.44814912050407
3.1046352915E9	43.51726940268183
3.104636408E9	0.0
3.1046375185E9	46.869643500180054
3.1046386245E9	56.33794944523233
3.1046397295E9	0.0
3.1046408325E9	0.0
3.104641934E9	57.0507399577167
3.1046430335E9	29.29523141654979
3.1046441315E9	0.0
3.1046452285E9	0.0
3.1046463245E9	0.0
3.10464742E9	51.61329305135952
3.104648514E9	58.56987678842991
3.1046496055E9	2.6822625698324023
3.104650695E9	0.0
3.104651783E9	0.0
3.10465287E9	0.0
3.104653956E9	57.92474877307782
3.104655041E9	58.94406345534165
3.104656126E9	5.820031923383879
3.10465721E9	9.4616
3.1046582915E9	58.412945919221116
3.1046593715E9	9.345125107851596
3.104660451E9	47.45662586482172
3.10466153E9	0.0
3.104662609E9	30.7018156424581
3.104663686E9	36.460461689587426
3.1046647605E9	56.134747864425464
3.104665834E9	0.0
3.1046669055E9	1.8611971104231166
3.1046679745E9	32.72184226473898
3.104669042E9	57.32876712328767
3.1046701085E9	0.0
3.1046711745E9	0.0
3.1046722405E9	45.26390051917602
3.104673305E9	0.0
3.104674368E9	33.4967458755865
3.104675431E9	23.929706609134126
3.1046764935E9	10.662188636999721
3.1046775535E9	0.0
3.1046786105E9	57.50703182827535
3.1046796645E9	59.55193482688391
3.104680716E9	41.46856205576818
3.104681767E9	1.808857808857809
3.1046828175E9	0.0
3.1046838665E9	36.03947368421053
3.1046849135E9	0.0
3.1046859595E9	11.313822284908321
3.104687005E9	0.0
3.104688049E9	5.261734287987271
3.1046890895E9	58.092485549132945
3.1046901265E9	58.85231316725979
3.104691162E9	0.0
3.104692197E9	57.3511942871214
3.104693232E9	53.98085137722787
3.104694266E9	57.73932729624838
3.1046952985E9	1.2800908402725208
3.10469633E9	13.384858044164037
3.1046973585E9	50.03865735051438
3.1046983845E9	57.03000566144556
3.1046994105E9	0.0
3.104700435E9	47.8579942990412
3.1047014575E9	58.00227014755959
3.1047024785E9	6.375796178343949
3.1047034985E9	22.269113149847094
3.1047045185E9	58.337590882295146
3.104705538E9	0.0
3.1047065565E9	32.873396467190545
3.1047075745E9	50.71666666666667
3.104708592E9	0.0
3.104709608E9	58.14479383924274
3.104710623E9	0.0
3.104711638E9	7.413986727922409
3.1047126525E9	59.43595769682726
3.1047136665E9	0.0
3.10471468E9	0.0
3.104715693E9	6.041314086610254
3.104716706E9	59.09814323607427
3.1047177185E9	54.15130485778516
3.10471873E9	9.141072740631888
3.104719741E9	0.0
3.104720751E9	33.234919301193855
3.1047217595E9	0.0
3.1047227675E9	0.9654255319148937
3.104723775E9	0.0
3.104724782E9	2.822463768115942
3.104725789E9	19.392017754493196
3.1047267955E9	0.0
3.104727801E9	0.0
3.104728805E9	0.9286926994906621
3.104729807E9	57.92057159869009
3.1047308075E9	0.0
3.104740963E9	0.0
3.104756475E9	49.65339242950002
3.104767963E9	54.526652791158455
3.104778484E9	58.03865207967799
3.1047881575E9	31.70135349112589
3.1047976135E9	50.3724944296146
3.1048068795E9	45.09879581228068
3.1048160235E9	57.658993771414444
3.104824959E9	42.050322860107386
3.1048336895E9	44.90574541048016
3.1048423175E9	27.538906843768867
3.1048506295E9	53.60013843240168
3.104858538E9	57.21474983272619
3.10486621E9	20.819647217624542
3.104873738E9	3.8584729981378025
3.104881204E9	44.77397197896745
3.1048886055E9	54.18617580237057
3.104895888E9	49.44598721180016
3.1049030315E9	46.49462149575381
3.1049100215E9	49.26556808578839
3.104916928E9	16.81533813564707
3.1049238165E9	50.00379497942051
3.104930685E9	50.487054573320925
3.1049375335E9	57.57514844194219
3.1049443175E9	9.70979968813722
3.1049510255E9	55.78130028869857
3.104957646E9	56.033094696578104
3.1049641205E9	8.596376984852533
3.104970491E9	8.201171235120674
3.104976811E9	55.90137299153906
3.1049830915E9	38.19906201517286
3.104989311E9	42.576687021959046
3.104995483E9	37.431644469439405
3.1050016285E9	41.085693071841874
3.105007741E9	41.97802554665512
3.105013843E9	50.441693159599396
3.105019839E9	49.24474828147426
3.1050257E9	44.47364033346566
3.105031511E9	42.83457954355226
3.1050372955E9	0.0
3.105043063E9	44.28171732769831
3.1050488005E9	58.771848605859276
3.1050545125E9	55.56367788113944
3.1050601615E9	39.57026969330392
3.1050657395E9	55.65745494081779
3.1050713015E9	40.36413568194984
3.1050767895E9	38.667568034522525
3.105082186E9	56.80790082205724
3.1050875235E9	58.13653389365978
3.105092801E9	53.05978056736187
3.105098007E9	52.15539731518844
3.1051031505E9	51.89511791031931
3.1051082045E9	57.44105284916971
3.105113172E9	59.05204460966543
3.105118124E9	53.340389494928516
3.105123046E9	55.140845450376325
3.105127928E9	0.0
3.105132784E9	52.59737407853557
3.1051375455E9	41.001857511355354
3.105142205E9	49.356148157147416
3.1051468215E9	36.45121524165267
3.105151389E9	43.76421746816837
3.1051559265E9	28.96560505285731
3.105160444E9	54.90155206406281
3.105164943E9	58.27584216601952
3.1051694125E9	0.0
3.1051738415E9	51.15598368704353
3.105178253E9	36.46331275939129
3.1051826085E9	44.3632102728732
3.1051869095E9	57.32876014822777
3.105191198E9	54.728028434923324
3.105195423E9	35.618454571185964
3.105199594E9	38.53081193944858
3.1052037465E9	15.956129433727442
3.105207865E9	41.13849292636439
3.10521196E9	58.89845874886673
3.105216012E9	56.838764601069094
3.1052200195E9	0.0
3.105224006E9	38.39662119564721
3.1052278585E9	57.237214052287584
3.105231579E9	56.081315568755244
3.1052352765E9	32.37818531580635
3.1052389575E9	55.12576984655658
3.105242632E9	6.316234498308907
3.1052463045E9	45.65735392135081
3.105249957E9	42.95089499025986
3.10525359E9	53.64869008800891
3.105257213E9	10.91971801144134
3.105260822E9	35.142663599987394
3.1052644205E9	44.237032584786945
3.1052680095E9	35.77671870438113
3.1052715945E9	13.64026186579378
3.105275175E9	52.13590915813095
3.105278732E9	58.4676343664182
3.1052822555E9	37.222538215428365
3.105285765E9	54.00979911807937
3.1052892635E9	50.35281357662371
3.105292744E9	12.820069204152249
3.105296203E9	57.88018433179724
3.105299639E9	59.2722023645862
3.10530305E9	48.970023844669015
3.105306431E9	54.287897484575225
3.105309783E9	53.55643197596104
3.1053131135E9	53.64617691154423
3.105316433E9	57.344443421416074
3.105319747E9	50.63748810656518
3.105323045E9	44.16407982261641
3.1053263115E9	0.0
3.10532956E9	9.809335443037975
3.105332802E9	57.06227606441232
3.105336038E9	0.0
3.1053392555E9	52.44412552621508
3.105342453E9	58.188473300561746
3.105345638E9	29.1265215523414
3.1053488045E9	57.00757114263337
3.105351955E9	44.63765169049731
3.105355096E9	58.191410237713285
3.1053582345E9	56.23481205910223
3.1053613715E9	0.9744245524296675
3.1053645055E9	56.11044417767107
3.1053676375E9	52.84898760750322
3.105370751E9	0.989031950405341
3.1053738455E9	54.99002853026751
3.105376939E9	46.303358873841766
3.105380015E9	0.9823434991974318
3.105383037E9	53.107875521557716
3.105386017E9	0.9861291720849589
3.105388988E9	53.20939730544768
3.105391952E9	0.0
3.10539491E9	55.59920411879764
3.105397855E9	51.71990377310711
3.105400789E9	15.91700947568451
3.10540371E9	0.0
3.1054066165E9	34.41812719078618
3.1054095145E9	55.954073430371494
3.1054124035E9	42.617759501557636
3.105415289E9	15.5392035617116
3.1054181705E9	15.982309124767225
3.105421047E9	40.37352509308302
3.105423915E9	53.27852268286084
3.1054267735E9	23.330946450809463
3.1054296205E9	34.041668336071154
3.10543244E9	34.207118120749364
3.105435239E9	54.45892095691235
3.1054380315E9	51.926339794754846
3.105440812E9	39.98950513252643
3.105443576E9	59.71230982019364
3.1054463305E9	53.66585403016913
3.105449079E9	57.65970831601617
3.105451813E9	42.074059583030575
3.1054545365E9	55.44405255751905
3.1054572385E9	34.52584078564767
3.105459914E9	38.93814432989691
3.10546258E9	24.51164806996381
3.1054652375E9	40.65126535650997
3.105467887E9	57.71078125250196
3.105470528E9	50.809725630158376
3.105473162E9	0.7789648952407382
3.105475793E9	41.489505217632825
3.1054784135E9	33.1145668260552
3.105481019E9	22.531400966183575
3.1054836015E9	51.56793599560485
3.1054861625E9	50.33217168011739
3.105488716E9	57.6983664286413
3.105491267E9	22.929159465506537
3.1054938115E9	55.961713927900526
3.1054963495E9	17.97246917120734
3.105498881E9	0.9332712600869025
3.1055013925E9	50.78947368421053
3.1055038895E9	0.0
3.105506379E9	40.08619555204632
3.105508858E9	50.13005762438813
3.10551133E9	59.46820164518892
3.105513792E9	58.017526688366374
3.1055162415E9	0.0
3.105518682E9	38.55370489552495
3.105521118E9	48.09966896493559
3.105523549E9	53.85205158651626
3.105525972E9	58.5508979790784
3.105528388E9	34.339995866670606
3.1055308005E9	36.18492521647862
3.1055332065E9	48.896808983552056
3.105535606E9	47.47037320544264
3.1055380035E9	52.376065946560544
3.105540398E9	30.503104797550186
3.1055427875E9	56.21907619313424
3.1055451725E9	0.0
3.1055475555E9	39.66751785887449
3.1055499375E9	53.676322589419286
3.105552312E9	43.81812966150316
3.1055546785E9	58.60933211344922
3.1055570425E9	52.74914361360938
3.105559404E9	50.01892308300083
3.105561761E9	53.4449037744624
3.105564112E9	21.95571082736707
3.1055664605E9	51.97019400352734
3.1055688045E9	37.99882437812275
3.105571144E9	49.914132379248656
3.1055734815E9	50.23869273416983
3.105575816E9	36.823013433712056
3.1055781475E9	0.0
3.105580476E9	54.121625228798045
3.1055827985E9	49.95065950170982
3.105585104E9	52.69441921485518
3.1055873965E9	58.36406171670473
3.105589686E9	46.25202678886147
3.1055919665E9	39.49842990777774
3.1055942405E9	48.31140635126377
3.105596511E9	57.07974803898265
3.1055987745E9	43.16171688705831
3.105601033E9	25.51516565562296
3.1056032815E9	50.87366821443647
3.105605521E9	33.58043275997805
3.1056077565E9	27.584378437843785
3.1056099875E9	43.17431151036704
3.1056122175E9	0.0
3.1056144435E9	0.0
3.1056166625E9	0.9878183831672204
3.1056188775E9	24.64301173254357
3.1056210895E9	14.12565775626184
3.105623296E9	5.886003521126761
3.105625496E9	32.091360670108116
3.1056276925E9	38.29319221967963
3.1056298885E9	58.1963733992457
3.105632076E9	46.99283682178419
3.1056342545E9	34.81460144548026
3.1056364325E9	32.02014410012216
3.1056386075E9	0.0
3.1056407785E9	50.333894531037856
3.105642947E9	36.09782608695652
3.105645114E9	0.0
3.105647276E9	40.357400848616614
3.105649431E9	40.37645205749163
3.105651583E9	0.0
3.105653732E9	58.89204868615629
3.105655878E9	35.62917245613468
3.1056580215E9	53.107500676956406
3.1056601635E9	44.5323783048244
3.1056623025E9	29.490022388030745
3.1056644355E9	44.16648497039118
3.1056665645E9	39.03092625669814
3.1056686915E9	54.09414210128496
3.1056708175E9	0.0
3.10567294E9	47.77710766072116
3.105675053E9	38.64896766965429
3.105677152E9	55.06086047564516
3.105679241E9	29.602936843255883
3.1056813275E9	42.10861908332765
3.105683412E9	51.727405820389215
3.105685491E9	21.320506663465
3.105687566E9	52.06304539268273
3.1056896395E9	28.626693291596958
3.1056917095E9	26.199081636721335
3.105693777E9	0.893048128342246
3.105695838E9	0.9846860643185299
3.105697891E9	52.576862621817035
3.1056999415E9	43.86300114994055
3.105701983E9	49.91560811285002
3.1057040115E9	54.23278399395307
3.1057060315E9	22.073170731707318
3.105708045E9	38.47003775190089
3.105710055E9	30.156501851448485
3.105712061E9	32.05340175467638
3.105714063E9	34.15206910405785
